#            n        P[xf,n]        P[sf,n]        P[xf|n]        P[sf|n]     P[xf,n|sf]     P[sf,n|xf]  
  0.000000e+00   0.000000e+00   0.000000e+00   0.000000e+00   0.000000e+00   0.000000e+00   0.000000e+00
  1.000000e+00   1.259033e-02   5.113244e-02   1.258912e-02   5.112911e-02   3.474673e-01   1.916145e-01
  2.000000e+00   2.079756e-02   5.405193e-02   2.106077e-02   5.696098e-02   2.717041e-02   1.483794e-01
  3.000000e+00   2.648020e-02   5.398195e-02   2.739234e-02   6.032354e-02   2.654975e-02   1.151082e-01
  4.000000e+00   3.020869e-02   5.220093e-02   3.212949e-02   6.207832e-02   2.577246e-02   8.979353e-02
  5.000000e+00   3.248132e-02   4.951564e-02   3.569358e-02   6.278257e-02   2.490328e-02   7.038578e-02
  6.000000e+00   3.361204e-02   4.640447e-02   3.830345e-02   6.277952e-02   2.398726e-02   5.548931e-02
  7.000000e+00   3.391901e-02   4.324766e-02   4.019295e-02   6.242819e-02   2.303302e-02   4.415723e-02
  8.000000e+00   3.369208e-02   4.015563e-02   4.159607e-02   6.182464e-02   2.208186e-02   3.540601e-02
  9.000000e+00   3.301799e-02   3.724160e-02   4.253321e-02   6.111690e-02   2.113238e-02   2.873854e-02
  1.000000e+01   3.215231e-02   3.459718e-02   4.325812e-02   6.047335e-02   2.021148e-02   2.350973e-02
  1.100000e+01   3.109319e-02   3.214228e-02   4.372480e-02   5.979885e-02   1.932006e-02   1.946419e-02
  1.200000e+01   2.990425e-02   2.991338e-02   4.397585e-02   5.919192e-02   1.843767e-02   1.635001e-02
  1.300000e+01   2.875761e-02   2.785820e-02   4.423509e-02   5.859371e-02   1.762123e-02   1.385593e-02
  1.400000e+01   2.752456e-02   2.602363e-02   4.429813e-02   5.814205e-02   1.681605e-02   1.191751e-02
  1.500000e+01   2.634765e-02   2.434803e-02   4.436966e-02   5.775673e-02   1.606099e-02   1.035309e-02
  1.600000e+01   2.518572e-02   2.279801e-02   4.438236e-02   5.739503e-02   1.533074e-02   9.094121e-03
  1.700000e+01   2.403582e-02   2.136098e-02   4.432334e-02   5.705195e-02   1.465314e-02   8.090089e-03
  1.800000e+01   2.297733e-02   2.003964e-02   4.433674e-02   5.676139e-02   1.397616e-02   7.231962e-03
  1.900000e+01   2.195333e-02   1.885260e-02   4.432629e-02   5.661277e-02   1.334383e-02   6.544255e-03
  2.000000e+01   2.094079e-02   1.769913e-02   4.424315e-02   5.633869e-02   1.275504e-02   5.951022e-03
  2.100000e+01   1.998453e-02   1.661876e-02   4.417749e-02   5.605820e-02   1.217635e-02   5.423189e-03
  2.200000e+01   1.908295e-02   1.564140e-02   4.413439e-02   5.589493e-02   1.162100e-02   5.009861e-03
  2.300000e+01   1.820646e-02   1.473741e-02   4.405163e-02   5.578268e-02   1.110029e-02   4.627663e-03
  2.400000e+01   1.738828e-02   1.386301e-02   4.401093e-02   5.557323e-02   1.061156e-02   4.290269e-03
  2.500000e+01   1.660139e-02   1.307456e-02   4.395386e-02   5.549684e-02   1.013294e-02   3.986251e-03
  2.600000e+01   1.585418e-02   1.233096e-02   4.390551e-02   5.541616e-02   9.688994e-03   3.729122e-03
  2.700000e+01   1.511767e-02   1.159489e-02   4.378860e-02   5.516544e-02   9.252387e-03   3.491380e-03
  2.800000e+01   1.442624e-02   1.092638e-02   4.369955e-02   5.502027e-02   8.837049e-03   3.253305e-03
  2.900000e+01   1.379076e-02   1.033213e-02   4.368366e-02   5.505736e-02   8.448860e-03   3.069059e-03
  3.000000e+01   1.319906e-02   9.742063e-03   4.371939e-02   5.493800e-02   8.078145e-03   2.876283e-03
  3.100000e+01   1.257906e-02   9.172042e-03   4.357088e-02   5.473049e-02   7.719348e-03   2.700819e-03
  3.200000e+01   1.202335e-02   8.678602e-03   4.354339e-02   5.478468e-02   7.376670e-03   2.545123e-03
  3.300000e+01   1.147086e-02   8.163004e-03   4.343391e-02   5.451679e-02   7.050603e-03   2.393275e-03
  3.400000e+01   1.098154e-02   7.722204e-03   4.346932e-02   5.454683e-02   6.741822e-03   2.262848e-03
  3.500000e+01   1.050735e-02   7.302734e-03   4.348266e-02   5.456014e-02   6.445401e-03   2.138090e-03
  3.600000e+01   1.001046e-02   6.877096e-03   4.330976e-02   5.434540e-02   6.161816e-03   2.000271e-03
  3.700000e+01   9.573954e-03   6.498969e-03   4.329656e-02   5.430891e-02   5.887740e-03   1.896460e-03
  3.800000e+01   9.159900e-03   6.136664e-03   4.329889e-02   5.422640e-02   5.632059e-03   1.788461e-03
  3.900000e+01   8.760793e-03   5.795267e-03   4.328673e-02   5.414600e-02   5.386882e-03   1.688618e-03
  4.000000e+01   8.371344e-03   5.471945e-03   4.323412e-02   5.405212e-02   5.156556e-03   1.586258e-03
  4.100000e+01   7.995100e-03   5.176304e-03   4.315704e-02   5.405370e-02   4.927854e-03   1.504846e-03
  4.200000e+01   7.643099e-03   4.882530e-03   4.311797e-02   5.389968e-02   4.715624e-03   1.419566e-03
  4.300000e+01   7.302670e-03   4.624374e-03   4.305404e-02   5.395831e-02   4.515859e-03   1.346542e-03
  4.400000e+01   6.993403e-03   4.365281e-03   4.308589e-02   5.384054e-02   4.316579e-03   1.265129e-03
  4.500000e+01   6.681428e-03   4.117929e-03   4.301743e-02   5.368009e-02   4.128063e-03   1.193838e-03
  4.600000e+01   6.390814e-03   3.897654e-03   4.299609e-02   5.369100e-02   3.954190e-03   1.136223e-03
  4.700000e+01   6.110565e-03   3.675880e-03   4.295782e-02   5.350921e-02   3.778488e-03   1.068083e-03
  4.800000e+01   5.848223e-03   3.484617e-03   4.295918e-02   5.359297e-02   3.615247e-03   1.012059e-03
  4.900000e+01   5.599005e-03   3.295123e-03   4.297485e-02   5.354860e-02   3.461487e-03   9.546655e-04
  5.000000e+01   5.346061e-03   3.111375e-03   4.287613e-02   5.342342e-02   3.310567e-03   9.061039e-04
  5.100000e+01   5.118417e-03   2.940056e-03   4.288944e-02   5.333119e-02   3.171123e-03   8.562733e-04
  5.200000e+01   4.894016e-03   2.782982e-03   4.284697e-02   5.332613e-02   3.027022e-03   8.039049e-04
  5.300000e+01   4.682547e-03   2.637371e-03   4.283091e-02   5.338294e-02   2.897308e-03   7.656861e-04
  5.400000e+01   4.483930e-03   2.491865e-03   4.284961e-02   5.328232e-02   2.773403e-03   7.241741e-04
  5.500000e+01   4.281737e-03   2.353284e-03   4.274938e-02   5.315134e-02   2.653637e-03   6.824909e-04
  5.600000e+01   4.108985e-03   2.231440e-03   4.285685e-02   5.322880e-02   2.539964e-03   6.452288e-04
  5.700000e+01   3.922585e-03   2.109783e-03   4.274477e-02   5.315648e-02   2.434603e-03   6.132639e-04
  5.800000e+01   3.751112e-03   1.989612e-03   4.270165e-02   5.294322e-02   2.329867e-03   5.788317e-04
  5.900000e+01   3.592581e-03   1.882187e-03   4.272146e-02   5.288474e-02   2.227695e-03   5.464237e-04
  6.000000e+01   3.430232e-03   1.784457e-03   4.261146e-02   5.293860e-02   2.129992e-03   5.182153e-04
  6.100000e+01   3.277906e-03   1.680772e-03   4.253174e-02   5.265008e-02   2.043711e-03   4.884056e-04
  6.200000e+01   3.137111e-03   1.591542e-03   4.251320e-02   5.262588e-02   1.957755e-03   4.617280e-04
  6.300000e+01   3.004092e-03   1.511159e-03   4.251832e-02   5.274378e-02   1.876762e-03   4.353927e-04
  6.400000e+01   2.879151e-03   1.428875e-03   4.255969e-02   5.264894e-02   1.790152e-03   4.127635e-04
  6.500000e+01   2.760585e-03   1.357382e-03   4.262112e-02   5.279458e-02   1.716348e-03   3.935786e-04
  6.600000e+01   2.635644e-03   1.282432e-03   4.250387e-02   5.265985e-02   1.644302e-03   3.727017e-04
  6.700000e+01   2.515194e-03   1.212056e-03   4.236222e-02   5.253680e-02   1.574383e-03   3.508681e-04
  6.800000e+01   2.409097e-03   1.144392e-03   4.237034e-02   5.235464e-02   1.509239e-03   3.305150e-04
  6.900000e+01   2.302618e-03   1.083731e-03   4.228952e-02   5.231889e-02   1.443449e-03   3.137974e-04
  7.000000e+01   2.210480e-03   1.023915e-03   4.239020e-02   5.216035e-02   1.381806e-03   3.006046e-04
  7.100000e+01   2.110467e-03   9.733431e-04   4.226394e-02   5.231294e-02   1.323753e-03   2.839776e-04
  7.200000e+01   2.032662e-03   9.230206e-04   4.250230e-02   5.234693e-02   1.267418e-03   2.673809e-04
  7.300000e+01   1.933927e-03   8.668415e-04   4.223297e-02   5.187685e-02   1.210075e-03   2.503712e-04
  7.400000e+01   1.854511e-03   8.214111e-04   4.228465e-02   5.184806e-02   1.161352e-03   2.367957e-04
  7.500000e+01   1.769837e-03   7.774726e-04   4.213592e-02   5.175843e-02   1.113734e-03   2.252243e-04
  7.600000e+01   1.697259e-03   7.361571e-04   4.218569e-02   5.168323e-02   1.067784e-03   2.159591e-04
  7.700000e+01   1.625416e-03   7.024885e-04   4.217960e-02   5.200759e-02   1.018636e-03   2.049920e-04
  7.800000e+01   1.549253e-03   6.664398e-04   4.197369e-02   5.204580e-02   9.776284e-04   1.930278e-04
  7.900000e+01   1.486878e-03   6.252492e-04   4.204885e-02   5.151003e-02   9.361839e-04   1.796235e-04
  8.000000e+01   1.423909e-03   5.979368e-04   4.203583e-02   5.193544e-02   8.978063e-04   1.732588e-04
  8.100000e+01   1.364183e-03   5.607917e-04   4.204005e-02   5.137754e-02   8.619359e-04   1.634498e-04
  8.200000e+01   1.308928e-03   5.348811e-04   4.210765e-02   5.165793e-02   8.235490e-04   1.548392e-04
  8.300000e+01   1.244962e-03   5.038840e-04   4.181065e-02   5.131534e-02   7.917770e-04   1.446878e-04
  8.400000e+01   1.191078e-03   4.837189e-04   4.174665e-02   5.192689e-02   7.576389e-04   1.414047e-04
  8.500000e+01   1.146369e-03   4.547690e-04   4.193033e-02   5.149313e-02   7.262254e-04   1.322604e-04
  8.600000e+01   1.098799e-03   4.307665e-04   4.194956e-02   5.142355e-02   6.944719e-04   1.260668e-04
  8.700000e+01   1.048702e-03   4.095675e-04   4.179035e-02   5.154374e-02   6.664768e-04   1.182921e-04
  8.800000e+01   1.008898e-03   3.834626e-04   4.195785e-02   5.088143e-02   6.382828e-04   1.119575e-04
  8.900000e+01   9.606234e-04   3.634224e-04   4.170019e-02   5.080796e-02   6.129337e-04   1.051194e-04
  9.000000e+01   9.190267e-04   3.463869e-04   4.163072e-02   5.101868e-02   5.862801e-04   9.918772e-05
  9.100000e+01   8.834629e-04   3.277970e-04   4.175833e-02   5.087641e-02   5.643077e-04   9.570321e-05
  9.200000e+01   8.442733e-04   3.103173e-04   4.164526e-02   5.074547e-02   5.382739e-04   9.029517e-05
  9.300000e+01   8.086995e-04   2.961407e-04   4.162414e-02   5.101646e-02   5.166693e-04   8.660924e-05
  9.400000e+01   7.708697e-04   2.774259e-04   4.140058e-02   5.036197e-02   4.945004e-04   8.159396e-05
  9.500000e+01   7.433231e-04   2.668646e-04   4.164536e-02   5.101424e-02   4.741378e-04   7.733399e-05
  9.600000e+01   7.090385e-04   2.507242e-04   4.145102e-02   5.050545e-02   4.542771e-04   7.235900e-05
  9.700000e+01   6.830431e-04   2.379840e-04   4.165832e-02   5.048950e-02   4.351103e-04   6.815946e-05
  9.800000e+01   6.530793e-04   2.263401e-04   4.156245e-02   5.057258e-02   4.173682e-04   6.498714e-05
  9.900000e+01   6.265400e-04   2.154665e-04   4.160291e-02   5.070809e-02   4.001442e-04   6.274134e-05
  1.000000e+02   6.003128e-04   2.019422e-04   4.159194e-02   5.006425e-02   3.831908e-04   5.830010e-05
  1.010000e+02   5.706714e-04   1.919152e-04   4.125438e-02   5.008620e-02   3.692326e-04   5.595360e-05
  1.020000e+02   5.473349e-04   1.824016e-04   4.127018e-02   5.011372e-02   3.539699e-04   5.337546e-05
  1.030000e+02   5.257710e-04   1.749976e-04   4.135107e-02   5.061637e-02   3.387188e-04   5.123037e-05
  1.040000e+02   5.064935e-04   1.628195e-04   4.155343e-02   4.960530e-02   3.243697e-04   4.851125e-05
  1.050000e+02   4.794606e-04   1.561648e-04   4.104112e-02   5.006206e-02   3.115725e-04   4.535907e-05
  1.060000e+02   4.616133e-04   1.492188e-04   4.120467e-02   5.035641e-02   2.989072e-04   4.311327e-05
  1.070000e+02   4.413790e-04   1.399620e-04   4.109191e-02   4.973750e-02   2.873682e-04   4.180406e-05
  1.080000e+02   4.223029e-04   1.321555e-04   4.100102e-02   4.942196e-02   2.759704e-04   3.955827e-05
  1.090000e+02   4.022901e-04   1.269026e-04   4.072813e-02   4.992506e-02   2.630900e-04   3.557021e-05
  1.100000e+02   3.916542e-04   1.192349e-04   4.133502e-02   4.937360e-02   2.523281e-04   3.515731e-05
  1.110000e+02   3.718932e-04   1.147314e-04   4.094187e-02   4.997657e-02   2.419595e-04   3.438185e-05
  1.120000e+02   3.558790e-04   1.063212e-04   4.085167e-02   4.875007e-02   2.319517e-04   3.131025e-05
  1.130000e+02   3.478718e-04   1.026157e-04   4.163342e-02   4.946266e-02   2.235004e-04   2.906445e-05
  1.140000e+02   3.269224e-04   9.620393e-05   4.082600e-02   4.878547e-02   2.142512e-04   2.879254e-05
  1.150000e+02   3.145340e-04   9.263722e-05   4.095091e-02   4.938646e-02   2.046805e-04   2.763439e-05
  1.160000e+02   2.986003e-04   8.648916e-05   4.053675e-02   4.850428e-02   1.965623e-04   2.533824e-05
  1.170000e+02   2.885990e-04   8.389393e-05   4.083447e-02   4.944785e-02   1.893716e-04   2.563029e-05
  1.180000e+02   2.758581e-04   7.934187e-05   4.069361e-02   4.919754e-02   1.813644e-04   2.306223e-05
  1.190000e+02   2.605791e-04   7.438734e-05   4.007050e-02   4.851249e-02   1.738221e-04   2.107827e-05
  1.200000e+02   2.523906e-04   7.069573e-05   4.043157e-02   4.845568e-02   1.669343e-04   1.996041e-05
  1.210000e+02   2.390958e-04   6.739271e-05   3.991593e-02   4.854398e-02   1.600905e-04   1.929573e-05
  1.220000e+02   2.321664e-04   6.413826e-05   4.037080e-02   4.855690e-02   1.536075e-04   1.879219e-05
  1.230000e+02   2.218024e-04   6.084912e-05   4.019127e-02   4.841809e-02   1.482347e-04   1.671760e-05
  1.240000e+02   2.142787e-04   5.855227e-05   4.045407e-02   4.896136e-02   1.419714e-04   1.774482e-05
  1.250000e+02   2.050428e-04   5.523538e-05   4.034251e-02   4.856561e-02   1.361730e-04   1.626441e-05
  1.260000e+02   1.975192e-04   5.329936e-05   4.049592e-02   4.925581e-02   1.299560e-04   1.590186e-05
  1.270000e+02   1.878401e-04   5.016982e-05   4.013696e-02   4.876634e-02   1.245161e-04   1.462286e-05
  1.280000e+02   1.815553e-04   4.699864e-05   4.041632e-02   4.802592e-02   1.196776e-04   1.378698e-05
  1.290000e+02   1.756733e-04   4.423687e-05   4.075434e-02   4.748427e-02   1.154173e-04   1.299139e-05
  1.300000e+02   1.653799e-04   4.246046e-05   3.999649e-02   4.784992e-02   1.105533e-04   1.261876e-05
  1.310000e+02   1.594979e-04   4.014973e-05   4.018168e-02   4.752010e-02   1.064387e-04   1.182317e-05
  1.320000e+02   1.526088e-04   3.779043e-05   4.005594e-02   4.695961e-02   1.022339e-04   1.100743e-05
  1.330000e+02   1.472304e-04   3.615280e-05   4.025733e-02   4.713823e-02   9.786715e-05   1.027226e-05
  1.340000e+02   1.386794e-04   3.414740e-05   3.950989e-02   4.672693e-02   9.460830e-05   1.012120e-05
  1.350000e+02   1.367758e-04   3.368942e-05   4.057062e-02   4.835995e-02   9.038036e-05   9.557229e-06
  1.360000e+02   1.308233e-04   3.177422e-05   4.044603e-02   4.792857e-02   8.651554e-05   9.496804e-06
  1.370000e+02   1.245889e-04   2.971330e-05   4.014227e-02   4.707667e-02   8.348104e-05   8.449436e-06
  1.380000e+02   1.178810e-04   2.852671e-05   3.956955e-02   4.742951e-02   8.045349e-05   8.681066e-06
  1.390000e+02   1.144868e-04   2.659070e-05   4.001366e-02   4.641248e-02   7.629493e-05   8.147311e-06
  1.400000e+02   1.092494e-04   2.561228e-05   3.977471e-02   4.688115e-02   7.372070e-05   7.220794e-06
  1.410000e+02   1.049890e-04   2.403710e-05   3.980692e-02   4.616205e-02   7.088511e-05   6.465480e-06
  1.420000e+02   9.966102e-05   2.380117e-05   3.935332e-02   4.792109e-02   6.775809e-05   6.465480e-06
  1.430000e+02   9.521933e-05   2.174026e-05   3.914003e-02   4.597549e-02   6.572739e-05   6.284205e-06
  1.440000e+02   9.383948e-05   2.180965e-05   4.014426e-02   4.834566e-02   6.264895e-05   6.535976e-06
  1.450000e+02   8.907550e-05   1.997078e-05   3.970032e-02   4.651915e-02   6.094204e-05   5.508750e-06
  1.460000e+02   8.501654e-05   1.885358e-05   3.945794e-02   4.605943e-02   5.794686e-05   5.488609e-06
  1.470000e+02   8.168275e-05   1.776414e-05   3.946818e-02   4.549413e-02   5.570106e-05   5.408042e-06
  1.480000e+02   7.841947e-05   1.661225e-05   3.944875e-02   4.457188e-02   5.370504e-05   4.894429e-06
  1.490000e+02   7.629431e-05   1.687593e-05   3.995590e-02   4.739263e-02   5.123258e-05   5.115988e-06
  1.500000e+02   7.207420e-05   1.577261e-05   3.931674e-02   4.649973e-02   4.965288e-05   4.763508e-06
  1.510000e+02   6.833754e-05   1.467623e-05   3.880469e-02   4.537848e-02   4.773319e-05   4.562091e-06
  1.520000e+02   6.669583e-05   1.441255e-05   3.940142e-02   4.668150e-02   4.609336e-05   4.400958e-06
  1.530000e+02   6.434909e-05   1.394069e-05   3.957434e-02   4.736420e-02   4.389613e-05   3.836991e-06
  1.540000e+02   6.127717e-05   1.297615e-05   3.923820e-02   4.627911e-02   4.210364e-05   3.847062e-06
  1.550000e+02   5.853763e-05   1.192834e-05   3.901483e-02   4.460648e-02   4.001974e-05   3.202528e-06
  1.560000e+02   5.650311e-05   1.167160e-05   3.918774e-02   4.568418e-02   3.845855e-05   3.575149e-06
  1.570000e+02   5.269595e-05   1.097768e-05   3.803791e-02   4.502505e-02   3.766060e-05   3.353590e-06
  1.580000e+02   5.251466e-05   1.045031e-05   3.940656e-02   4.488288e-02   3.625206e-05   3.091748e-06
  1.590000e+02   4.974490e-05   9.936816e-06   3.886069e-02   4.468298e-02   3.475100e-05   2.839977e-06
  1.600000e+02   4.640104e-05   8.840436e-06   3.771407e-02   4.161223e-02   3.316899e-05   2.507640e-06
  1.610000e+02   4.624996e-05   8.937583e-06   3.906489e-02   4.389762e-02   3.240806e-05   2.839977e-06
  1.620000e+02   4.392336e-05   9.152696e-06   3.860864e-02   4.701814e-02   3.140889e-05   2.829907e-06
  1.630000e+02   4.215072e-05   8.382454e-06   3.853840e-02   4.518760e-02   3.012987e-05   2.658702e-06
  1.640000e+02   3.995505e-05   8.236733e-06   3.799554e-02   4.650343e-02   2.884622e-05   2.406931e-06
  1.650000e+02   3.895794e-05   7.445673e-06   3.851055e-02   4.408744e-02   2.756258e-05   2.255869e-06
  1.660000e+02   3.679249e-05   6.966874e-06   3.782670e-02   4.315495e-02   2.641076e-05   2.104806e-06
  1.670000e+02   3.559394e-05   6.578283e-06   3.803313e-02   4.258569e-02   2.534915e-05   1.873177e-06
  1.680000e+02   3.455654e-05   6.626857e-06   3.838452e-02   4.480833e-02   2.422047e-05   2.034310e-06
  1.690000e+02   3.236087e-05   6.418684e-06   3.738046e-02   4.543668e-02   2.400306e-05   1.802681e-06
  1.700000e+02   3.144433e-05   6.043971e-06   3.773311e-02   4.482067e-02   2.261764e-05   1.953743e-06
  1.710000e+02   3.024578e-05   5.440268e-06   3.771808e-02   4.223683e-02   2.174569e-05   1.470343e-06
  1.720000e+02   3.070909e-05   5.391694e-06   3.979742e-02   4.370570e-02   2.103332e-05   1.379705e-06
  1.730000e+02   2.836235e-05   4.940652e-06   3.827959e-02   4.187989e-02   2.013361e-05   1.591193e-06
  1.740000e+02   2.747602e-05   5.252912e-06   3.856048e-02   4.647308e-02   1.954383e-05   1.440130e-06
  1.750000e+02   2.761703e-05   4.656148e-06   4.031286e-02   4.320113e-02   1.901418e-05   1.490485e-06
  1.760000e+02   2.468612e-05   4.538183e-06   3.754883e-02   4.400781e-02   1.811215e-05   1.339422e-06
  1.770000e+02   2.398109e-05   4.281436e-06   3.790013e-02   4.342930e-02   1.707367e-05   1.248784e-06
  1.780000e+02   2.183578e-05   4.059384e-06   3.586910e-02   4.304636e-02   1.693952e-05   1.148076e-06
  1.790000e+02   2.197679e-05   3.538950e-06   3.744380e-02   3.921569e-02   1.609532e-05   9.668008e-07
  1.800000e+02   2.103004e-05   3.275264e-06   3.722456e-02   3.777511e-02   1.520024e-05   9.063758e-07
  1.810000e+02   2.072788e-05   3.587524e-06   3.810829e-02   4.300091e-02   1.497358e-05   9.466591e-07
  1.820000e+02   2.012357e-05   3.400168e-06   3.846302e-02   4.258648e-02   1.432828e-05   1.007084e-06
  1.830000e+02   1.930775e-05   3.275264e-06   3.837992e-02   4.284677e-02   1.378707e-05   8.056673e-07
  1.840000e+02   1.783726e-05   2.845038e-06   3.687202e-02   3.888467e-02   1.338000e-05   1.007084e-06
  1.850000e+02   1.760560e-05   3.087907e-06   3.778724e-02   4.391158e-02   1.279022e-05   9.063758e-07
  1.860000e+02   1.720273e-05   2.956064e-06   3.837254e-02   4.396739e-02   1.259594e-05   8.963049e-07
  1.870000e+02   1.564159e-05   2.671560e-06   3.628250e-02   4.156321e-02   1.179568e-05   5.941797e-07
  1.880000e+02   1.483584e-05   2.643804e-06   3.570996e-02   4.291507e-02   1.137474e-05   7.653840e-07
  1.890000e+02   1.530922e-05   2.421752e-06   3.821400e-02   4.107332e-02   1.101855e-05   5.941797e-07
  1.900000e+02   1.435240e-05   2.296848e-06   3.725003e-02   4.062347e-02   1.066006e-05   5.941797e-07
  1.910000e+02   1.422146e-05   2.303787e-06   3.833831e-02   4.247154e-02   9.950004e-06   7.251006e-07
  1.920000e+02   1.359701e-05   2.262152e-06   3.811621e-02   4.355377e-02   9.968507e-06   6.243922e-07
  1.930000e+02   1.285169e-05   2.282970e-06   3.745450e-02   4.595614e-02   9.697900e-06   8.862341e-07
  1.940000e+02   1.195529e-05   1.942953e-06   3.619785e-02   4.099561e-02   8.899957e-06   4.934712e-07
  1.950000e+02   1.179414e-05   1.880501e-06   3.705110e-02   4.137405e-02   8.696424e-06   6.848172e-07
  1.960000e+02   1.089775e-05   1.873562e-06   3.555351e-02   4.300048e-02   8.374934e-06   5.538963e-07
  1.970000e+02   1.100854e-05   1.575180e-06   3.723894e-02   3.777667e-02   8.078885e-06   5.136129e-07
  1.980000e+02   1.000135e-05   1.609875e-06   3.514049e-02   4.012452e-02   8.102014e-06   3.927628e-07
  1.990000e+02   1.032365e-05   1.637632e-06   3.759398e-02   4.252252e-02   7.565426e-06   4.632587e-07
  2.000000e+02   9.457473e-06   1.373945e-06   3.578506e-02   3.726007e-02   7.225433e-06   3.222669e-07
  2.010000e+02   9.366826e-06   1.360067e-06   3.675744e-02   3.831118e-02   7.072783e-06   4.028337e-07
  2.020000e+02   9.084814e-06   1.519667e-06   3.701120e-02   4.451220e-02   6.848434e-06   4.531879e-07
  2.030000e+02   8.450287e-06   1.200467e-06   3.574929e-02   3.680068e-02   6.492251e-06   3.927628e-07
  2.040000e+02   8.097772e-06   1.144954e-06   3.552806e-02   3.643993e-02   6.413613e-06   2.920544e-07
  2.050000e+02   7.856048e-06   1.214346e-06   3.573719e-02   4.011002e-02   6.145319e-06   3.323378e-07
  2.060000e+02   8.238778e-06   1.228224e-06   3.886724e-02   4.226361e-02   5.909405e-06   3.424086e-07
  2.070000e+02   7.261808e-06   1.082502e-06   3.564366e-02   3.889304e-02   5.617982e-06   3.323378e-07
  2.080000e+02   6.979796e-06   1.179650e-06   3.552571e-02   4.409857e-02   5.650363e-06   3.826920e-07
  2.090000e+02   7.060371e-06   9.853547e-07   3.725949e-02   3.853460e-02   5.497713e-06   3.121961e-07
  2.100000e+02   6.315054e-06   9.992329e-07   3.461793e-02   4.064352e-02   5.037450e-06   2.819836e-07
  2.110000e+02   6.456060e-06   9.090244e-07   3.665999e-02   3.854075e-02   4.898677e-06   2.316294e-07
  2.120000e+02   5.831605e-06   7.633029e-07   3.437426e-02   3.365973e-02   4.799223e-06   2.618419e-07
  2.130000e+02   5.761102e-06   8.118768e-07   3.516754e-02   3.704877e-02   4.570248e-06   2.819836e-07
  2.140000e+02   5.791317e-06   8.396332e-07   3.664054e-02   3.978954e-02   4.429163e-06   2.819836e-07
  2.150000e+02   5.559665e-06   8.673897e-07   3.651277e-02   4.280822e-02   4.207126e-06   2.920544e-07
  2.160000e+02   5.025856e-06   7.563638e-07   3.425786e-02   3.899821e-02   4.126176e-06   1.611335e-07
  2.170000e+02   5.368299e-06   7.355465e-07   3.789010e-02   3.946389e-02   4.001280e-06   1.611335e-07
  2.180000e+02   4.471904e-06   6.869726e-07   3.280627e-02   3.837209e-02   3.608091e-06   2.215585e-07
  2.190000e+02   4.582695e-06   6.939118e-07   3.475936e-02   4.030633e-02   3.608091e-06   1.913460e-07
  2.200000e+02   4.149605e-06   6.730944e-07   3.260784e-02   4.073919e-02   3.550269e-06   1.913460e-07
  2.210000e+02   4.562551e-06   5.690076e-07   3.706128e-02   3.590193e-02   3.258846e-06   1.611335e-07
  2.220000e+02   4.079102e-06   5.898250e-07   3.440952e-02   3.860127e-02   3.353674e-06   1.712043e-07
  2.230000e+02   4.079102e-06   4.857382e-07   3.563572e-02   3.306566e-02   3.187147e-06   1.510626e-07
  2.240000e+02   3.988455e-06   5.481903e-07   3.613139e-02   3.859306e-02   3.170957e-06   1.409918e-07
  2.250000e+02   3.736659e-06   3.400168e-07   3.511927e-02   2.489837e-02   3.094632e-06   1.007084e-07
  2.260000e+02   3.343856e-06   4.441035e-07   3.257137e-02   3.335070e-02   2.972049e-06   1.208501e-07
  2.270000e+02   3.243138e-06   4.094079e-07   3.265389e-02   3.180593e-02   2.789332e-06   1.309209e-07
  2.280000e+02   3.555365e-06   4.857382e-07   3.700598e-02   3.897550e-02   2.867970e-06   1.007084e-07
  2.290000e+02   3.283425e-06   5.134947e-07   3.548879e-02   4.287370e-02   2.564982e-06   1.208501e-07
  2.300000e+02   2.850335e-06   4.579818e-07   3.194131e-02   3.995157e-02   2.391517e-06   9.063758e-08
  2.310000e+02   3.071916e-06   5.134947e-07   3.556022e-02   4.665826e-02   2.340633e-06   1.107793e-07
  2.320000e+02   2.951054e-06   3.885906e-07   3.542070e-02   3.703704e-02   2.287437e-06   1.409918e-07
  2.330000e+02   2.658970e-06   4.094079e-07   3.308685e-02   4.052198e-02   2.349885e-06   1.309209e-07
  2.340000e+02   2.578395e-06   2.706256e-07   3.318211e-02   2.791696e-02   2.148664e-06   1.208501e-07
  2.350000e+02   2.628754e-06   3.330776e-07   3.499129e-02   3.534610e-02   2.139413e-06   1.107793e-07
  2.360000e+02   2.387030e-06   2.914429e-07   3.292581e-02   3.206107e-02   1.970573e-06   1.409918e-07
  2.370000e+02   2.235952e-06   3.816515e-07   3.189655e-02   4.337539e-02   1.956695e-06   7.049589e-08
  2.380000e+02   2.286311e-06   2.428691e-07   3.368952e-02   2.885408e-02   1.838739e-06   1.309209e-07
  2.390000e+02   2.054659e-06   2.220518e-07   3.133159e-02   2.716469e-02   1.915064e-06   9.063758e-08
  2.400000e+02   2.336671e-06   2.012344e-07   3.678453e-02   2.530541e-02   1.778604e-06   2.014168e-08
  2.410000e+02   2.014371e-06   2.845038e-07   3.292181e-02   3.670546e-02   1.827174e-06   4.028337e-08
  2.420000e+02   2.074802e-06   2.775647e-07   3.506383e-02   3.717472e-02   1.709217e-06   9.063758e-08
  2.430000e+02   2.014371e-06   2.775647e-07   3.527959e-02   3.861004e-02   1.736972e-06   5.035421e-08
  2.440000e+02   1.732359e-06   2.567474e-07   3.144999e-02   3.714859e-02   1.637518e-06   5.035421e-08
  2.450000e+02   1.933796e-06   2.220518e-07   3.624693e-02   3.336809e-02   1.538064e-06   5.035421e-08
  2.460000e+02   1.631641e-06   2.498082e-07   3.173359e-02   3.883495e-02   1.514936e-06   7.049589e-08
  2.470000e+02   1.581281e-06   2.289909e-07   3.176209e-02   3.703704e-02   1.422420e-06   7.049589e-08
  2.480000e+02   1.611497e-06   1.873562e-07   3.343084e-02   3.146853e-02   1.396979e-06   1.007084e-08
  2.490000e+02   1.450347e-06   2.012344e-07   3.112840e-02   3.489771e-02   1.302151e-06   6.042505e-08
  2.500000e+02   1.359701e-06   1.804171e-07   3.012048e-02   3.241895e-02   1.359973e-06   4.028337e-08
  2.510000e+02   1.530922e-06   1.734779e-07   3.496664e-02   3.221649e-02   1.158752e-06   1.007084e-07
  2.520000e+02   1.450347e-06   1.942953e-07   3.432658e-02   3.728362e-02   1.202697e-06   6.042505e-08
  2.530000e+02   1.289198e-06   1.665388e-07   3.159714e-02   3.319502e-02   1.056986e-06   7.049589e-08
  2.540000e+02   1.410060e-06   1.179650e-07   3.568697e-02   2.432046e-02   1.130998e-06   6.042505e-08
  2.550000e+02   1.097832e-06   1.249041e-07   2.881311e-02   2.639296e-02   1.137936e-06   2.014168e-08
  2.560000e+02   1.238838e-06   1.873562e-07   3.347850e-02   4.066265e-02   1.024605e-06   5.035421e-08
  2.570000e+02   1.178407e-06   1.734779e-07   3.294847e-02   3.924647e-02   1.091679e-06   2.014168e-08
  2.580000e+02   1.258982e-06   1.318432e-07   3.640070e-02   3.104575e-02   9.621575e-07   7.049589e-08
  2.590000e+02   1.168335e-06   1.387824e-07   3.505591e-02   3.372681e-02   9.667833e-07   6.042505e-08
  2.600000e+02   1.188479e-06   1.595997e-07   3.695584e-02   4.013962e-02   9.159000e-07   5.035421e-08
  2.610000e+02   9.870419e-07   9.020853e-08   3.186992e-02   2.363636e-02   8.719553e-07   3.021253e-08
  2.620000e+02   9.971138e-07   1.040868e-07   3.325495e-02   2.793296e-02   8.511394e-07   3.021253e-08
  2.630000e+02   8.258922e-07   1.110259e-07   2.849201e-02   3.065134e-02   8.465136e-07   4.028337e-08
  2.640000e+02   8.863233e-07   9.020853e-08   3.147353e-02   2.569170e-02   8.002560e-07   4.028337e-08
  2.650000e+02   8.158203e-07   7.633029e-08   2.991137e-02   2.231237e-02   7.886916e-07   1.007084e-08
  2.660000e+02   8.158203e-07   1.110259e-07   3.083365e-02   3.319502e-02   7.886916e-07   2.014168e-08
  2.670000e+02   8.561078e-07   1.040868e-07   3.338570e-02   3.218884e-02   7.655629e-07   1.007084e-08
  2.680000e+02   8.158203e-07   9.714765e-08   3.291345e-02   3.104213e-02   7.054280e-07   3.021253e-08
  2.690000e+02   7.251736e-07   6.245206e-08   3.025210e-02   2.059497e-02   5.944098e-07   2.014168e-08
  2.700000e+02   7.553892e-07   1.179650e-07   3.249567e-02   3.971963e-02   6.429803e-07   3.021253e-08
  2.710000e+02   7.151018e-07   1.110259e-07   3.179579e-02   3.892944e-02   6.892379e-07   2.014168e-08
  2.720000e+02   5.942395e-07   4.857382e-08   2.728955e-02   1.772152e-02   5.990356e-07   1.007084e-08
  2.730000e+02   7.553892e-07   6.245206e-08   3.566334e-02   2.319588e-02   6.730477e-07   2.014168e-08
  2.740000e+02   5.740958e-07   9.020853e-08   2.810651e-02   3.430079e-02   5.712810e-07   1.007084e-08
  2.750000e+02   4.129461e-07   5.551294e-08   2.080162e-02   2.185792e-02   6.406674e-07   3.021253e-08
  2.760000e+02   5.539521e-07   4.857382e-08   2.849741e-02   1.955307e-02   5.712810e-07   2.014168e-08
  2.770000e+02   6.043114e-07   6.939118e-08   3.200000e-02   2.849003e-02   5.527780e-07   1.007084e-08
  2.780000e+02   4.733772e-07   6.939118e-08   2.589532e-02   2.932551e-02   5.643424e-07   2.014168e-08
  2.790000e+02   3.928024e-07   1.040868e-07   2.205882e-02   4.531722e-02   4.741401e-07   3.021253e-08
  2.800000e+02   5.740958e-07   6.245206e-08   3.296703e-02   2.848101e-02   5.643424e-07   2.014168e-08
  2.810000e+02   6.043114e-07   9.020853e-08   3.588517e-02   4.234528e-02   5.342750e-07   3.021253e-08
  2.820000e+02   6.043114e-07   7.633029e-08   3.722084e-02   3.741497e-02   4.764530e-07   1.007084e-08
  2.830000e+02   5.338084e-07   6.939118e-08   3.414948e-02   3.533569e-02   4.857045e-07   1.007084e-08
  2.840000e+02   4.230180e-07   3.469559e-08   2.801868e-02   1.831502e-02   4.232568e-07   1.007084e-08
  2.850000e+02   4.733772e-07   4.163471e-08   3.225806e-02   2.238806e-02   4.070667e-07   1.007084e-08
  2.860000e+02   4.733772e-07   9.714765e-08   3.333333e-02   5.343511e-02   3.931894e-07   4.028337e-08
  2.870000e+02   4.028742e-07   3.469559e-08   2.934703e-02   2.016129e-02   4.486985e-07   1.007084e-08
  2.880000e+02   3.323713e-07   6.939118e-08   2.494331e-02   4.115226e-02   4.140053e-07   2.014168e-08
  2.890000e+02   4.330898e-07   3.469559e-08   3.333333e-02   2.145923e-02   3.677477e-07   2.014168e-08
  2.900000e+02   3.625868e-07   7.633029e-08   2.886929e-02   4.824561e-02   3.677477e-07   0.000000e+00
  2.910000e+02   3.525150e-07   6.245206e-08   2.890173e-02   4.147465e-02   3.931894e-07   1.007084e-08
  2.920000e+02   3.525150e-07   4.163471e-08   2.976190e-02   2.884615e-02   3.006742e-07   0.000000e+00
  2.930000e+02   2.517964e-07   3.469559e-08   2.191060e-02   2.475248e-02   3.145515e-07   1.007084e-08
  2.940000e+02   3.021557e-07   4.163471e-08   2.688172e-02   3.045685e-02   3.376803e-07   0.000000e+00
  2.950000e+02   3.222994e-07   3.469559e-08   2.946593e-02   2.617801e-02   4.024409e-07   0.000000e+00
  2.960000e+02   4.532335e-07   5.551294e-08   4.269450e-02   4.301075e-02   3.261159e-07   2.014168e-08
  2.970000e+02   3.827305e-07   1.387824e-08   3.766105e-02   1.123596e-02   2.521038e-07   0.000000e+00
  2.980000e+02   2.215808e-07   4.857382e-08   2.265705e-02   3.977273e-02   3.029871e-07   0.000000e+00
  2.990000e+02   1.812934e-07   4.163471e-08   1.896733e-02   3.550296e-02   2.636682e-07   1.007084e-08
  3.000000e+02   3.525150e-07   2.775647e-08   3.759398e-02   2.453988e-02   2.914227e-07   0.000000e+00
  3.010000e+02   2.920838e-07   3.469559e-08   3.236607e-02   3.144654e-02   2.359136e-07   0.000000e+00
  3.020000e+02   2.215808e-07   2.775647e-08   2.537486e-02   2.597403e-02   2.844841e-07   1.007084e-08
  3.030000e+02   2.316527e-07   3.469559e-08   2.721893e-02   3.333333e-02   2.937356e-07   2.014168e-08
  3.040000e+02   2.316527e-07   2.081735e-08   2.798054e-02   2.068966e-02   2.243492e-07   1.007084e-08
  3.050000e+02   2.820120e-07   1.387824e-08   3.504380e-02   1.408451e-02   2.821712e-07   0.000000e+00
  3.060000e+02   1.712216e-07   0.000000e+00   2.204929e-02   0.000000e+00   2.243492e-07   0.000000e+00
  3.070000e+02   2.014371e-07   2.081735e-08   2.652520e-02   2.142857e-02   2.659811e-07   2.014168e-08
  3.080000e+02   2.719401e-07   3.469559e-08   3.678474e-02   3.649635e-02   2.289750e-07   2.014168e-08
  3.090000e+02   1.410060e-07   1.387824e-08   1.980198e-02   1.515152e-02   2.081591e-07   2.014168e-08
  3.100000e+02   1.309341e-07   3.469559e-08   1.875902e-02   3.846154e-02   2.127848e-07   1.007084e-08
  3.110000e+02   2.517964e-07   1.387824e-08   3.676471e-02   1.600000e-02   2.012204e-07   0.000000e+00
  3.120000e+02   1.812934e-07   3.469559e-08   2.748092e-02   4.065041e-02   2.336007e-07   0.000000e+00
  3.130000e+02   1.107904e-07   2.775647e-08   1.726845e-02   3.389831e-02   1.850303e-07   0.000000e+00
  3.140000e+02   2.215808e-07   2.775647e-08   3.514377e-02   3.508772e-02   1.989076e-07   2.014168e-08
  3.150000e+02   1.510778e-07   2.081735e-08   2.483444e-02   2.727273e-02   1.989076e-07   0.000000e+00
  3.160000e+02   1.410060e-07   6.939118e-09   2.376910e-02   9.345794e-03   1.595886e-07   1.007084e-08
  3.170000e+02   1.309341e-07   3.469559e-08   2.260870e-02   4.716981e-02   2.035333e-07   2.014168e-08
  3.180000e+02   1.410060e-07   6.939118e-09   2.491103e-02   9.900990e-03   1.549629e-07   0.000000e+00
  3.190000e+02   1.208623e-07   3.469559e-08   2.189781e-02   5.000000e-02   1.642144e-07   1.007084e-08
  3.200000e+02   1.309341e-07   3.469559e-08   2.425373e-02   5.263158e-02   1.572758e-07   0.000000e+00
  3.210000e+02   2.115090e-07   2.775647e-08   4.015296e-02   4.444444e-02   1.688401e-07   2.014168e-08
  3.220000e+02   1.208623e-07   3.469559e-08   2.390438e-02   5.813953e-02   1.433985e-07   0.000000e+00
  3.230000e+02   9.064671e-08   1.387824e-08   1.836735e-02   2.469136e-02   1.688401e-07   2.014168e-08
  3.240000e+02   1.208623e-07   2.775647e-08   2.494802e-02   5.063291e-02   1.549629e-07   0.000000e+00
  3.250000e+02   1.510778e-07   4.163471e-08   3.198294e-02   8.000000e-02   1.248955e-07   1.007084e-08
  3.260000e+02   1.309341e-07   6.939118e-09   2.863436e-02   1.449275e-02   1.341470e-07   0.000000e+00
  3.270000e+02   9.064671e-08   6.939118e-09   2.040816e-02   1.470588e-02   1.433985e-07   0.000000e+00
  3.280000e+02   1.309341e-07   0.000000e+00   3.009259e-02   0.000000e+00   1.225826e-07   0.000000e+00
  3.290000e+02   1.208623e-07   6.939118e-09   2.863962e-02   1.492537e-02   1.179568e-07   0.000000e+00
  3.300000e+02   9.064671e-08   0.000000e+00   2.211302e-02   0.000000e+00   1.433985e-07   0.000000e+00
  3.310000e+02   1.107904e-07   6.939118e-09   2.763819e-02   1.515152e-02   1.133311e-07   0.000000e+00
  3.320000e+02   9.064671e-08   6.939118e-09   2.325581e-02   1.538462e-02   9.945378e-08   0.000000e+00
  3.330000e+02   9.064671e-08   1.387824e-08   2.380952e-02   3.125000e-02   1.387727e-07   0.000000e+00
  3.340000e+02   1.309341e-07   6.939118e-09   3.523035e-02   1.612903e-02   1.272083e-07   0.000000e+00
  3.350000e+02   8.057485e-08   1.387824e-08   2.247191e-02   3.278689e-02   1.202697e-07   0.000000e+00
  3.360000e+02   7.050299e-08   6.939118e-09   2.011494e-02   1.694915e-02   1.156439e-07   0.000000e+00
  3.370000e+02   1.007186e-07   6.939118e-09   2.932551e-02   1.724138e-02   1.017667e-07   0.000000e+00
  3.380000e+02   9.064671e-08   6.939118e-09   2.719033e-02   1.754386e-02   1.017667e-07   0.000000e+00
  3.390000e+02   6.043114e-08   2.775647e-08   1.863354e-02   7.142857e-02   1.156439e-07   1.007084e-08
  3.400000e+02   8.057485e-08   1.387824e-08   2.531646e-02   3.846154e-02   1.133311e-07   0.000000e+00
  3.410000e+02   6.043114e-08   0.000000e+00   1.948052e-02   0.000000e+00   1.040795e-07   0.000000e+00
  3.420000e+02   7.050299e-08   2.081735e-08   2.317881e-02   6.000000e-02   1.017667e-07   0.000000e+00
  3.430000e+02   6.043114e-08   0.000000e+00   2.033898e-02   0.000000e+00   1.040795e-07   0.000000e+00
  3.440000e+02   9.064671e-08   6.939118e-09   3.114187e-02   2.127660e-02   8.557651e-08   0.000000e+00
  3.450000e+02   5.035928e-08   1.387824e-08   1.785714e-02   4.347826e-02   9.714091e-08   0.000000e+00
  3.460000e+02   1.107904e-07   1.387824e-08   4.000000e-02   4.545455e-02   6.707348e-08   0.000000e+00
  3.470000e+02   5.035928e-08   0.000000e+00   1.893939e-02   0.000000e+00   9.714091e-08   0.000000e+00
  3.480000e+02   5.035928e-08   6.939118e-09   1.930502e-02   2.380952e-02   8.557651e-08   0.000000e+00
  3.490000e+02   1.107904e-07   6.939118e-09   4.330709e-02   2.439024e-02   8.326363e-08   0.000000e+00
  3.500000e+02   6.043114e-08   1.387824e-08   2.469136e-02   5.000000e-02   8.326363e-08   1.007084e-08
  3.510000e+02   7.050299e-08   0.000000e+00   2.953586e-02   0.000000e+00   5.550909e-08   0.000000e+00
  3.520000e+02   4.028742e-08   6.939118e-09   1.739130e-02   2.631579e-02   7.632500e-08   0.000000e+00
  3.530000e+02   4.028742e-08   1.387824e-08   1.769912e-02   5.405405e-02   7.632500e-08   0.000000e+00
  3.540000e+02   5.035928e-08   0.000000e+00   2.252252e-02   0.000000e+00   8.326363e-08   0.000000e+00
  3.550000e+02   2.014371e-08   0.000000e+00   9.216590e-03   0.000000e+00   5.319621e-08   0.000000e+00
  3.560000e+02   9.064671e-08   0.000000e+00   4.186047e-02   0.000000e+00   7.401212e-08   0.000000e+00
  3.570000e+02   5.035928e-08   1.387824e-08   2.427184e-02   5.714286e-02   8.095075e-08   0.000000e+00
  3.580000e+02   5.035928e-08   6.939118e-09   2.487562e-02   3.030303e-02   6.938636e-08   0.000000e+00
  3.590000e+02   4.028742e-08   6.939118e-09   2.040816e-02   3.125000e-02   5.782197e-08   0.000000e+00
  3.600000e+02   3.021557e-08   0.000000e+00   1.562500e-02   0.000000e+00   5.319621e-08   0.000000e+00
  3.610000e+02   7.050299e-08   6.939118e-09   3.703704e-02   3.225806e-02   6.476060e-08   0.000000e+00
  3.620000e+02   2.014371e-08   0.000000e+00   1.098901e-02   0.000000e+00   5.319621e-08   0.000000e+00
  3.630000e+02   3.021557e-08   0.000000e+00   1.666667e-02   0.000000e+00   5.550909e-08   0.000000e+00
  3.640000e+02   2.014371e-08   0.000000e+00   1.129944e-02   0.000000e+00   6.244773e-08   0.000000e+00
  3.650000e+02   6.043114e-08   0.000000e+00   3.428571e-02   0.000000e+00   6.707348e-08   0.000000e+00
  3.660000e+02   5.035928e-08   0.000000e+00   2.958580e-02   0.000000e+00   4.625757e-08   0.000000e+00
  3.670000e+02   5.035928e-08   6.939118e-09   3.048780e-02   3.333333e-02   6.707348e-08   0.000000e+00
  3.680000e+02   2.014371e-08   6.939118e-09   1.257862e-02   3.448276e-02   4.625757e-08   0.000000e+00
  3.690000e+02   2.014371e-08   6.939118e-09   1.273885e-02   3.571429e-02   6.476060e-08   0.000000e+00
  3.700000e+02   1.007186e-08   6.939118e-09   6.451613e-03   3.703704e-02   6.938636e-08   0.000000e+00
  3.710000e+02   2.014371e-08   0.000000e+00   1.298701e-02   0.000000e+00   5.550909e-08   0.000000e+00
  3.720000e+02   4.028742e-08   0.000000e+00   2.631579e-02   0.000000e+00   3.931894e-08   0.000000e+00
  3.730000e+02   6.043114e-08   0.000000e+00   4.054054e-02   0.000000e+00   5.782197e-08   0.000000e+00
  3.740000e+02   3.021557e-08   0.000000e+00   2.112676e-02   0.000000e+00   4.163182e-08   0.000000e+00
  3.750000e+02   0.000000e+00   0.000000e+00   0.000000e+00   0.000000e+00   3.931894e-08   0.000000e+00
  3.760000e+02   4.028742e-08   0.000000e+00   2.877698e-02   0.000000e+00   4.163182e-08   0.000000e+00
  3.770000e+02   0.000000e+00   1.387824e-08   0.000000e+00   7.692308e-02   6.013485e-08   0.000000e+00
  3.780000e+02   2.014371e-08   0.000000e+00   1.481481e-02   0.000000e+00   3.006742e-08   0.000000e+00
  3.790000e+02   4.028742e-08   1.387824e-08   3.007519e-02   8.333333e-02   4.163182e-08   0.000000e+00
  3.800000e+02   4.028742e-08   6.939118e-09   3.100775e-02   4.545455e-02   4.857045e-08   0.000000e+00
  3.810000e+02   3.021557e-08   0.000000e+00   2.400000e-02   0.000000e+00   3.931894e-08   0.000000e+00
  3.820000e+02   1.007186e-08   0.000000e+00   8.196721e-03   0.000000e+00   4.163182e-08   0.000000e+00
  3.830000e+02   6.043114e-08   0.000000e+00   4.958678e-02   0.000000e+00   4.394470e-08   0.000000e+00
  3.840000e+02   1.007186e-08   1.387824e-08   8.695652e-03   9.523810e-02   1.387727e-08   0.000000e+00
  3.850000e+02   1.007186e-08   0.000000e+00   8.771930e-03   0.000000e+00   3.931894e-08   0.000000e+00
  3.860000e+02   1.007186e-08   6.939118e-09   8.849558e-03   5.263158e-02   3.006742e-08   0.000000e+00
  3.870000e+02   6.043114e-08   1.387824e-08   5.357143e-02   1.111111e-01   3.238030e-08   0.000000e+00
  3.880000e+02   2.014371e-08   0.000000e+00   1.886792e-02   0.000000e+00   2.312879e-08   0.000000e+00
  3.890000e+02   3.021557e-08   0.000000e+00   2.884615e-02   0.000000e+00   1.156439e-08   0.000000e+00
  3.900000e+02   2.014371e-08   0.000000e+00   1.980198e-02   0.000000e+00   2.775454e-08   0.000000e+00
  3.910000e+02   1.007186e-08   0.000000e+00   1.010101e-02   0.000000e+00   2.312879e-08   0.000000e+00
  3.920000e+02   2.014371e-08   0.000000e+00   2.040816e-02   0.000000e+00   4.394470e-08   0.000000e+00
  3.930000e+02   3.021557e-08   0.000000e+00   3.125000e-02   0.000000e+00   1.850303e-08   0.000000e+00
  3.940000e+02   0.000000e+00   6.939118e-09   0.000000e+00   6.250000e-02   3.006742e-08   0.000000e+00
  3.950000e+02   3.021557e-08   6.939118e-09   3.225806e-02   6.666667e-02   2.081591e-08   0.000000e+00
  3.960000e+02   0.000000e+00   0.000000e+00   0.000000e+00   0.000000e+00   2.544167e-08   0.000000e+00
  3.970000e+02   2.014371e-08   0.000000e+00   2.222222e-02   0.000000e+00   3.006742e-08   0.000000e+00
  3.980000e+02   1.007186e-08   1.387824e-08   1.136364e-02   1.428571e-01   2.312879e-08   0.000000e+00
  3.990000e+02   1.007186e-08   0.000000e+00   1.149425e-02   0.000000e+00   2.312879e-08   0.000000e+00
  4.000000e+02   0.000000e+00   0.000000e+00   0.000000e+00   0.000000e+00   3.700606e-08   0.000000e+00
  4.010000e+02   2.014371e-08   6.939118e-09   2.325581e-02   8.333333e-02   1.619015e-08   0.000000e+00
  4.020000e+02   0.000000e+00   0.000000e+00   0.000000e+00   0.000000e+00   1.850303e-08   0.000000e+00
  4.030000e+02   0.000000e+00   0.000000e+00   0.000000e+00   0.000000e+00   4.625757e-08   0.000000e+00
  4.040000e+02   1.007186e-08   6.939118e-09   1.190476e-02   9.090909e-02   3.469318e-08   0.000000e+00
  4.050000e+02   0.000000e+00   0.000000e+00   0.000000e+00   0.000000e+00   1.619015e-08   0.000000e+00
  4.060000e+02   1.007186e-08   0.000000e+00   1.204819e-02   0.000000e+00   2.081591e-08   0.000000e+00
  4.070000e+02   3.021557e-08   0.000000e+00   3.658537e-02   0.000000e+00   2.775454e-08   0.000000e+00
  4.080000e+02   1.007186e-08   0.000000e+00   1.265823e-02   0.000000e+00   1.850303e-08   0.000000e+00
  4.090000e+02   3.021557e-08   0.000000e+00   3.846154e-02   0.000000e+00   2.544167e-08   0.000000e+00
  4.100000e+02   1.007186e-08   0.000000e+00   1.333333e-02   0.000000e+00   4.394470e-08   0.000000e+00
  4.110000e+02   0.000000e+00   0.000000e+00   0.000000e+00   0.000000e+00   2.775454e-08   0.000000e+00
  4.120000e+02   6.043114e-08   0.000000e+00   8.108108e-02   0.000000e+00   2.775454e-08   0.000000e+00
  4.130000e+02   2.014371e-08   0.000000e+00   2.941176e-02   0.000000e+00   2.775454e-08   0.000000e+00
  4.140000e+02   0.000000e+00   6.939118e-09   0.000000e+00   1.000000e-01   3.238030e-08   0.000000e+00
  4.150000e+02   1.007186e-08   0.000000e+00   1.515152e-02   0.000000e+00   1.387727e-08   0.000000e+00
  4.160000e+02   0.000000e+00   0.000000e+00   0.000000e+00   0.000000e+00   1.850303e-08   0.000000e+00
  4.170000e+02   1.007186e-08   0.000000e+00   1.538462e-02   0.000000e+00   2.775454e-08   0.000000e+00
  4.180000e+02   0.000000e+00   0.000000e+00   0.000000e+00   0.000000e+00   3.469318e-08   0.000000e+00
  4.190000e+02   0.000000e+00   0.000000e+00   0.000000e+00   0.000000e+00   2.312879e-08   0.000000e+00
  4.200000e+02   1.007186e-08   0.000000e+00   1.562500e-02   0.000000e+00   2.544167e-08   0.000000e+00
  4.210000e+02   1.007186e-08   0.000000e+00   1.587302e-02   0.000000e+00   2.312879e-08   0.000000e+00
  4.220000e+02   4.028742e-08   0.000000e+00   6.451613e-02   0.000000e+00   1.156439e-08   0.000000e+00
  4.230000e+02   0.000000e+00   6.939118e-09   0.000000e+00   1.111111e-01   3.006742e-08   0.000000e+00
  4.240000e+02   1.007186e-08   0.000000e+00   1.724138e-02   0.000000e+00   1.387727e-08   0.000000e+00
  4.250000e+02   2.014371e-08   0.000000e+00   3.508772e-02   0.000000e+00   2.081591e-08   0.000000e+00
  4.260000e+02   1.007186e-08   0.000000e+00   1.818182e-02   0.000000e+00   2.081591e-08   0.000000e+00
  4.270000e+02   2.014371e-08   0.000000e+00   3.703704e-02   0.000000e+00   2.312879e-08   0.000000e+00
  4.280000e+02   0.000000e+00   0.000000e+00   0.000000e+00   0.000000e+00   1.156439e-08   0.000000e+00
  4.290000e+02   0.000000e+00   0.000000e+00   0.000000e+00   0.000000e+00   9.251515e-09   0.000000e+00
  4.300000e+02   1.007186e-08   0.000000e+00   1.923077e-02   0.000000e+00   6.938636e-09   0.000000e+00
  4.310000e+02   3.021557e-08   0.000000e+00   5.882353e-02   0.000000e+00   1.156439e-08   0.000000e+00
  4.320000e+02   0.000000e+00   6.939118e-09   0.000000e+00   1.250000e-01   9.251515e-09   0.000000e+00
  4.330000e+02   1.007186e-08   0.000000e+00   2.083333e-02   0.000000e+00   1.619015e-08   0.000000e+00
  4.340000e+02   1.007186e-08   0.000000e+00   2.127660e-02   0.000000e+00   1.619015e-08   0.000000e+00
  4.350000e+02   1.007186e-08   6.939118e-09   2.173913e-02   1.428571e-01   1.156439e-08   0.000000e+00
  4.360000e+02   1.007186e-08   0.000000e+00   2.222222e-02   0.000000e+00   1.619015e-08   0.000000e+00
  4.370000e+02   0.000000e+00   0.000000e+00   0.000000e+00   0.000000e+00   9.251515e-09   0.000000e+00
  4.380000e+02   0.000000e+00   6.939118e-09   0.000000e+00   1.666667e-01   1.387727e-08   0.000000e+00
  4.390000e+02   1.007186e-08   6.939118e-09   2.272727e-02   2.000000e-01   1.387727e-08   0.000000e+00
  4.400000e+02   1.007186e-08   6.939118e-09   2.325581e-02   2.500000e-01   9.251515e-09   0.000000e+00
  4.410000e+02   1.007186e-08   0.000000e+00   2.380952e-02   0.000000e+00   1.619015e-08   0.000000e+00
  4.420000e+02   3.021557e-08   0.000000e+00   7.317073e-02   0.000000e+00   2.312879e-09   0.000000e+00
  4.430000e+02   0.000000e+00   6.939118e-09   0.000000e+00   3.333333e-01   9.251515e-09   0.000000e+00
  4.440000e+02   0.000000e+00   0.000000e+00   0.000000e+00   0.000000e+00   2.081591e-08   0.000000e+00
  4.450000e+02   1.007186e-08   6.939118e-09   2.631579e-02   5.000000e-01   9.251515e-09   0.000000e+00
  4.460000e+02   3.021557e-08   0.000000e+00   8.108108e-02   0.000000e+00   1.850303e-08   0.000000e+00
  4.470000e+02   0.000000e+00   0.000000e+00   0.000000e+00   0.000000e+00   1.387727e-08   0.000000e+00
  4.480000e+02   0.000000e+00   0.000000e+00   0.000000e+00   0.000000e+00   9.251515e-09   0.000000e+00
  4.490000e+02   0.000000e+00   0.000000e+00   0.000000e+00   0.000000e+00   9.251515e-09   0.000000e+00
  4.500000e+02   1.007186e-08   0.000000e+00   2.941176e-02   0.000000e+00   6.938636e-09   0.000000e+00
  4.510000e+02   3.021557e-08   6.939118e-09   9.090909e-02   1.000000e+00   9.251515e-09   1.007084e-08
  4.520000e+02   0.000000e+00   0.000000e+00   0.000000e+00   0.000000e+00   1.387727e-08   0.000000e+00
  4.530000e+02   1.007186e-08   0.000000e+00   3.333333e-02   0.000000e+00   1.156439e-08   0.000000e+00
  4.540000e+02   0.000000e+00   0.000000e+00   0.000000e+00   0.000000e+00   1.619015e-08   0.000000e+00
  4.550000e+02   1.007186e-08   0.000000e+00   3.448276e-02   0.000000e+00   9.251515e-09   0.000000e+00
  4.560000e+02   1.007186e-08   0.000000e+00   3.571429e-02   0.000000e+00   9.251515e-09   0.000000e+00
  4.570000e+02   0.000000e+00   0.000000e+00   0.000000e+00   0.000000e+00   1.387727e-08   0.000000e+00
  4.580000e+02   0.000000e+00   0.000000e+00   0.000000e+00   0.000000e+00   4.625757e-09   0.000000e+00
  4.590000e+02   0.000000e+00   0.000000e+00   0.000000e+00   0.000000e+00   6.938636e-09   0.000000e+00
  4.600000e+02   0.000000e+00   0.000000e+00   0.000000e+00   0.000000e+00   6.938636e-09   0.000000e+00
  4.610000e+02   1.007186e-08   0.000000e+00   3.703704e-02   0.000000e+00   1.156439e-08   0.000000e+00
  4.620000e+02   1.007186e-08   0.000000e+00   3.846154e-02   0.000000e+00   4.625757e-09   0.000000e+00
  4.630000e+02   0.000000e+00   0.000000e+00   0.000000e+00   0.000000e+00   9.251515e-09   0.000000e+00
  4.640000e+02   0.000000e+00   0.000000e+00   0.000000e+00   0.000000e+00   6.938636e-09   0.000000e+00
  4.650000e+02   1.007186e-08   0.000000e+00   4.000000e-02   0.000000e+00   1.387727e-08   0.000000e+00
  4.660000e+02   1.007186e-08   0.000000e+00   4.166667e-02   0.000000e+00   2.312879e-09   0.000000e+00
  4.670000e+02   1.007186e-08   0.000000e+00   4.347826e-02   0.000000e+00   1.387727e-08   0.000000e+00
  4.680000e+02   2.014371e-08   0.000000e+00   9.090909e-02   0.000000e+00   6.938636e-09   0.000000e+00
  4.690000e+02   0.000000e+00   0.000000e+00   0.000000e+00   0.000000e+00   6.938636e-09   0.000000e+00
  4.700000e+02   0.000000e+00   0.000000e+00   0.000000e+00   0.000000e+00   1.156439e-08   0.000000e+00
  4.710000e+02   0.000000e+00   0.000000e+00   0.000000e+00   0.000000e+00   4.625757e-09   0.000000e+00
  4.720000e+02   0.000000e+00   0.000000e+00   0.000000e+00   0.000000e+00   1.387727e-08   0.000000e+00
  4.730000e+02   2.014371e-08   0.000000e+00   1.000000e-01   0.000000e+00   9.251515e-09   0.000000e+00
  4.740000e+02   1.007186e-08   0.000000e+00   5.555556e-02   0.000000e+00   6.938636e-09   0.000000e+00
  4.750000e+02   1.007186e-08   0.000000e+00   5.882353e-02   0.000000e+00   6.938636e-09   0.000000e+00
  4.760000e+02   0.000000e+00   0.000000e+00   0.000000e+00   0.000000e+00   2.312879e-09   0.000000e+00
  4.770000e+02   0.000000e+00   0.000000e+00   0.000000e+00   0.000000e+00   4.625757e-09   0.000000e+00
  4.780000e+02   2.014371e-08   0.000000e+00   1.250000e-01   0.000000e+00   4.625757e-09   0.000000e+00
  4.790000e+02   0.000000e+00   0.000000e+00   0.000000e+00   0.000000e+00   2.312879e-09   0.000000e+00
  4.800000e+02   1.007186e-08   0.000000e+00   7.142857e-02   0.000000e+00   2.312879e-09   0.000000e+00
  4.810000e+02   1.007186e-08   0.000000e+00   7.692308e-02   0.000000e+00   2.312879e-09   0.000000e+00
  4.820000e+02   0.000000e+00   0.000000e+00   0.000000e+00   0.000000e+00   2.312879e-09   0.000000e+00
  4.830000e+02   0.000000e+00   0.000000e+00   0.000000e+00   0.000000e+00   0.000000e+00   0.000000e+00
  4.840000e+02   3.021557e-08   0.000000e+00   2.500000e-01   0.000000e+00   2.312879e-09   0.000000e+00
  4.850000e+02   0.000000e+00   0.000000e+00   0.000000e+00   0.000000e+00   2.312879e-09   0.000000e+00
  4.860000e+02   0.000000e+00   0.000000e+00   0.000000e+00   0.000000e+00   0.000000e+00   0.000000e+00
  4.870000e+02   0.000000e+00   0.000000e+00   0.000000e+00   0.000000e+00   0.000000e+00   0.000000e+00
  4.880000e+02   0.000000e+00   0.000000e+00   0.000000e+00   0.000000e+00   4.625757e-09   0.000000e+00
  4.890000e+02   0.000000e+00   0.000000e+00   0.000000e+00   0.000000e+00   0.000000e+00   0.000000e+00
  4.900000e+02   0.000000e+00   0.000000e+00   0.000000e+00   0.000000e+00   4.625757e-09   0.000000e+00
  4.910000e+02   0.000000e+00   0.000000e+00   0.000000e+00   0.000000e+00   4.625757e-09   0.000000e+00
  4.920000e+02   1.007186e-08   0.000000e+00   1.111111e-01   0.000000e+00   4.625757e-09   0.000000e+00
  4.930000e+02   0.000000e+00   0.000000e+00   0.000000e+00   0.000000e+00   2.312879e-09   0.000000e+00
  4.940000e+02   1.007186e-08   0.000000e+00   1.250000e-01   0.000000e+00   4.625757e-09   0.000000e+00
  4.950000e+02   0.000000e+00   0.000000e+00   0.000000e+00   0.000000e+00   2.312879e-09   0.000000e+00
  4.960000e+02   0.000000e+00   0.000000e+00   0.000000e+00   0.000000e+00   0.000000e+00   0.000000e+00
  4.970000e+02   0.000000e+00   0.000000e+00   0.000000e+00   0.000000e+00   0.000000e+00   0.000000e+00
  4.980000e+02   0.000000e+00   0.000000e+00   0.000000e+00   0.000000e+00   6.938636e-09   0.000000e+00
  4.990000e+02   0.000000e+00   0.000000e+00   0.000000e+00   0.000000e+00   0.000000e+00   0.000000e+00
  5.000000e+02   0.000000e+00   0.000000e+00   0.000000e+00   0.000000e+00   6.938636e-09   0.000000e+00
  5.010000e+02   0.000000e+00   0.000000e+00   0.000000e+00   0.000000e+00   2.312879e-09   0.000000e+00
  5.020000e+02   0.000000e+00   0.000000e+00   0.000000e+00   0.000000e+00   2.312879e-09   0.000000e+00
  5.030000e+02   0.000000e+00   0.000000e+00   0.000000e+00   0.000000e+00   4.625757e-09   0.000000e+00
  5.040000e+02   0.000000e+00   0.000000e+00   0.000000e+00   0.000000e+00   0.000000e+00   0.000000e+00
  5.050000e+02   0.000000e+00   0.000000e+00   0.000000e+00   0.000000e+00   2.312879e-09   0.000000e+00
  5.060000e+02   0.000000e+00   0.000000e+00   0.000000e+00   0.000000e+00   6.938636e-09   0.000000e+00
  5.070000e+02   0.000000e+00   0.000000e+00   0.000000e+00   0.000000e+00   0.000000e+00   0.000000e+00
  5.080000e+02   0.000000e+00   0.000000e+00   0.000000e+00   0.000000e+00   0.000000e+00   0.000000e+00
  5.090000e+02   0.000000e+00   0.000000e+00   0.000000e+00   0.000000e+00   4.625757e-09   0.000000e+00
  5.100000e+02   1.007186e-08   0.000000e+00   1.428571e-01   0.000000e+00   2.312879e-09   0.000000e+00
  5.110000e+02   1.007186e-08   0.000000e+00   1.666667e-01   0.000000e+00   0.000000e+00   0.000000e+00
  5.120000e+02   0.000000e+00   0.000000e+00   0.000000e+00   0.000000e+00   0.000000e+00   0.000000e+00
  5.130000e+02   0.000000e+00   0.000000e+00   0.000000e+00   0.000000e+00   0.000000e+00   0.000000e+00
  5.140000e+02   0.000000e+00   0.000000e+00   0.000000e+00   0.000000e+00   2.312879e-09   0.000000e+00
  5.150000e+02   0.000000e+00   0.000000e+00   0.000000e+00   0.000000e+00   0.000000e+00   0.000000e+00
  5.160000e+02   0.000000e+00   0.000000e+00   0.000000e+00   0.000000e+00   0.000000e+00   0.000000e+00
  5.170000e+02   0.000000e+00   0.000000e+00   0.000000e+00   0.000000e+00   0.000000e+00   0.000000e+00
  5.180000e+02   1.007186e-08   0.000000e+00   2.000000e-01   0.000000e+00   2.312879e-09   0.000000e+00
  5.190000e+02   0.000000e+00   0.000000e+00   0.000000e+00   0.000000e+00   0.000000e+00   0.000000e+00
  5.200000e+02   0.000000e+00   0.000000e+00   0.000000e+00   0.000000e+00   6.938636e-09   0.000000e+00
  5.210000e+02   0.000000e+00   0.000000e+00   0.000000e+00   0.000000e+00   0.000000e+00   0.000000e+00
  5.220000e+02   0.000000e+00   0.000000e+00   0.000000e+00   0.000000e+00   0.000000e+00   0.000000e+00
  5.230000e+02   1.007186e-08   0.000000e+00   2.500000e-01   0.000000e+00   0.000000e+00   0.000000e+00
  5.240000e+02   0.000000e+00   0.000000e+00   0.000000e+00   0.000000e+00   0.000000e+00   0.000000e+00
  5.250000e+02   1.007186e-08   0.000000e+00   3.333333e-01   0.000000e+00   0.000000e+00   0.000000e+00
  5.260000e+02   0.000000e+00   0.000000e+00   0.000000e+00   0.000000e+00   2.312879e-09   0.000000e+00
  5.270000e+02   0.000000e+00   0.000000e+00   0.000000e+00   0.000000e+00   2.312879e-09   0.000000e+00
  5.280000e+02   0.000000e+00   0.000000e+00   0.000000e+00   0.000000e+00   2.312879e-09   0.000000e+00
  5.290000e+02   0.000000e+00   0.000000e+00   0.000000e+00   0.000000e+00   2.312879e-09   0.000000e+00
  5.300000e+02   0.000000e+00   0.000000e+00   0.000000e+00   0.000000e+00   0.000000e+00   0.000000e+00
  5.310000e+02   0.000000e+00   0.000000e+00   0.000000e+00   0.000000e+00   2.312879e-09   0.000000e+00
  5.320000e+02   0.000000e+00   0.000000e+00   0.000000e+00   0.000000e+00   2.312879e-09   0.000000e+00
  5.330000e+02   0.000000e+00   0.000000e+00   0.000000e+00   0.000000e+00   2.312879e-09   0.000000e+00
  5.340000e+02   0.000000e+00   0.000000e+00   0.000000e+00   0.000000e+00   0.000000e+00   0.000000e+00
  5.350000e+02   0.000000e+00   0.000000e+00   0.000000e+00   0.000000e+00   2.312879e-09   0.000000e+00
  5.360000e+02   0.000000e+00   0.000000e+00   0.000000e+00   0.000000e+00   0.000000e+00   0.000000e+00
  5.370000e+02   0.000000e+00   0.000000e+00   0.000000e+00   0.000000e+00   0.000000e+00   0.000000e+00
  5.380000e+02   0.000000e+00   0.000000e+00   0.000000e+00   0.000000e+00   0.000000e+00   0.000000e+00
  5.390000e+02   0.000000e+00   0.000000e+00   0.000000e+00   0.000000e+00   0.000000e+00   0.000000e+00
  5.400000e+02   0.000000e+00   0.000000e+00   0.000000e+00   0.000000e+00   0.000000e+00   0.000000e+00
  5.410000e+02   0.000000e+00   0.000000e+00   0.000000e+00   0.000000e+00   2.312879e-09   0.000000e+00
  5.420000e+02   0.000000e+00   0.000000e+00   0.000000e+00   0.000000e+00   0.000000e+00   0.000000e+00
  5.430000e+02   0.000000e+00   0.000000e+00   0.000000e+00   0.000000e+00   0.000000e+00   0.000000e+00
  5.440000e+02   0.000000e+00   0.000000e+00   0.000000e+00   0.000000e+00   2.312879e-09   0.000000e+00
  5.450000e+02   0.000000e+00   0.000000e+00   0.000000e+00   0.000000e+00   2.312879e-09   0.000000e+00
  5.460000e+02   0.000000e+00   0.000000e+00   0.000000e+00   0.000000e+00   0.000000e+00   0.000000e+00
  5.470000e+02   0.000000e+00   0.000000e+00   0.000000e+00   0.000000e+00   2.312879e-09   0.000000e+00
  5.480000e+02   0.000000e+00   0.000000e+00   0.000000e+00   0.000000e+00   0.000000e+00   0.000000e+00
  5.490000e+02   0.000000e+00   0.000000e+00   0.000000e+00   0.000000e+00   2.312879e-09   0.000000e+00
  5.500000e+02   0.000000e+00   0.000000e+00   0.000000e+00   0.000000e+00   0.000000e+00   0.000000e+00
  5.510000e+02   0.000000e+00   0.000000e+00   0.000000e+00   0.000000e+00   0.000000e+00   0.000000e+00
  5.520000e+02   1.007186e-08   0.000000e+00   5.000000e-01   0.000000e+00   0.000000e+00   0.000000e+00
  5.530000e+02   0.000000e+00   0.000000e+00   0.000000e+00   0.000000e+00   0.000000e+00   0.000000e+00
  5.540000e+02   0.000000e+00   0.000000e+00   0.000000e+00   0.000000e+00   2.312879e-09   0.000000e+00
  5.550000e+02   0.000000e+00   0.000000e+00   0.000000e+00   0.000000e+00   0.000000e+00   0.000000e+00
  5.560000e+02   0.000000e+00   0.000000e+00   0.000000e+00   0.000000e+00   0.000000e+00   0.000000e+00
  5.570000e+02   0.000000e+00   0.000000e+00   0.000000e+00   0.000000e+00   0.000000e+00   0.000000e+00
  5.580000e+02   0.000000e+00   0.000000e+00   0.000000e+00   0.000000e+00   0.000000e+00   0.000000e+00
  5.590000e+02   0.000000e+00   0.000000e+00   0.000000e+00   0.000000e+00   0.000000e+00   0.000000e+00
  5.600000e+02   0.000000e+00   0.000000e+00   0.000000e+00   0.000000e+00   0.000000e+00   0.000000e+00
  5.610000e+02   0.000000e+00   0.000000e+00   0.000000e+00   0.000000e+00   0.000000e+00   0.000000e+00
  5.620000e+02   0.000000e+00   0.000000e+00   0.000000e+00   0.000000e+00   0.000000e+00   0.000000e+00
  5.630000e+02   0.000000e+00   0.000000e+00   0.000000e+00   0.000000e+00   2.312879e-09   0.000000e+00
  5.640000e+02   0.000000e+00   0.000000e+00   0.000000e+00   0.000000e+00   0.000000e+00   0.000000e+00
  5.650000e+02   0.000000e+00   0.000000e+00   0.000000e+00   0.000000e+00   0.000000e+00   0.000000e+00
  5.660000e+02   0.000000e+00   0.000000e+00   0.000000e+00   0.000000e+00   0.000000e+00   0.000000e+00
  5.670000e+02   0.000000e+00   0.000000e+00   0.000000e+00   0.000000e+00   0.000000e+00   0.000000e+00
  5.680000e+02   0.000000e+00   0.000000e+00   0.000000e+00   0.000000e+00   0.000000e+00   0.000000e+00
  5.690000e+02   0.000000e+00   0.000000e+00   0.000000e+00   0.000000e+00   0.000000e+00   0.000000e+00
  5.700000e+02   0.000000e+00   0.000000e+00   0.000000e+00   0.000000e+00   0.000000e+00   0.000000e+00
  5.710000e+02   0.000000e+00   0.000000e+00   0.000000e+00   0.000000e+00   0.000000e+00   0.000000e+00
  5.720000e+02   0.000000e+00   0.000000e+00   0.000000e+00   0.000000e+00   0.000000e+00   0.000000e+00
  5.730000e+02   0.000000e+00   0.000000e+00   0.000000e+00   0.000000e+00   0.000000e+00   0.000000e+00
  5.740000e+02   0.000000e+00   0.000000e+00   0.000000e+00   0.000000e+00   0.000000e+00   0.000000e+00
  5.750000e+02   0.000000e+00   0.000000e+00   0.000000e+00   0.000000e+00   0.000000e+00   0.000000e+00
  5.760000e+02   0.000000e+00   0.000000e+00   0.000000e+00   0.000000e+00   0.000000e+00   0.000000e+00
  5.770000e+02   0.000000e+00   0.000000e+00   0.000000e+00   0.000000e+00   0.000000e+00   0.000000e+00
  5.780000e+02   0.000000e+00   0.000000e+00   0.000000e+00   0.000000e+00   0.000000e+00   0.000000e+00
  5.790000e+02   0.000000e+00   0.000000e+00   0.000000e+00   0.000000e+00   0.000000e+00   0.000000e+00
  5.800000e+02   0.000000e+00   0.000000e+00   0.000000e+00   0.000000e+00   0.000000e+00   0.000000e+00
  5.810000e+02   0.000000e+00   0.000000e+00   0.000000e+00   0.000000e+00   0.000000e+00   0.000000e+00
  5.820000e+02   0.000000e+00   0.000000e+00   0.000000e+00   0.000000e+00   0.000000e+00   0.000000e+00
  5.830000e+02   0.000000e+00   0.000000e+00   0.000000e+00   0.000000e+00   0.000000e+00   0.000000e+00
  5.840000e+02   0.000000e+00   0.000000e+00   0.000000e+00   0.000000e+00   2.312879e-09   0.000000e+00
  5.850000e+02   0.000000e+00   0.000000e+00   0.000000e+00   0.000000e+00   0.000000e+00   0.000000e+00
  5.860000e+02   0.000000e+00   0.000000e+00   0.000000e+00   0.000000e+00   0.000000e+00   0.000000e+00
  5.870000e+02   0.000000e+00   0.000000e+00   0.000000e+00   0.000000e+00   2.312879e-09   0.000000e+00
  5.880000e+02   1.007186e-08   0.000000e+00   1.000000e+00   0.000000e+00   0.000000e+00   0.000000e+00
