#            n        P[xf,n]        P[sf,n]        P[xf|n]        P[sf|n]     P[xf,n|sf]     P[sf,n|xf]  
  0.000000e+00   0.000000e+00   0.000000e+00   0.000000e+00   0.000000e+00   0.000000e+00   0.000000e+00
  1.000000e+00   2.413392e-02   1.332847e-01   2.413207e-02   1.332796e-01   1.675703e-01   2.225799e-01
  2.000000e+00   3.555516e-02   1.085308e-01   3.643175e-02   1.252159e-01   4.265478e-02   1.632432e-01
  3.000000e+00   4.083361e-02   8.760991e-02   4.342246e-02   1.155474e-01   4.103348e-02   1.210577e-01
  4.000000e+00   4.270550e-02   7.167850e-02   4.747469e-02   1.068866e-01   3.919595e-02   9.082046e-02
  5.000000e+00   4.281123e-02   5.979517e-02   4.996446e-02   9.983792e-02   3.729417e-02   6.901947e-02
  6.000000e+00   4.183266e-02   5.082907e-02   5.139026e-02   9.428064e-02   3.538741e-02   5.318927e-02
  7.000000e+00   4.035841e-02   4.397819e-02   5.226531e-02   9.006493e-02   3.354939e-02   4.152197e-02
  8.000000e+00   3.863208e-02   3.857970e-02   5.278888e-02   8.682972e-02   3.176753e-02   3.289594e-02
  9.000000e+00   3.677695e-02   3.421838e-02   5.305481e-02   8.433714e-02   3.007352e-02   2.639625e-02
  1.000000e+01   3.488821e-02   3.058621e-02   5.315015e-02   8.232868e-02   2.844918e-02   2.152197e-02
  1.100000e+01   3.306322e-02   2.757035e-02   5.319756e-02   8.086904e-02   2.692287e-02   1.776741e-02
  1.200000e+01   3.127918e-02   2.493354e-02   5.315501e-02   7.956977e-02   2.547388e-02   1.486182e-02
  1.300000e+01   2.959220e-02   2.269005e-02   5.311154e-02   7.867022e-02   2.411240e-02   1.260940e-02
  1.400000e+01   2.798646e-02   2.071590e-02   5.304718e-02   7.795879e-02   2.281957e-02   1.082378e-02
  1.500000e+01   2.646023e-02   1.896292e-02   5.296404e-02   7.739592e-02   2.159520e-02   9.391569e-03
  1.600000e+01   2.503425e-02   1.738632e-02   5.291239e-02   7.691423e-02   2.044287e-02   8.223854e-03
  1.700000e+01   2.366935e-02   1.595599e-02   5.282273e-02   7.646848e-02   1.935694e-02   7.258456e-03
  1.800000e+01   2.236307e-02   1.465917e-02   5.269099e-02   7.607081e-02   1.832106e-02   6.462947e-03
  1.900000e+01   2.116617e-02   1.348855e-02   5.264500e-02   7.575947e-02   1.735412e-02   5.781414e-03
  2.000000e+01   2.001074e-02   1.243351e-02   5.253721e-02   7.555829e-02   1.643263e-02   5.219022e-03
  2.100000e+01   1.892249e-02   1.147355e-02   5.243502e-02   7.542381e-02   1.555768e-02   4.739222e-03
  2.200000e+01   1.791888e-02   1.057404e-02   5.240188e-02   7.518145e-02   1.473964e-02   4.295244e-03
  2.300000e+01   1.695993e-02   9.757227e-03   5.234046e-02   7.501380e-02   1.396317e-02   3.901292e-03
  2.400000e+01   1.605299e-02   9.010617e-03   5.227799e-02   7.489208e-02   1.322264e-02   3.577468e-03
  2.500000e+01   1.519823e-02   8.324792e-03   5.222478e-02   7.479358e-02   1.253247e-02   3.282905e-03
  2.600000e+01   1.439669e-02   7.682125e-03   5.219671e-02   7.459943e-02   1.187471e-02   3.003503e-03
  2.700000e+01   1.362982e-02   7.109043e-03   5.213797e-02   7.459981e-02   1.124807e-02   2.770986e-03
  2.800000e+01   1.291175e-02   6.553784e-03   5.210818e-02   7.431745e-02   1.065976e-02   2.531608e-03
  2.900000e+01   1.220293e-02   6.066116e-03   5.195508e-02   7.431035e-02   1.010812e-02   2.350202e-03
  3.000000e+01   1.158144e-02   5.608374e-03   5.201152e-02   7.421858e-02   9.573090e-03   2.156170e-03
  3.100000e+01   1.096587e-02   5.183544e-03   5.194922e-02   7.409623e-02   9.076514e-03   1.990970e-03
  3.200000e+01   1.038097e-02   4.798447e-03   5.187335e-02   7.408079e-02   8.604616e-03   1.838882e-03
  3.300000e+01   9.833347e-03   4.442646e-03   5.182543e-02   7.407558e-02   8.154487e-03   1.707082e-03
  3.400000e+01   9.326035e-03   4.098794e-03   5.183842e-02   7.381010e-02   7.732456e-03   1.570235e-03
  3.500000e+01   8.813847e-03   3.791462e-03   5.167015e-02   7.371696e-02   7.330292e-03   1.448259e-03
  3.600000e+01   8.384145e-03   3.507771e-03   5.182931e-02   7.362920e-02   6.946421e-03   1.345800e-03
  3.700000e+01   7.920675e-03   3.251425e-03   5.164089e-02   7.367317e-02   6.585569e-03   1.243334e-03
  3.800000e+01   7.522804e-03   3.008596e-03   5.171780e-02   7.359308e-02   6.249170e-03   1.148310e-03
  3.900000e+01   7.127338e-03   2.778805e-03   5.167156e-02   7.337205e-02   5.919617e-03   1.061807e-03
  4.000000e+01   6.749844e-03   2.570516e-03   5.160133e-02   7.324695e-02   5.617526e-03   9.790283e-04
  4.100000e+01   6.407535e-03   2.376315e-03   5.164984e-02   7.306522e-02   5.325724e-03   9.081796e-04
  4.200000e+01   6.059622e-03   2.199362e-03   5.150583e-02   7.295527e-02   5.047669e-03   8.393638e-04
  4.300000e+01   5.741757e-03   2.049805e-03   5.145443e-02   7.334548e-02   4.790078e-03   7.826152e-04
  4.400000e+01   5.448458e-03   1.888188e-03   5.147484e-02   7.291053e-02   4.542477e-03   7.155730e-04
  4.500000e+01   5.164077e-03   1.744262e-03   5.143600e-02   7.265021e-02   4.306582e-03   6.657246e-04
  4.600000e+01   4.897765e-03   1.622226e-03   5.142892e-02   7.286084e-02   4.086994e-03   6.243072e-04
  4.700000e+01   4.636897e-03   1.498812e-03   5.132970e-02   7.260849e-02   3.878039e-03   5.691946e-04
  4.800000e+01   4.385999e-03   1.393535e-03   5.117956e-02   7.279423e-02   3.674745e-03   5.332276e-04
  4.900000e+01   4.162234e-03   1.286227e-03   5.118848e-02   7.246398e-02   3.485947e-03   4.901742e-04
  5.000000e+01   3.951955e-03   1.193677e-03   5.122469e-02   7.250402e-02   3.307087e-03   4.536241e-04
  5.100000e+01   3.756522e-03   1.103023e-03   5.132061e-02   7.223536e-02   3.139558e-03   4.189287e-04
  5.200000e+01   3.543700e-03   1.022618e-03   5.103231e-02   7.218430e-02   2.976850e-03   3.922592e-04
  5.300000e+01   3.366952e-03   9.511420e-04   5.109470e-02   7.236277e-02   2.824847e-03   3.644073e-04
  5.400000e+01   3.201844e-03   8.802477e-04   5.120564e-02   7.219355e-02   2.681887e-03   3.375273e-04
  5.500000e+01   3.034711e-03   8.166201e-04   5.115230e-02   7.218686e-02   2.544796e-03   3.116596e-04
  5.600000e+01   2.866412e-03   7.535747e-04   5.092034e-02   7.179692e-02   2.412660e-03   2.881081e-04
  5.700000e+01   2.721034e-03   6.989603e-04   5.093140e-02   7.174487e-02   2.287562e-03   2.666138e-04
  5.800000e+01   2.580175e-03   6.502186e-04   5.088674e-02   7.190056e-02   2.174509e-03   2.486182e-04
  5.900000e+01   2.450575e-03   5.983451e-04   5.092218e-02   7.129039e-02   2.059248e-03   2.273668e-04
  6.000000e+01   2.323033e-03   5.569338e-04   5.086203e-02   7.145034e-02   1.958170e-03   2.124083e-04
  6.100000e+01   2.203800e-03   5.192579e-04   5.083737e-02   7.174319e-02   1.856006e-03   1.969719e-04
  6.200000e+01   2.089079e-03   4.807745e-04   5.077243e-02   7.156050e-02   1.763053e-03   1.844916e-04
  6.300000e+01   1.986523e-03   4.465746e-04   5.086263e-02   7.159373e-02   1.672739e-03   1.716549e-04
  6.400000e+01   1.882793e-03   4.120645e-04   5.079019e-02   7.115570e-02   1.588649e-03   1.552629e-04
  6.500000e+01   1.788288e-03   3.824243e-04   5.082231e-02   7.109659e-02   1.509945e-03   1.448478e-04
  6.600000e+01   1.694172e-03   3.558098e-04   5.072570e-02   7.121176e-02   1.431819e-03   1.374778e-04
  6.700000e+01   1.610957e-03   3.288722e-04   5.081196e-02   7.086770e-02   1.358369e-03   1.256373e-04
  6.800000e+01   1.528027e-03   3.068981e-04   5.077637e-02   7.117711e-02   1.289563e-03   1.160159e-04
  6.900000e+01   1.450053e-03   2.826293e-04   5.076303e-02   7.057197e-02   1.222567e-03   1.092048e-04
  7.000000e+01   1.374865e-03   2.637446e-04   5.070498e-02   7.085749e-02   1.161286e-03   1.004094e-04
  7.100000e+01   1.304286e-03   2.450256e-04   5.067159e-02   7.084905e-02   1.104194e-03   9.307187e-05
  7.200000e+01   1.233853e-03   2.270885e-04   5.049403e-02   7.066978e-02   1.047950e-03   8.694915e-05
  7.300000e+01   1.170806e-03   2.112591e-04   5.046214e-02   7.074349e-02   9.964514e-04   8.126376e-05
  7.400000e+01   1.110927e-03   1.944141e-04   5.042603e-02   7.005890e-02   9.457832e-04   7.364275e-05
  7.500000e+01   1.059908e-03   1.836757e-04   5.066527e-02   7.117604e-02   8.974346e-04   7.043561e-05
  7.600000e+01   1.002305e-03   1.670389e-04   5.046897e-02   6.968948e-02   8.529377e-04   6.283890e-05
  7.700000e+01   9.459563e-04   1.560625e-04   5.016364e-02   6.998784e-02   8.084079e-04   5.879758e-05
  7.800000e+01   9.033206e-04   1.453198e-04   5.043273e-02   7.007481e-02   7.683424e-04   5.606827e-05
  7.900000e+01   8.547803e-04   1.344878e-04   5.025759e-02   6.973890e-02   7.302468e-04   5.074733e-05
  8.000000e+01   8.132866e-04   1.256956e-04   5.034861e-02   7.006618e-02   6.937743e-04   4.765357e-05
  8.100000e+01   7.720763e-04   1.167632e-04   5.033169e-02   6.999136e-02   6.583412e-04   4.503765e-05
  8.200000e+01   7.334499e-04   1.079880e-04   5.034786e-02   6.960304e-02   6.249246e-04   4.127979e-05
  8.300000e+01   6.907412e-04   1.011718e-04   4.993021e-02   7.008805e-02   5.928660e-04   3.893922e-05
  8.400000e+01   6.591451e-04   9.256663e-05   5.015061e-02   6.895995e-02   5.640314e-04   3.595075e-05
  8.500000e+01   6.267471e-04   8.770521e-05   5.020356e-02   7.017777e-02   5.359028e-04   3.421760e-05
  8.600000e+01   5.935635e-04   8.129273e-05   5.005874e-02   6.995692e-02   5.078810e-04   3.118053e-05
  8.700000e+01   5.676208e-04   7.507148e-05   5.039388e-02   6.946285e-02   4.833152e-04   2.862940e-05
  8.800000e+01   5.352309e-04   6.980636e-05   5.004044e-02   6.941328e-02   4.589509e-04   2.658849e-05
  8.900000e+01   5.103492e-04   6.426928e-05   5.022822e-02   6.867428e-02   4.366790e-04   2.349473e-05
  9.000000e+01   4.818309e-04   5.926338e-05   4.992967e-02   6.799544e-02   4.145371e-04   2.294401e-05
  9.100000e+01   4.587554e-04   5.602952e-05   5.003715e-02   6.897580e-02   3.937768e-04   2.135664e-05
  9.200000e+01   4.319056e-04   5.256194e-05   4.959017e-02   6.950087e-02   3.746154e-04   1.976927e-05
  9.300000e+01   4.136656e-04   4.862691e-05   4.997446e-02   6.910024e-02   3.553199e-04   1.876501e-05
  9.400000e+01   3.921047e-04   4.505734e-05   4.986193e-02   6.878142e-02   3.376616e-04   1.751779e-05
  9.500000e+01   3.714186e-04   4.219318e-05   4.971040e-02   6.916657e-02   3.202133e-04   1.565506e-05
  9.600000e+01   3.533405e-04   3.916329e-05   4.976495e-02   6.897016e-02   3.040022e-04   1.514483e-05
  9.700000e+01   3.370848e-04   3.569996e-05   4.996188e-02   6.752835e-02   2.897786e-04   1.391381e-05
  9.800000e+01   3.210397e-04   3.364321e-05   5.008656e-02   6.824706e-02   2.755962e-04   1.280427e-05
  9.900000e+01   3.022894e-04   3.120400e-05   4.964814e-02   6.793601e-02   2.619055e-04   1.197818e-05
  1.000000e+02   2.867708e-04   2.958070e-05   4.956012e-02   6.909661e-02   2.478112e-04   1.170282e-05
  1.010000e+02   2.725480e-04   2.695451e-05   4.955861e-02   6.763558e-02   2.362598e-04   1.031792e-05
  1.020000e+02   2.590786e-04   2.538220e-05   4.956604e-02   6.831126e-02   2.244406e-04   9.653817e-06
  1.030000e+02   2.441917e-04   2.424334e-05   4.915456e-02   7.003007e-02   2.131757e-04   9.516137e-06
  1.040000e+02   2.340754e-04   2.172764e-05   4.955418e-02   6.748944e-02   2.025020e-04   8.147433e-06
  1.050000e+02   2.222907e-04   2.066527e-05   4.951308e-02   6.883617e-02   1.930340e-04   7.596712e-06
  1.060000e+02   2.085053e-04   1.881674e-05   4.886201e-02   6.731222e-02   1.834645e-04   7.353747e-06
  1.070000e+02   2.004301e-04   1.777136e-05   4.938277e-02   6.816182e-02   1.744396e-04   7.118880e-06
  1.080000e+02   1.914397e-04   1.658576e-05   4.961825e-02   6.826768e-02   1.658930e-04   6.122723e-06
  1.090000e+02   1.805297e-04   1.506019e-05   4.923374e-02   6.653025e-02   1.572390e-04   5.442420e-06
  1.100000e+02   1.730619e-04   1.440152e-05   4.964117e-02   6.815485e-02   1.497165e-04   5.450519e-06
  1.110000e+02   1.641282e-04   1.350913e-05   4.953797e-02   6.860756e-02   1.422389e-04   5.256147e-06
  1.120000e+02   1.544007e-04   1.233202e-05   4.903098e-02   6.724286e-02   1.359257e-04   4.697327e-06
  1.130000e+02   1.469573e-04   1.112516e-05   4.907365e-02   6.503540e-02   1.288639e-04   4.033222e-06
  1.140000e+02   1.388821e-04   1.078095e-05   4.877043e-02   6.740707e-02   1.225628e-04   4.114211e-06
  1.150000e+02   1.341600e-04   9.833319e-06   4.952772e-02   6.592780e-02   1.165136e-04   3.911740e-06
  1.160000e+02   1.253235e-04   9.076909e-06   4.867683e-02   6.515175e-02   1.104268e-04   3.288129e-06
  1.170000e+02   1.193542e-04   8.541474e-06   4.873080e-02   6.558126e-02   1.053483e-04   3.199042e-06
  1.180000e+02   1.146970e-04   7.976292e-06   4.922843e-02   6.554000e-02   1.002521e-04   3.223338e-06
  1.190000e+02   1.073588e-04   7.338868e-06   4.846488e-02   6.453180e-02   9.488100e-05   2.777902e-06
  1.200000e+02   1.019889e-04   7.300623e-06   4.838592e-02   6.862667e-02   9.059162e-05   2.583530e-06
  1.210000e+02   9.852227e-05   6.425228e-06   4.911810e-02   6.484817e-02   8.629132e-05   2.332466e-06
  1.220000e+02   9.243145e-05   6.531465e-06   4.846189e-02   7.049165e-02   8.188661e-05   2.696914e-06
  1.230000e+02   8.872998e-05   5.868545e-06   4.889075e-02   6.814033e-02   7.836818e-05   2.543036e-06
  1.240000e+02   8.416996e-05   5.265117e-06   4.876286e-02   6.560415e-02   7.416319e-05   2.154291e-06
  1.250000e+02   7.965854e-05   5.269367e-06   4.851495e-02   7.026690e-02   7.082566e-05   1.927524e-06
  1.260000e+02   7.666173e-05   4.631944e-06   4.907069e-02   6.643506e-02   6.730966e-05   1.749349e-06
  1.270000e+02   7.195592e-05   4.287735e-06   4.843555e-02   6.587452e-02   6.420524e-05   1.716954e-06
  1.280000e+02   6.805196e-05   3.701305e-06   4.813934e-02   6.087503e-02   6.073598e-05   1.368704e-06
  1.290000e+02   6.536293e-05   3.624815e-06   4.857554e-02   6.348143e-02   5.821068e-05   1.401099e-06
  1.300000e+02   6.281969e-05   3.297604e-06   4.906935e-02   6.166561e-02   5.521309e-05   1.036652e-06
  1.310000e+02   5.938550e-05   3.059632e-06   4.878049e-02   6.097561e-02   5.245529e-05   1.117640e-06
  1.320000e+02   5.645349e-05   3.021387e-06   4.875012e-02   6.412338e-02   4.990267e-05   1.214826e-06
  1.330000e+02   5.390215e-05   2.664430e-06   4.893310e-02   6.042209e-02   4.753884e-05   9.799596e-07
  1.340000e+02   5.059755e-05   2.655931e-06   4.829644e-02   6.410256e-02   4.539233e-05   9.556631e-07
  1.350000e+02   4.778703e-05   2.485951e-06   4.792851e-02   6.410959e-02   4.316327e-05   8.341805e-07
  1.360000e+02   4.538957e-05   2.341469e-06   4.781570e-02   6.451991e-02   4.108778e-05   8.422794e-07
  1.370000e+02   4.322701e-05   2.209735e-06   4.782472e-02   6.508950e-02   3.912460e-05   1.020454e-06
  1.380000e+02   4.084576e-05   2.044004e-06   4.746040e-02   6.439952e-02   3.705033e-05   7.288956e-07
  1.390000e+02   3.927446e-05   1.882524e-06   4.790934e-02   6.339439e-02   3.558918e-05   6.803026e-07
  1.400000e+02   3.803523e-05   1.801784e-06   4.873240e-02   6.478228e-02   3.391677e-05   7.207968e-07
  1.410000e+02   3.624524e-05   1.636053e-06   4.881854e-02   6.289822e-02   3.227289e-05   6.560060e-07
  1.420000e+02   3.368580e-05   1.487321e-06   4.769988e-02   6.101813e-02   3.037649e-05   6.155118e-07
  1.430000e+02   3.203351e-05   1.487321e-06   4.763339e-02   6.498329e-02   2.900639e-05   5.345234e-07
  1.440000e+02   3.165283e-05   1.279096e-06   4.942144e-02   5.976966e-02   2.777166e-05   4.697327e-07
  1.450000e+02   2.994384e-05   1.355587e-06   4.918447e-02   6.737064e-02   2.615814e-05   5.021281e-07
  1.460000e+02   2.771647e-05   1.109117e-06   4.788090e-02   5.910326e-02   2.516259e-05   3.644478e-07
  1.470000e+02   2.639626e-05   1.083620e-06   4.789337e-02   6.137184e-02   2.381313e-05   3.725466e-07
  1.480000e+02   2.467916e-05   1.019877e-06   4.703031e-02   6.153846e-02   2.257172e-05   3.968432e-07
  1.490000e+02   2.353714e-05   1.083620e-06   4.706759e-02   6.967213e-02   2.169211e-05   3.158548e-07
  1.500000e+02   2.295397e-05   9.518856e-07   4.816861e-02   6.578561e-02   2.046528e-05   3.077559e-07
  1.510000e+02   2.160946e-05   7.436607e-07   4.764201e-02   5.501415e-02   1.949644e-05   3.320524e-07
  1.520000e+02   1.989236e-05   8.371494e-07   4.605029e-02   6.553560e-02   1.882505e-05   3.239536e-07
  1.530000e+02   1.889612e-05   8.074030e-07   4.585569e-02   6.763973e-02   1.787199e-05   3.482501e-07
  1.540000e+02   1.864504e-05   6.841678e-07   4.742090e-02   6.147384e-02   1.700573e-05   2.510640e-07
  1.550000e+02   1.730052e-05   5.991780e-07   4.619277e-02   5.736371e-02   1.622325e-05   2.672617e-07
  1.560000e+02   1.652297e-05   6.289244e-07   4.625326e-02   6.387570e-02   1.554458e-05   2.429652e-07
  1.570000e+02   1.575352e-05   5.481841e-07   4.623797e-02   5.947441e-02   1.475299e-05   1.781745e-07
  1.580000e+02   1.580212e-05   4.886913e-07   4.862911e-02   5.637255e-02   1.419937e-05   1.862733e-07
  1.590000e+02   1.493547e-05   5.524336e-07   4.831146e-02   6.753247e-02   1.340414e-05   1.943722e-07
  1.600000e+02   1.399593e-05   4.759428e-07   4.757054e-02   6.239554e-02   1.296403e-05   1.781745e-07
  1.610000e+02   1.359095e-05   4.376974e-07   4.850132e-02   6.120024e-02   1.216213e-05   1.862733e-07
  1.620000e+02   1.234363e-05   5.014398e-07   4.629686e-02   7.468354e-02   1.157269e-05   1.376803e-07
  1.630000e+02   1.204395e-05   4.376974e-07   4.736574e-02   7.045144e-02   1.106702e-05   2.672617e-07
  1.640000e+02   1.152558e-05   3.102127e-07   4.758242e-02   5.371597e-02   1.064998e-05   1.619768e-07
  1.650000e+02   1.011627e-05   3.654561e-07   4.385226e-02   6.687403e-02   1.014978e-05   1.133838e-07
  1.660000e+02   1.052125e-05   3.017138e-07   4.769948e-02   5.916667e-02   9.485672e-06   1.052849e-07
  1.670000e+02   1.009197e-05   3.442086e-07   4.804504e-02   7.174491e-02   9.222214e-06   9.718608e-08
  1.680000e+02   9.565505e-06   2.124745e-07   4.783701e-02   4.770992e-02   8.737186e-06   7.288956e-08
  1.690000e+02   8.949943e-06   3.187117e-07   4.700727e-02   7.515030e-02   8.354748e-06   1.619768e-07
  1.700000e+02   8.553068e-06   2.592189e-07   4.713865e-02   6.608884e-02   7.829655e-06   1.376803e-07
  1.710000e+02   8.237187e-06   2.294724e-07   4.764359e-02   6.264501e-02   7.503672e-06   1.133838e-07
  1.720000e+02   7.921307e-06   2.124745e-07   4.811098e-02   6.188119e-02   7.155229e-06   8.098840e-08
  1.730000e+02   7.176153e-06   2.082250e-07   4.578811e-02   6.464380e-02   6.800715e-06   1.214826e-07
  1.740000e+02   7.070860e-06   1.954765e-07   4.728120e-02   6.488011e-02   6.471697e-06   6.479072e-08
  1.750000e+02   6.665885e-06   1.657301e-07   4.678795e-02   5.891239e-02   6.259839e-06   7.288956e-08
  1.760000e+02   6.495796e-06   1.784786e-07   4.783205e-02   6.741573e-02   5.857976e-06   4.859304e-08
  1.770000e+02   5.637249e-06   1.444826e-07   4.359536e-02   5.851979e-02   5.755992e-06   6.479072e-08
  1.780000e+02   5.872135e-06   1.104867e-07   4.748183e-02   4.753199e-02   5.343202e-06   8.098840e-08
  1.790000e+02   5.167478e-06   8.923928e-08   4.386689e-02   4.030710e-02   5.044537e-06   4.859304e-08
  1.800000e+02   5.191777e-06   1.104867e-07   4.609521e-02   5.210421e-02   4.813253e-06   2.429652e-08
  1.810000e+02   4.973090e-06   9.773826e-08   4.628722e-02   4.862579e-02   4.631747e-06   2.429652e-08
  1.820000e+02   5.054085e-06   1.189857e-07   4.932416e-02   6.222222e-02   4.398035e-06   1.619768e-08
  1.830000e+02   4.722006e-06   1.147362e-07   4.847427e-02   6.398104e-02   4.359791e-06   6.479072e-08
  1.840000e+02   4.308932e-06   8.923928e-08   4.648724e-02   5.316456e-02   4.077515e-06   4.049420e-08
  1.850000e+02   4.009250e-06   1.062372e-07   4.536290e-02   6.684492e-02   3.817093e-06   7.288956e-08
  1.860000e+02   3.717669e-06   8.074030e-08   4.406259e-02   5.444126e-02   3.684758e-06   4.049420e-08
  1.870000e+02   3.895858e-06   1.104867e-07   4.830287e-02   7.878788e-02   3.463794e-06   4.859304e-08
  1.880000e+02   3.798664e-06   8.498979e-08   4.949346e-02   6.578947e-02   3.261041e-06   2.429652e-08
  1.890000e+02   3.377490e-06   5.949285e-08   4.629732e-02   4.929577e-02   3.159665e-06   8.098840e-09
  1.900000e+02   3.272196e-06   4.674438e-08   4.703143e-02   4.074074e-02   3.039470e-06   8.098840e-09
  1.910000e+02   2.656635e-06   4.674438e-08   4.006841e-02   4.247104e-02   2.891958e-06   2.429652e-08
  1.920000e+02   2.940117e-06   6.799183e-08   4.619496e-02   6.451613e-02   2.714094e-06   2.429652e-08
  1.930000e+02   2.664734e-06   4.249489e-08   4.389593e-02   4.310345e-02   2.657639e-06   0.000000e+00
  1.940000e+02   2.324555e-06   7.649081e-08   4.005024e-02   8.108108e-02   2.491916e-06   2.429652e-08
  1.950000e+02   2.656635e-06   4.674438e-08   4.768135e-02   5.392157e-02   2.384469e-06   1.619768e-08
  1.960000e+02   2.446048e-06   4.674438e-08   4.609983e-02   5.699482e-02   2.343190e-06   2.429652e-08
  1.970000e+02   2.413650e-06   7.224132e-08   4.768763e-02   9.340659e-02   2.200535e-06   5.669188e-08
  1.980000e+02   2.308356e-06   6.799183e-08   4.789111e-02   9.696970e-02   2.068806e-06   4.049420e-08
  1.990000e+02   2.178764e-06   2.974643e-08   4.747617e-02   4.697987e-02   2.106443e-06   1.619768e-08
  2.000000e+02   1.992476e-06   3.399592e-08   4.558088e-02   5.633803e-02   1.851485e-06   1.619768e-08
  2.010000e+02   1.619899e-06   1.274847e-08   3.882741e-02   2.238806e-02   1.837523e-06   1.619768e-08
  2.020000e+02   1.927680e-06   2.124745e-08   4.807110e-02   3.816794e-02   1.780460e-06   0.000000e+00
  2.030000e+02   1.692795e-06   2.124745e-08   4.434543e-02   3.968254e-02   1.700331e-06   0.000000e+00
  2.040000e+02   1.862884e-06   1.699796e-08   5.106572e-02   3.305785e-02   1.611702e-06   8.098840e-09
  2.050000e+02   1.530805e-06   1.699796e-08   4.422087e-02   3.418803e-02   1.551605e-06   8.098840e-09
  2.060000e+02   1.595601e-06   2.974643e-08   4.822521e-02   6.194690e-02   1.486044e-06   8.098840e-09
  2.070000e+02   1.457909e-06   3.824541e-08   4.629630e-02   8.490566e-02   1.401665e-06   0.000000e+00
  2.080000e+02   1.449810e-06   1.699796e-08   4.827400e-02   4.123711e-02   1.354922e-06   0.000000e+00
  2.090000e+02   1.133929e-06   4.249489e-09   3.967129e-02   1.075269e-02   1.263259e-06   8.098840e-09
  2.100000e+02   1.142029e-06   3.399592e-08   4.160519e-02   8.695652e-02   1.234728e-06   1.619768e-08
  2.110000e+02   1.182526e-06   2.549694e-08   4.495074e-02   7.142857e-02   1.135780e-06   8.098840e-09
  2.120000e+02   1.101531e-06   1.274847e-08   4.384268e-02   3.846154e-02   1.117568e-06   8.098840e-09
  2.130000e+02   1.125830e-06   3.399592e-08   4.686446e-02   1.066667e-01   1.047758e-06   1.619768e-08
  2.140000e+02   9.962380e-07   1.699796e-08   4.350902e-02   5.970149e-02   1.065362e-06   0.000000e+00
  2.150000e+02   1.004337e-06   3.824541e-08   4.585799e-02   1.428571e-01   9.664143e-07   3.239536e-08
  2.160000e+02   9.881385e-07   1.274847e-08   4.728682e-02   5.555556e-02   8.990324e-07   0.000000e+00
  2.170000e+02   8.747456e-07   1.274847e-08   4.393816e-02   5.882353e-02   9.081380e-07   0.000000e+00
  2.180000e+02   8.180491e-07   0.000000e+00   4.297872e-02   0.000000e+00   8.674661e-07   0.000000e+00
  2.190000e+02   9.152430e-07   4.249489e-09   5.024455e-02   2.083333e-02   7.909785e-07   0.000000e+00
  2.200000e+02   7.451536e-07   4.249489e-09   4.307116e-02   2.127660e-02   7.873362e-07   0.000000e+00
  2.210000e+02   8.180491e-07   1.699796e-08   4.941292e-02   8.695652e-02   7.248107e-07   0.000000e+00
  2.220000e+02   5.831637e-07   1.274847e-08   3.705610e-02   7.142857e-02   7.327023e-07   0.000000e+00
  2.230000e+02   7.046561e-07   1.274847e-08   4.649920e-02   7.692308e-02   6.671415e-07   0.000000e+00
  2.240000e+02   6.317607e-07   8.498979e-09   4.372197e-02   5.555556e-02   6.653204e-07   8.098840e-09
  2.250000e+02   4.454723e-07   4.249489e-09   3.223916e-02   2.941176e-02   5.857976e-07   0.000000e+00
  2.260000e+02   7.127556e-07   8.498979e-09   5.330103e-02   6.060606e-02   5.961173e-07   0.000000e+00
  2.270000e+02   5.750642e-07   8.498979e-09   4.542546e-02   6.451613e-02   5.463397e-07   0.000000e+00
  2.280000e+02   4.859698e-07   8.498979e-09   4.021448e-02   6.896552e-02   5.335918e-07   0.000000e+00
  2.290000e+02   4.859698e-07   0.000000e+00   4.189944e-02   0.000000e+00   5.317707e-07   0.000000e+00
  2.300000e+02   3.482783e-07   0.000000e+00   3.134111e-02   0.000000e+00   4.522479e-07   0.000000e+00
  2.310000e+02   5.183677e-07   4.249489e-09   4.815651e-02   3.703704e-02   4.461774e-07   0.000000e+00
  2.320000e+02   4.535718e-07   1.274847e-08   4.426877e-02   1.153846e-01   4.370718e-07   0.000000e+00
  2.330000e+02   4.697708e-07   0.000000e+00   4.797353e-02   0.000000e+00   4.407140e-07   0.000000e+00
  2.340000e+02   3.806763e-07   1.699796e-08   4.083406e-02   1.739130e-01   4.170393e-07   8.098840e-09
  2.350000e+02   3.806763e-07   0.000000e+00   4.257246e-02   0.000000e+00   3.957928e-07   0.000000e+00
  2.360000e+02   3.077808e-07   8.498979e-09   3.595080e-02   1.052632e-01   3.800096e-07   8.098840e-09
  2.370000e+02   4.130743e-07   4.249489e-09   5.004907e-02   5.882353e-02   3.599772e-07   0.000000e+00
  2.380000e+02   3.887758e-07   1.274847e-08   4.958678e-02   1.875000e-01   3.350884e-07   0.000000e+00
  2.390000e+02   3.644773e-07   4.249489e-09   4.891304e-02   7.692308e-02   3.429799e-07   0.000000e+00
  2.400000e+02   3.077808e-07   0.000000e+00   4.342857e-02   0.000000e+00   3.296250e-07   0.000000e+00
  2.410000e+02   3.158803e-07   0.000000e+00   4.659498e-02   0.000000e+00   3.065573e-07   0.000000e+00
  2.420000e+02   2.996813e-07   4.249489e-09   4.636591e-02   8.333333e-02   2.895600e-07   0.000000e+00
  2.430000e+02   3.077808e-07   0.000000e+00   4.993430e-02   0.000000e+00   2.646712e-07   0.000000e+00
  2.440000e+02   2.267859e-07   0.000000e+00   3.872752e-02   0.000000e+00   2.755980e-07   0.000000e+00
  2.450000e+02   2.267859e-07   4.249489e-09   4.028777e-02   9.090909e-02   2.598149e-07   0.000000e+00
  2.460000e+02   2.510844e-07   0.000000e+00   4.647676e-02   0.000000e+00   2.349261e-07   0.000000e+00
  2.470000e+02   1.700894e-07   0.000000e+00   3.301887e-02   0.000000e+00   2.324979e-07   0.000000e+00
  2.480000e+02   2.186864e-07   4.249489e-09   4.390244e-02   1.000000e-01   2.221782e-07   0.000000e+00
  2.490000e+02   2.753829e-07   0.000000e+00   5.782313e-02   0.000000e+00   2.239993e-07   0.000000e+00
  2.500000e+02   1.700894e-07   0.000000e+00   3.790614e-02   0.000000e+00   2.003246e-07   0.000000e+00
  2.510000e+02   2.105869e-07   0.000000e+00   4.878049e-02   0.000000e+00   1.948612e-07   0.000000e+00
  2.520000e+02   2.186864e-07   0.000000e+00   5.325444e-02   0.000000e+00   1.960753e-07   0.000000e+00
  2.530000e+02   1.700894e-07   0.000000e+00   4.375000e-02   0.000000e+00   1.681512e-07   0.000000e+00
  2.540000e+02   1.862884e-07   0.000000e+00   5.010893e-02   0.000000e+00   1.663301e-07   0.000000e+00
  2.550000e+02   1.376914e-07   0.000000e+00   3.899083e-02   0.000000e+00   1.566174e-07   0.000000e+00
  2.560000e+02   1.619899e-07   0.000000e+00   4.773270e-02   0.000000e+00   1.572244e-07   0.000000e+00
  2.570000e+02   1.052934e-07   8.498979e-09   3.258145e-02   2.222222e-01   1.620808e-07   0.000000e+00
  2.580000e+02   1.133929e-07   0.000000e+00   3.626943e-02   0.000000e+00   1.377990e-07   0.000000e+00
  2.590000e+02   1.214924e-07   0.000000e+00   4.032258e-02   0.000000e+00   1.353708e-07   0.000000e+00
  2.600000e+02   1.295919e-07   4.249489e-09   4.481793e-02   1.428571e-01   1.365849e-07   0.000000e+00
  2.610000e+02   1.457909e-07   4.249489e-09   5.278592e-02   1.666667e-01   1.347638e-07   8.098840e-09
  2.620000e+02   1.214924e-07   0.000000e+00   4.643963e-02   0.000000e+00   1.147313e-07   0.000000e+00
  2.630000e+02   8.099496e-08   4.249489e-09   3.246753e-02   2.000000e-01   1.189806e-07   0.000000e+00
  2.640000e+02   1.133929e-07   0.000000e+00   4.697987e-02   0.000000e+00   1.074468e-07   0.000000e+00
  2.650000e+02   1.052934e-07   0.000000e+00   4.577465e-02   0.000000e+00   1.044116e-07   0.000000e+00
  2.660000e+02   6.479597e-08   0.000000e+00   2.952030e-02   0.000000e+00   9.227071e-08   0.000000e+00
  2.670000e+02   8.909445e-08   0.000000e+00   4.182510e-02   0.000000e+00   1.025905e-07   0.000000e+00
  2.680000e+02   1.133929e-07   0.000000e+00   5.555556e-02   0.000000e+00   9.712706e-08   0.000000e+00
  2.690000e+02   8.099496e-08   0.000000e+00   4.201681e-02   0.000000e+00   9.348480e-08   0.000000e+00
  2.700000e+02   5.669647e-08   0.000000e+00   3.070175e-02   0.000000e+00   8.134391e-08   0.000000e+00
  2.710000e+02   8.909445e-08   0.000000e+00   4.977376e-02   0.000000e+00   7.770165e-08   0.000000e+00
  2.720000e+02   5.669647e-08   0.000000e+00   3.333333e-02   0.000000e+00   7.345234e-08   0.000000e+00
  2.730000e+02   5.669647e-08   0.000000e+00   3.448276e-02   0.000000e+00   7.405938e-08   0.000000e+00
  2.740000e+02   7.289546e-08   0.000000e+00   4.591837e-02   0.000000e+00   7.163121e-08   0.000000e+00
  2.750000e+02   7.289546e-08   4.249489e-09   4.812834e-02   2.500000e-01   7.830869e-08   0.000000e+00
  2.760000e+02   5.669647e-08   0.000000e+00   3.932584e-02   0.000000e+00   6.738190e-08   0.000000e+00
  2.770000e+02   7.289546e-08   0.000000e+00   5.263158e-02   0.000000e+00   6.313259e-08   0.000000e+00
  2.780000e+02   5.669647e-08   0.000000e+00   4.320988e-02   0.000000e+00   6.131146e-08   0.000000e+00
  2.790000e+02   4.049748e-08   0.000000e+00   3.225806e-02   0.000000e+00   6.798894e-08   0.000000e+00
  2.800000e+02   2.429849e-08   0.000000e+00   2.000000e-02   0.000000e+00   5.341988e-08   0.000000e+00
  2.810000e+02   3.239798e-08   0.000000e+00   2.721088e-02   0.000000e+00   4.977762e-08   0.000000e+00
  2.820000e+02   4.859698e-08   0.000000e+00   4.195804e-02   0.000000e+00   5.402693e-08   0.000000e+00
  2.830000e+02   5.669647e-08   0.000000e+00   5.109489e-02   0.000000e+00   4.249309e-08   0.000000e+00
  2.840000e+02   4.049748e-08   0.000000e+00   3.846154e-02   0.000000e+00   4.370718e-08   0.000000e+00
  2.850000e+02   5.669647e-08   0.000000e+00   5.600000e-02   0.000000e+00   4.674240e-08   0.000000e+00
  2.860000e+02   4.859698e-08   0.000000e+00   5.084746e-02   0.000000e+00   4.795649e-08   0.000000e+00
  2.870000e+02   2.429849e-08   0.000000e+00   2.678571e-02   0.000000e+00   3.702969e-08   0.000000e+00
  2.880000e+02   4.049748e-08   0.000000e+00   4.587156e-02   0.000000e+00   3.763674e-08   0.000000e+00
  2.890000e+02   2.429849e-08   4.249489e-09   2.884615e-02   3.333333e-01   4.310013e-08   0.000000e+00
  2.900000e+02   8.099496e-09   0.000000e+00   9.900990e-03   0.000000e+00   4.674240e-08   0.000000e+00
  2.910000e+02   2.429849e-08   0.000000e+00   3.000000e-02   0.000000e+00   4.067196e-08   0.000000e+00
  2.920000e+02   4.049748e-08   0.000000e+00   5.154639e-02   0.000000e+00   3.338743e-08   0.000000e+00
  2.930000e+02   3.239798e-08   0.000000e+00   4.347826e-02   0.000000e+00   3.763674e-08   0.000000e+00
  2.940000e+02   3.239798e-08   0.000000e+00   4.545455e-02   0.000000e+00   3.278038e-08   0.000000e+00
  2.950000e+02   1.619899e-08   0.000000e+00   2.380952e-02   0.000000e+00   3.156629e-08   0.000000e+00
  2.960000e+02   1.619899e-08   0.000000e+00   2.439024e-02   0.000000e+00   3.035221e-08   0.000000e+00
  2.970000e+02   2.429849e-08   0.000000e+00   3.750000e-02   0.000000e+00   3.338743e-08   0.000000e+00
  2.980000e+02   2.429849e-08   0.000000e+00   3.896104e-02   0.000000e+00   2.913812e-08   0.000000e+00
  2.990000e+02   2.429849e-08   0.000000e+00   4.054054e-02   0.000000e+00   2.185359e-08   0.000000e+00
  3.000000e+02   3.239798e-08   0.000000e+00   5.633803e-02   0.000000e+00   2.731699e-08   0.000000e+00
  3.010000e+02   8.099496e-09   0.000000e+00   1.492537e-02   0.000000e+00   2.670994e-08   0.000000e+00
  3.020000e+02   2.429849e-08   0.000000e+00   4.545455e-02   0.000000e+00   2.003246e-08   0.000000e+00
  3.030000e+02   8.099496e-09   0.000000e+00   1.587302e-02   0.000000e+00   2.913812e-08   0.000000e+00
  3.040000e+02   0.000000e+00   0.000000e+00   0.000000e+00   0.000000e+00   2.306768e-08   0.000000e+00
  3.050000e+02   3.239798e-08   0.000000e+00   6.451613e-02   0.000000e+00   2.306768e-08   0.000000e+00
  3.060000e+02   8.099496e-09   0.000000e+00   1.724138e-02   0.000000e+00   2.306768e-08   0.000000e+00
  3.070000e+02   3.239798e-08   0.000000e+00   7.017544e-02   0.000000e+00   2.185359e-08   0.000000e+00
  3.080000e+02   8.099496e-09   0.000000e+00   1.886792e-02   0.000000e+00   2.367472e-08   0.000000e+00
  3.090000e+02   1.619899e-08   0.000000e+00   3.846154e-02   0.000000e+00   2.246063e-08   0.000000e+00
  3.100000e+02   1.619899e-08   0.000000e+00   4.000000e-02   0.000000e+00   1.699724e-08   0.000000e+00
  3.110000e+02   1.619899e-08   0.000000e+00   4.166667e-02   0.000000e+00   1.578315e-08   0.000000e+00
  3.120000e+02   1.619899e-08   0.000000e+00   4.347826e-02   0.000000e+00   1.578315e-08   0.000000e+00
  3.130000e+02   1.619899e-08   0.000000e+00   4.545455e-02   0.000000e+00   1.881837e-08   0.000000e+00
  3.140000e+02   0.000000e+00   0.000000e+00   0.000000e+00   0.000000e+00   1.699724e-08   0.000000e+00
  3.150000e+02   8.099496e-09   0.000000e+00   2.380952e-02   0.000000e+00   1.760428e-08   0.000000e+00
  3.160000e+02   2.429849e-08   0.000000e+00   7.317073e-02   0.000000e+00   1.274793e-08   0.000000e+00
  3.170000e+02   2.429849e-08   0.000000e+00   7.894737e-02   0.000000e+00   1.578315e-08   0.000000e+00
  3.180000e+02   1.619899e-08   0.000000e+00   5.714286e-02   0.000000e+00   1.456906e-08   0.000000e+00
  3.190000e+02   0.000000e+00   0.000000e+00   0.000000e+00   0.000000e+00   1.214088e-08   0.000000e+00
  3.200000e+02   2.429849e-08   0.000000e+00   9.090909e-02   0.000000e+00   1.335497e-08   0.000000e+00
  3.210000e+02   8.099496e-09   0.000000e+00   3.333333e-02   0.000000e+00   9.105662e-09   0.000000e+00
  3.220000e+02   8.099496e-09   0.000000e+00   3.448276e-02   0.000000e+00   1.153384e-08   0.000000e+00
  3.230000e+02   0.000000e+00   4.249489e-09   0.000000e+00   5.000000e-01   1.153384e-08   0.000000e+00
  3.240000e+02   1.619899e-08   0.000000e+00   7.142857e-02   0.000000e+00   9.712706e-09   0.000000e+00
  3.250000e+02   8.099496e-09   0.000000e+00   3.846154e-02   0.000000e+00   9.105662e-09   0.000000e+00
  3.260000e+02   0.000000e+00   4.249489e-09   0.000000e+00   1.000000e+00   1.396201e-08   0.000000e+00
  3.270000e+02   1.619899e-08   0.000000e+00   8.000000e-02   0.000000e+00   1.274793e-08   0.000000e+00
  3.280000e+02   0.000000e+00   0.000000e+00   0.000000e+00   0.000000e+00   1.092679e-08   0.000000e+00
  3.290000e+02   8.099496e-09   0.000000e+00   4.347826e-02   0.000000e+00   7.284530e-09   0.000000e+00
  3.300000e+02   0.000000e+00   0.000000e+00   0.000000e+00   0.000000e+00   1.396201e-08   0.000000e+00
  3.310000e+02   2.429849e-08   0.000000e+00   1.363636e-01   0.000000e+00   1.092679e-08   0.000000e+00
  3.320000e+02   8.099496e-09   0.000000e+00   5.263158e-02   0.000000e+00   1.153384e-08   0.000000e+00
  3.330000e+02   0.000000e+00   0.000000e+00   0.000000e+00   0.000000e+00   7.284530e-09   0.000000e+00
  3.340000e+02   8.099496e-09   0.000000e+00   5.555556e-02   0.000000e+00   4.856353e-09   0.000000e+00
  3.350000e+02   8.099496e-09   0.000000e+00   5.882353e-02   0.000000e+00   2.428177e-09   0.000000e+00
  3.360000e+02   0.000000e+00   0.000000e+00   0.000000e+00   0.000000e+00   7.891574e-09   0.000000e+00
  3.370000e+02   1.619899e-08   0.000000e+00   1.250000e-01   0.000000e+00   5.463397e-09   0.000000e+00
  3.380000e+02   8.099496e-09   0.000000e+00   7.142857e-02   0.000000e+00   4.856353e-09   0.000000e+00
  3.390000e+02   8.099496e-09   0.000000e+00   7.692308e-02   0.000000e+00   3.642265e-09   0.000000e+00
  3.400000e+02   8.099496e-09   0.000000e+00   8.333333e-02   0.000000e+00   3.035221e-09   0.000000e+00
  3.410000e+02   8.099496e-09   0.000000e+00   9.090909e-02   0.000000e+00   4.249309e-09   0.000000e+00
  3.420000e+02   8.099496e-09   0.000000e+00   1.000000e-01   0.000000e+00   2.428177e-09   0.000000e+00
  3.430000e+02   0.000000e+00   0.000000e+00   0.000000e+00   0.000000e+00   5.463397e-09   0.000000e+00
  3.440000e+02   0.000000e+00   0.000000e+00   0.000000e+00   0.000000e+00   2.428177e-09   0.000000e+00
  3.450000e+02   0.000000e+00   0.000000e+00   0.000000e+00   0.000000e+00   3.035221e-09   0.000000e+00
  3.460000e+02   8.099496e-09   0.000000e+00   1.111111e-01   0.000000e+00   3.035221e-09   0.000000e+00
  3.470000e+02   0.000000e+00   0.000000e+00   0.000000e+00   0.000000e+00   2.428177e-09   0.000000e+00
  3.480000e+02   0.000000e+00   0.000000e+00   0.000000e+00   0.000000e+00   3.642265e-09   0.000000e+00
  3.490000e+02   8.099496e-09   0.000000e+00   1.250000e-01   0.000000e+00   3.035221e-09   0.000000e+00
  3.500000e+02   0.000000e+00   0.000000e+00   0.000000e+00   0.000000e+00   4.856353e-09   0.000000e+00
  3.510000e+02   0.000000e+00   0.000000e+00   0.000000e+00   0.000000e+00   2.428177e-09   0.000000e+00
  3.520000e+02   8.099496e-09   0.000000e+00   1.428571e-01   0.000000e+00   3.642265e-09   0.000000e+00
  3.530000e+02   0.000000e+00   0.000000e+00   0.000000e+00   0.000000e+00   1.214088e-09   0.000000e+00
  3.540000e+02   0.000000e+00   0.000000e+00   0.000000e+00   0.000000e+00   1.821132e-09   0.000000e+00
  3.550000e+02   0.000000e+00   0.000000e+00   0.000000e+00   0.000000e+00   4.249309e-09   0.000000e+00
  3.560000e+02   0.000000e+00   0.000000e+00   0.000000e+00   0.000000e+00   1.821132e-09   0.000000e+00
  3.570000e+02   0.000000e+00   0.000000e+00   0.000000e+00   0.000000e+00   3.642265e-09   0.000000e+00
  3.580000e+02   0.000000e+00   0.000000e+00   0.000000e+00   0.000000e+00   3.035221e-09   0.000000e+00
  3.590000e+02   0.000000e+00   0.000000e+00   0.000000e+00   0.000000e+00   2.428177e-09   0.000000e+00
  3.600000e+02   0.000000e+00   0.000000e+00   0.000000e+00   0.000000e+00   2.428177e-09   0.000000e+00
  3.610000e+02   8.099496e-09   0.000000e+00   1.666667e-01   0.000000e+00   3.035221e-09   0.000000e+00
  3.620000e+02   0.000000e+00   0.000000e+00   0.000000e+00   0.000000e+00   4.249309e-09   0.000000e+00
  3.630000e+02   1.619899e-08   0.000000e+00   4.000000e-01   0.000000e+00   1.214088e-09   0.000000e+00
  3.640000e+02   0.000000e+00   0.000000e+00   0.000000e+00   0.000000e+00   1.214088e-09   0.000000e+00
  3.650000e+02   0.000000e+00   0.000000e+00   0.000000e+00   0.000000e+00   6.070441e-10   0.000000e+00
  3.660000e+02   0.000000e+00   0.000000e+00   0.000000e+00   0.000000e+00   2.428177e-09   0.000000e+00
  3.670000e+02   0.000000e+00   0.000000e+00   0.000000e+00   0.000000e+00   6.070441e-10   0.000000e+00
  3.680000e+02   8.099496e-09   0.000000e+00   3.333333e-01   0.000000e+00   2.428177e-09   0.000000e+00
  3.690000e+02   0.000000e+00   0.000000e+00   0.000000e+00   0.000000e+00   1.821132e-09   0.000000e+00
  3.700000e+02   0.000000e+00   0.000000e+00   0.000000e+00   0.000000e+00   1.821132e-09   0.000000e+00
  3.710000e+02   0.000000e+00   0.000000e+00   0.000000e+00   0.000000e+00   6.070441e-10   0.000000e+00
  3.720000e+02   0.000000e+00   0.000000e+00   0.000000e+00   0.000000e+00   1.214088e-09   0.000000e+00
  3.730000e+02   0.000000e+00   0.000000e+00   0.000000e+00   0.000000e+00   0.000000e+00   0.000000e+00
  3.740000e+02   0.000000e+00   0.000000e+00   0.000000e+00   0.000000e+00   0.000000e+00   0.000000e+00
  3.750000e+02   0.000000e+00   0.000000e+00   0.000000e+00   0.000000e+00   6.070441e-10   0.000000e+00
  3.760000e+02   0.000000e+00   0.000000e+00   0.000000e+00   0.000000e+00   1.214088e-09   0.000000e+00
  3.770000e+02   0.000000e+00   0.000000e+00   0.000000e+00   0.000000e+00   0.000000e+00   0.000000e+00
  3.780000e+02   0.000000e+00   0.000000e+00   0.000000e+00   0.000000e+00   1.821132e-09   0.000000e+00
  3.790000e+02   0.000000e+00   0.000000e+00   0.000000e+00   0.000000e+00   1.214088e-09   0.000000e+00
  3.800000e+02   0.000000e+00   0.000000e+00   0.000000e+00   0.000000e+00   6.070441e-10   0.000000e+00
  3.810000e+02   0.000000e+00   0.000000e+00   0.000000e+00   0.000000e+00   1.214088e-09   0.000000e+00
  3.820000e+02   0.000000e+00   0.000000e+00   0.000000e+00   0.000000e+00   0.000000e+00   0.000000e+00
  3.830000e+02   0.000000e+00   0.000000e+00   0.000000e+00   0.000000e+00   1.214088e-09   0.000000e+00
  3.840000e+02   0.000000e+00   0.000000e+00   0.000000e+00   0.000000e+00   6.070441e-10   0.000000e+00
  3.850000e+02   0.000000e+00   0.000000e+00   0.000000e+00   0.000000e+00   1.214088e-09   0.000000e+00
  3.860000e+02   0.000000e+00   0.000000e+00   0.000000e+00   0.000000e+00   1.214088e-09   0.000000e+00
  3.870000e+02   0.000000e+00   0.000000e+00   0.000000e+00   0.000000e+00   1.214088e-09   0.000000e+00
  3.880000e+02   0.000000e+00   0.000000e+00   0.000000e+00   0.000000e+00   1.214088e-09   0.000000e+00
  3.890000e+02   0.000000e+00   0.000000e+00   0.000000e+00   0.000000e+00   6.070441e-10   0.000000e+00
  3.900000e+02   0.000000e+00   0.000000e+00   0.000000e+00   0.000000e+00   6.070441e-10   0.000000e+00
  3.910000e+02   0.000000e+00   0.000000e+00   0.000000e+00   0.000000e+00   1.214088e-09   0.000000e+00
  3.920000e+02   0.000000e+00   0.000000e+00   0.000000e+00   0.000000e+00   1.214088e-09   0.000000e+00
  3.930000e+02   0.000000e+00   0.000000e+00   0.000000e+00   0.000000e+00   0.000000e+00   0.000000e+00
  3.940000e+02   0.000000e+00   0.000000e+00   0.000000e+00   0.000000e+00   6.070441e-10   0.000000e+00
  3.950000e+02   8.099496e-09   0.000000e+00   5.000000e-01   0.000000e+00   6.070441e-10   0.000000e+00
  3.960000e+02   0.000000e+00   0.000000e+00   0.000000e+00   0.000000e+00   6.070441e-10   0.000000e+00
  3.970000e+02   0.000000e+00   0.000000e+00   0.000000e+00   0.000000e+00   0.000000e+00   0.000000e+00
  3.980000e+02   0.000000e+00   0.000000e+00   0.000000e+00   0.000000e+00   1.214088e-09   0.000000e+00
  3.990000e+02   0.000000e+00   0.000000e+00   0.000000e+00   0.000000e+00   0.000000e+00   0.000000e+00
  4.000000e+02   0.000000e+00   0.000000e+00   0.000000e+00   0.000000e+00   6.070441e-10   0.000000e+00
  4.010000e+02   0.000000e+00   0.000000e+00   0.000000e+00   0.000000e+00   6.070441e-10   0.000000e+00
  4.020000e+02   0.000000e+00   0.000000e+00   0.000000e+00   0.000000e+00   0.000000e+00   0.000000e+00
  4.030000e+02   0.000000e+00   0.000000e+00   0.000000e+00   0.000000e+00   6.070441e-10   0.000000e+00
  4.040000e+02   0.000000e+00   0.000000e+00   0.000000e+00   0.000000e+00   0.000000e+00   0.000000e+00
  4.050000e+02   0.000000e+00   0.000000e+00   0.000000e+00   0.000000e+00   0.000000e+00   0.000000e+00
  4.060000e+02   0.000000e+00   0.000000e+00   0.000000e+00   0.000000e+00   1.821132e-09   0.000000e+00
  4.070000e+02   0.000000e+00   0.000000e+00   0.000000e+00   0.000000e+00   0.000000e+00   0.000000e+00
  4.080000e+02   0.000000e+00   0.000000e+00   0.000000e+00   0.000000e+00   6.070441e-10   0.000000e+00
  4.090000e+02   0.000000e+00   0.000000e+00   0.000000e+00   0.000000e+00   0.000000e+00   0.000000e+00
  4.100000e+02   0.000000e+00   0.000000e+00   0.000000e+00   0.000000e+00   0.000000e+00   0.000000e+00
  4.110000e+02   0.000000e+00   0.000000e+00   0.000000e+00   0.000000e+00   6.070441e-10   0.000000e+00
  4.120000e+02   0.000000e+00   0.000000e+00   0.000000e+00   0.000000e+00   0.000000e+00   0.000000e+00
  4.130000e+02   0.000000e+00   0.000000e+00   0.000000e+00   0.000000e+00   6.070441e-10   0.000000e+00
  4.140000e+02   0.000000e+00   0.000000e+00   0.000000e+00   0.000000e+00   0.000000e+00   0.000000e+00
  4.150000e+02   0.000000e+00   0.000000e+00   0.000000e+00   0.000000e+00   6.070441e-10   0.000000e+00
  4.160000e+02   0.000000e+00   0.000000e+00   0.000000e+00   0.000000e+00   6.070441e-10   0.000000e+00
  4.170000e+02   0.000000e+00   0.000000e+00   0.000000e+00   0.000000e+00   1.214088e-09   0.000000e+00
  4.180000e+02   0.000000e+00   0.000000e+00   0.000000e+00   0.000000e+00   2.428177e-09   0.000000e+00
  4.190000e+02   0.000000e+00   0.000000e+00   0.000000e+00   0.000000e+00   6.070441e-10   0.000000e+00
  4.200000e+02   0.000000e+00   0.000000e+00   0.000000e+00   0.000000e+00   1.214088e-09   0.000000e+00
  4.210000e+02   0.000000e+00   0.000000e+00   0.000000e+00   0.000000e+00   1.214088e-09   0.000000e+00
  4.220000e+02   0.000000e+00   0.000000e+00   0.000000e+00   0.000000e+00   1.214088e-09   0.000000e+00
  4.230000e+02   0.000000e+00   0.000000e+00   0.000000e+00   0.000000e+00   0.000000e+00   0.000000e+00
  4.240000e+02   0.000000e+00   0.000000e+00   0.000000e+00   0.000000e+00   0.000000e+00   0.000000e+00
  4.250000e+02   0.000000e+00   0.000000e+00   0.000000e+00   0.000000e+00   0.000000e+00   0.000000e+00
  4.260000e+02   0.000000e+00   0.000000e+00   0.000000e+00   0.000000e+00   0.000000e+00   0.000000e+00
  4.270000e+02   0.000000e+00   0.000000e+00   0.000000e+00   0.000000e+00   0.000000e+00   0.000000e+00
  4.280000e+02   0.000000e+00   0.000000e+00   0.000000e+00   0.000000e+00   6.070441e-10   0.000000e+00
  4.290000e+02   0.000000e+00   0.000000e+00   0.000000e+00   0.000000e+00   6.070441e-10   0.000000e+00
  4.300000e+02   0.000000e+00   0.000000e+00   0.000000e+00   0.000000e+00   0.000000e+00   0.000000e+00
  4.310000e+02   0.000000e+00   0.000000e+00   0.000000e+00   0.000000e+00   6.070441e-10   0.000000e+00
  4.320000e+02   0.000000e+00   0.000000e+00   0.000000e+00   0.000000e+00   0.000000e+00   0.000000e+00
  4.330000e+02   0.000000e+00   0.000000e+00   0.000000e+00   0.000000e+00   6.070441e-10   0.000000e+00
  4.340000e+02   0.000000e+00   0.000000e+00   0.000000e+00   0.000000e+00   0.000000e+00   0.000000e+00
  4.350000e+02   0.000000e+00   0.000000e+00   0.000000e+00   0.000000e+00   6.070441e-10   0.000000e+00
  4.360000e+02   0.000000e+00   0.000000e+00   0.000000e+00   0.000000e+00   0.000000e+00   0.000000e+00
  4.370000e+02   0.000000e+00   0.000000e+00   0.000000e+00   0.000000e+00   0.000000e+00   0.000000e+00
  4.380000e+02   0.000000e+00   0.000000e+00   0.000000e+00   0.000000e+00   0.000000e+00   0.000000e+00
  4.390000e+02   0.000000e+00   0.000000e+00   0.000000e+00   0.000000e+00   6.070441e-10   0.000000e+00
  4.400000e+02   0.000000e+00   0.000000e+00   0.000000e+00   0.000000e+00   0.000000e+00   0.000000e+00
  4.410000e+02   0.000000e+00   0.000000e+00   0.000000e+00   0.000000e+00   6.070441e-10   0.000000e+00
  4.420000e+02   0.000000e+00   0.000000e+00   0.000000e+00   0.000000e+00   0.000000e+00   0.000000e+00
  4.430000e+02   0.000000e+00   0.000000e+00   0.000000e+00   0.000000e+00   0.000000e+00   0.000000e+00
  4.440000e+02   0.000000e+00   0.000000e+00   0.000000e+00   0.000000e+00   0.000000e+00   0.000000e+00
  4.450000e+02   0.000000e+00   0.000000e+00   0.000000e+00   0.000000e+00   1.214088e-09   0.000000e+00
  4.460000e+02   0.000000e+00   0.000000e+00   0.000000e+00   0.000000e+00   0.000000e+00   0.000000e+00
  4.470000e+02   0.000000e+00   0.000000e+00   0.000000e+00   0.000000e+00   0.000000e+00   0.000000e+00
  4.480000e+02   0.000000e+00   0.000000e+00   0.000000e+00   0.000000e+00   6.070441e-10   0.000000e+00
  4.490000e+02   0.000000e+00   0.000000e+00   0.000000e+00   0.000000e+00   1.214088e-09   0.000000e+00
  4.500000e+02   8.099496e-09   0.000000e+00   1.000000e+00   0.000000e+00   0.000000e+00   0.000000e+00
