#            n        P[xf,n]        P[sf,n]        P[xf|n]        P[sf|n]     P[xf,n|sf]     P[sf,n|xf]  
  0.000000e+00   0.000000e+00   0.000000e+00   0.000000e+00   0.000000e+00   0.000000e+00   0.000000e+00
  1.000000e+00   6.480623e-03   6.857485e-02   6.480081e-03   6.857212e-02   1.536901e-01   1.327822e-01
  2.000000e+00   1.076255e-02   6.331744e-02   1.083186e-02   6.797634e-02   2.032306e-02   1.128222e-01
  3.000000e+00   1.391543e-02   5.755769e-02   1.415844e-02   6.629973e-02   2.008523e-02   9.591509e-02
  4.000000e+00   1.616333e-02   5.193843e-02   1.668181e-02   6.407529e-02   1.977533e-02   8.177318e-02
  5.000000e+00   1.778906e-02   4.680387e-02   1.867119e-02   6.169407e-02   1.942787e-02   6.991516e-02
  6.000000e+00   1.886561e-02   4.216047e-02   2.017792e-02   5.922752e-02   1.905469e-02   5.987141e-02
  7.000000e+00   1.953078e-02   3.805485e-02   2.131959e-02   5.682566e-02   1.865773e-02   5.146652e-02
  8.000000e+00   1.997766e-02   3.458091e-02   2.228249e-02   5.474943e-02   1.823961e-02   4.437279e-02
  9.000000e+00   2.012037e-02   3.144828e-02   2.295317e-02   5.267370e-02   1.782411e-02   3.829683e-02
  1.000000e+01   2.017403e-02   2.879932e-02   2.355508e-02   5.091908e-02   1.740907e-02   3.318127e-02
  1.100000e+01   2.008323e-02   2.645751e-02   2.401478e-02   4.928842e-02   1.699122e-02   2.883435e-02
  1.200000e+01   1.986130e-02   2.447705e-02   2.433383e-02   4.796308e-02   1.656905e-02   2.512448e-02
  1.300000e+01   1.963152e-02   2.269266e-02   2.465223e-02   4.670683e-02   1.616424e-02   2.189810e-02
  1.400000e+01   1.927937e-02   2.109617e-02   2.482199e-02   4.554839e-02   1.576120e-02   1.918453e-02
  1.500000e+01   1.892081e-02   1.972480e-02   2.498046e-02   4.461995e-02   1.535614e-02   1.684159e-02
  1.600000e+01   1.859799e-02   1.848822e-02   2.518341e-02   4.377600e-02   1.497317e-02   1.483500e-02
  1.700000e+01   1.815907e-02   1.736145e-02   2.522435e-02   4.299008e-02   1.458110e-02   1.307135e-02
  1.800000e+01   1.776493e-02   1.636914e-02   2.531547e-02   4.235383e-02   1.421830e-02   1.155342e-02
  1.900000e+01   1.736439e-02   1.546142e-02   2.538744e-02   4.177456e-02   1.385560e-02   1.024918e-02
  2.000000e+01   1.692381e-02   1.463436e-02   2.538789e-02   4.126384e-02   1.349397e-02   9.114983e-03
  2.100000e+01   1.651298e-02   1.386609e-02   2.541692e-02   4.078042e-02   1.314686e-02   8.128436e-03
  2.200000e+01   1.611676e-02   1.316572e-02   2.545408e-02   4.036688e-02   1.280575e-02   7.272492e-03
  2.300000e+01   1.568553e-02   1.252640e-02   2.542010e-02   4.002235e-02   1.247774e-02   6.533093e-03
  2.400000e+01   1.530022e-02   1.192145e-02   2.544246e-02   3.967760e-02   1.215958e-02   5.867336e-03
  2.500000e+01   1.488078e-02   1.137475e-02   2.539105e-02   3.942230e-02   1.184668e-02   5.277820e-03
  2.600000e+01   1.451360e-02   1.084034e-02   2.540977e-02   3.911212e-02   1.154247e-02   4.766766e-03
  2.700000e+01   1.418213e-02   1.036823e-02   2.547687e-02   3.893154e-02   1.124915e-02   4.330693e-03
  2.800000e+01   1.378188e-02   9.904839e-03   2.540514e-02   3.869819e-02   1.095927e-02   3.950474e-03
  2.900000e+01   1.341642e-02   9.482474e-03   2.537619e-02   3.853951e-02   1.068173e-02   3.599832e-03
  3.000000e+01   1.306747e-02   9.065172e-03   2.535977e-02   3.832040e-02   1.040360e-02   3.297191e-03
  3.100000e+01   1.272805e-02   8.685010e-03   2.534382e-02   3.817639e-02   1.013419e-02   3.013000e-03
  3.200000e+01   1.239874e-02   8.338700e-03   2.533013e-02   3.810906e-02   9.880433e-03   2.786043e-03
  3.300000e+01   1.209030e-02   7.974635e-03   2.534198e-02   3.788923e-02   9.628287e-03   2.568216e-03
  3.400000e+01   1.175269e-02   7.659309e-03   2.527488e-02   3.782425e-02   9.383025e-03   2.373117e-03
  3.500000e+01   1.144351e-02   7.340487e-03   2.524815e-02   3.767489e-02   9.138710e-03   2.201105e-03
  3.600000e+01   1.115495e-02   7.052150e-03   2.524905e-02   3.761210e-02   8.908074e-03   2.049275e-03
  3.700000e+01   1.086632e-02   6.775329e-03   2.523289e-02   3.754803e-02   8.683178e-03   1.915885e-03
  3.800000e+01   1.057715e-02   6.503806e-03   2.519725e-02   3.744949e-02   8.463830e-03   1.780858e-03
  3.900000e+01   1.029244e-02   6.250021e-03   2.515282e-02   3.738842e-02   8.251363e-03   1.676111e-03
  4.000000e+01   1.005069e-02   6.009435e-03   2.519585e-02   3.734556e-02   8.037743e-03   1.568338e-03
  4.100000e+01   9.780172e-03   5.775834e-03   2.515144e-02   3.728640e-02   7.838535e-03   1.481509e-03
  4.200000e+01   9.515041e-03   5.551224e-03   2.510100e-02   3.722447e-02   7.636706e-03   1.397004e-03
  4.300000e+01   9.270977e-03   5.330136e-03   2.508691e-02   3.712393e-02   7.442829e-03   1.309180e-03
  4.400000e+01   9.055773e-03   5.125568e-03   2.513519e-02   3.707559e-02   7.255604e-03   1.241444e-03
  4.500000e+01   8.800580e-03   4.927838e-03   2.505673e-02   3.701782e-02   7.072172e-03   1.174324e-03
  4.600000e+01   8.580016e-03   4.746235e-03   2.505663e-02   3.702425e-02   6.894649e-03   1.114673e-03
  4.700000e+01   8.367864e-03   4.559050e-03   2.506516e-02   3.693149e-02   6.717910e-03   1.059873e-03
  4.800000e+01   8.141368e-03   4.389569e-03   2.501373e-02   3.692225e-02   6.552687e-03   1.010192e-03
  4.900000e+01   7.936786e-03   4.222895e-03   2.501083e-02   3.688213e-02   6.389752e-03   9.647881e-04
  5.000000e+01   7.732342e-03   4.063842e-03   2.499168e-02   3.685223e-02   6.228218e-03   9.127577e-04
  5.100000e+01   7.541959e-03   3.909608e-03   2.500121e-02   3.681019e-02   6.072144e-03   8.683745e-04
  5.200000e+01   7.353599e-03   3.764584e-03   2.500192e-02   3.679941e-02   5.920794e-03   8.319128e-04
  5.300000e+01   7.140967e-03   3.622189e-03   2.490161e-02   3.676028e-02   5.771419e-03   7.938138e-04
  5.400000e+01   6.981724e-03   3.493353e-03   2.496810e-02   3.680584e-02   5.626532e-03   7.620331e-04
  5.500000e+01   6.816720e-03   3.364116e-03   2.500232e-02   3.679866e-02   5.485297e-03   7.290950e-04
  5.600000e+01   6.614710e-03   3.224397e-03   2.488358e-02   3.661790e-02   5.346662e-03   6.943052e-04
  5.700000e+01   6.457414e-03   3.108187e-03   2.491179e-02   3.663991e-02   5.215675e-03   6.659109e-04
  5.800000e+01   6.294724e-03   2.996474e-03   2.490462e-02   3.666653e-02   5.083023e-03   6.390084e-04
  5.900000e+01   6.139194e-03   2.883099e-03   2.490969e-02   3.662207e-02   4.955348e-03   6.116600e-04
  6.000000e+01   5.982926e-03   2.776647e-03   2.489582e-02   3.661069e-02   4.830766e-03   5.890441e-04
  6.100000e+01   5.843755e-03   2.670005e-03   2.493760e-02   3.654252e-02   4.711193e-03   5.625616e-04
  6.200000e+01   5.680671e-03   2.574654e-03   2.486168e-02   3.657406e-02   4.592568e-03   5.417288e-04
  6.300000e+01   5.533783e-03   2.478879e-03   2.483635e-02   3.655041e-02   4.481018e-03   5.252255e-04
  6.400000e+01   5.403777e-03   2.387728e-03   2.487060e-02   3.654209e-02   4.367735e-03   5.000976e-04
  6.500000e+01   5.276901e-03   2.301229e-03   2.490613e-02   3.655415e-02   4.260024e-03   4.834228e-04
  6.600000e+01   5.129953e-03   2.209274e-03   2.483105e-02   3.642503e-02   4.150544e-03   4.629673e-04
  6.700000e+01   5.001131e-03   2.127536e-03   2.482395e-02   3.640346e-02   4.048231e-03   4.422803e-04
  6.800000e+01   4.873045e-03   2.054764e-03   2.480396e-02   3.648660e-02   3.948139e-03   4.256569e-04
  6.900000e+01   4.761388e-03   1.974073e-03   2.485209e-02   3.638127e-02   3.849308e-03   4.103196e-04
  7.000000e+01   4.647964e-03   1.903981e-03   2.487842e-02   3.641438e-02   3.754958e-03   3.931390e-04
  7.100000e+01   4.522022e-03   1.834689e-03   2.482188e-02   3.641524e-02   3.658436e-03   3.815995e-04
  7.200000e+01   4.407886e-03   1.764777e-03   2.481129e-02   3.635142e-02   3.568504e-03   3.645132e-04
  7.300000e+01   4.297060e-03   1.699225e-03   2.480291e-02   3.632155e-02   3.481114e-03   3.507362e-04
  7.400000e+01   4.169704e-03   1.637387e-03   2.467997e-02   3.631896e-02   3.394266e-03   3.386566e-04
  7.500000e+01   4.085851e-03   1.577730e-03   2.479566e-02   3.631470e-02   3.310749e-03   3.232507e-04
  7.600000e+01   3.979183e-03   1.519715e-03   2.476239e-02   3.629762e-02   3.225875e-03   3.133487e-04
  7.700000e+01   3.888223e-03   1.461801e-03   2.481076e-02   3.622946e-02   3.144407e-03   3.002832e-04
  7.800000e+01   3.786434e-03   1.410273e-03   2.477601e-02   3.626638e-02   3.068508e-03   2.895839e-04
  7.900000e+01   3.676208e-03   1.357446e-03   2.466593e-02   3.622161e-02   2.992594e-03   2.776758e-04
  8.000000e+01   3.596471e-03   1.306366e-03   2.474125e-02   3.616874e-02   2.918171e-03   2.698142e-04
  8.100000e+01   3.505125e-03   1.255855e-03   2.472463e-02   3.607513e-02   2.846646e-03   2.572717e-04
  8.200000e+01   3.417371e-03   1.214377e-03   2.471679e-02   3.618926e-02   2.776773e-03   2.478927e-04
  8.300000e+01   3.326788e-03   1.165076e-03   2.467146e-02   3.602380e-02   2.707752e-03   2.395253e-04
  8.400000e+01   3.254870e-03   1.126391e-03   2.474875e-02   3.612926e-02   2.640714e-03   2.292203e-04
  8.500000e+01   3.176625e-03   1.083221e-03   2.476681e-02   3.604702e-02   2.574140e-03   2.245223e-04
  8.600000e+01   3.077202e-03   1.043728e-03   2.460098e-02   3.603164e-02   2.510964e-03   2.126141e-04
  8.700000e+01   3.016053e-03   1.005441e-03   2.472030e-02   3.600735e-02   2.447406e-03   2.048469e-04
  8.800000e+01   2.933718e-03   9.702905e-04   2.465499e-02   3.604652e-02   2.388870e-03   1.996773e-04
  8.900000e+01   2.863609e-03   9.378450e-04   2.467419e-02   3.614412e-02   2.331642e-03   1.914299e-04
  9.000000e+01   2.786513e-03   8.960528e-04   2.461736e-02   3.582852e-02   2.274130e-03   1.837655e-04
  9.100000e+01   2.723332e-03   8.660697e-04   2.466646e-02   3.591660e-02   2.216222e-03   1.769670e-04
  9.200000e+01   2.663469e-03   8.355379e-04   2.473444e-02   3.594136e-02   2.160132e-03   1.708458e-04
  9.300000e+01   2.591971e-03   8.048764e-04   2.468098e-02   3.591329e-02   2.107681e-03   1.677423e-04
  9.400000e+01   2.521220e-03   7.744702e-04   2.461485e-02   3.584392e-02   2.056659e-03   1.577374e-04
  9.500000e+01   2.455690e-03   7.491521e-04   2.458015e-02   3.596120e-02   2.005393e-03   1.536051e-04
  9.600000e+01   2.396273e-03   7.212962e-04   2.458989e-02   3.591568e-02   1.956330e-03   1.489414e-04
  9.700000e+01   2.335621e-03   6.932728e-04   2.457175e-02   3.580640e-02   1.907925e-03   1.432402e-04
  9.800000e+01   2.278785e-03   6.704504e-04   2.457778e-02   3.591367e-02   1.860281e-03   1.375133e-04
  9.900000e+01   2.215561e-03   6.447679e-04   2.449804e-02   3.582460e-02   1.814786e-03   1.320351e-04
  1.000000e+02   2.170754e-03   6.236708e-04   2.460541e-02   3.593996e-02   1.770565e-03   1.275428e-04
  1.010000e+02   2.117115e-03   6.004716e-04   2.460284e-02   3.589318e-02   1.728217e-03   1.221074e-04
  1.020000e+02   2.063134e-03   5.790311e-04   2.458034e-02   3.590027e-02   1.684845e-03   1.176151e-04
  1.030000e+02   2.009865e-03   5.553251e-04   2.454915e-02   3.571261e-02   1.642428e-03   1.146745e-04
  1.040000e+02   1.959167e-03   5.362297e-04   2.453221e-02   3.576183e-02   1.603281e-03   1.106365e-04
  1.050000e+02   1.915183e-03   5.165522e-04   2.458461e-02   3.572725e-02   1.564100e-03   1.059727e-04
  1.060000e+02   1.874294e-03   4.991025e-04   2.466619e-02   3.579940e-02   1.525022e-03   1.029121e-04
  1.070000e+02   1.818821e-03   4.826871e-04   2.454155e-02   3.590753e-02   1.489365e-03   9.835119e-05
  1.080000e+02   1.772025e-03   4.630347e-04   2.451172e-02   3.572854e-02   1.452092e-03   9.495622e-05
  1.090000e+02   1.731865e-03   4.454259e-04   2.455820e-02   3.564333e-02   1.415273e-03   9.164698e-05
  1.100000e+02   1.682625e-03   4.301580e-04   2.446072e-02   3.569388e-02   1.380803e-03   8.719752e-05
  1.110000e+02   1.646015e-03   4.148104e-04   2.452854e-02   3.569454e-02   1.347063e-03   8.535429e-05
  1.120000e+02   1.610184e-03   4.011840e-04   2.459801e-02   3.579993e-02   1.314228e-03   8.271376e-05
  1.130000e+02   1.563560e-03   3.844169e-04   2.448816e-02   3.557745e-02   1.282959e-03   7.792994e-05
  1.140000e+02   1.521462e-03   3.717997e-04   2.442706e-02   3.567925e-02   1.250998e-03   7.507508e-05
  1.150000e+02   1.489293e-03   3.558659e-04   2.450932e-02   3.541375e-02   1.220040e-03   7.207448e-05
  1.160000e+02   1.453274e-03   3.467830e-04   2.451751e-02   3.577688e-02   1.191009e-03   7.135434e-05
  1.170000e+02   1.408715e-03   3.314438e-04   2.436314e-02   3.546318e-02   1.161867e-03   6.791650e-05
  1.180000e+02   1.382779e-03   3.200201e-04   2.451181e-02   3.549987e-02   1.132073e-03   6.679342e-05
  1.190000e+02   1.344805e-03   3.105603e-04   2.443772e-02   3.571859e-02   1.107004e-03   6.387855e-05
  1.200000e+02   1.311865e-03   2.968920e-04   2.443637e-02   3.541150e-02   1.076774e-03   6.104941e-05
  1.210000e+02   1.278769e-03   2.863476e-04   2.441659e-02   3.540767e-02   1.051007e-03   5.918903e-05
  1.220000e+02   1.247775e-03   2.761927e-04   2.442112e-02   3.540566e-02   1.026267e-03   5.702003e-05
  1.230000e+02   1.221967e-03   2.655855e-04   2.451475e-02   3.529562e-02   1.001665e-03   5.398513e-05
  1.240000e+02   1.189429e-03   2.571978e-04   2.446171e-02   3.543153e-02   9.767625e-04   5.313639e-05
  1.250000e+02   1.157818e-03   2.492916e-04   2.440869e-02   3.560398e-02   9.537227e-04   5.144748e-05
  1.260000e+02   1.127569e-03   2.394005e-04   2.436579e-02   3.545380e-02   9.292550e-04   4.923561e-05
  1.270000e+02   1.102499e-03   2.302506e-04   2.441910e-02   3.535221e-02   9.061225e-04   4.813824e-05
  1.280000e+02   1.068855e-03   2.224450e-04   2.426656e-02   3.540545e-02   8.849025e-04   4.636360e-05
  1.290000e+02   1.049186e-03   2.148445e-04   2.441250e-02   3.545090e-02   8.633828e-04   4.338872e-05
  1.300000e+02   1.025428e-03   2.069174e-04   2.445680e-02   3.539780e-02   8.417643e-04   4.296863e-05
  1.310000e+02   9.978289e-04   1.984626e-04   2.439523e-02   3.519747e-02   8.226135e-04   4.003661e-05
  1.320000e+02   9.765313e-04   1.902382e-04   2.447159e-02   3.496984e-02   8.008509e-04   3.867348e-05
  1.330000e+02   9.474573e-04   1.847357e-04   2.433867e-02   3.518899e-02   7.816151e-04   3.667594e-05
  1.340000e+02   9.247879e-04   1.771143e-04   2.434900e-02   3.496778e-02   7.630121e-04   3.582720e-05
  1.350000e+02   9.030617e-04   1.729685e-04   2.437043e-02   3.538668e-02   7.443405e-04   3.470412e-05
  1.360000e+02   8.799636e-04   1.664066e-04   2.434034e-02   3.529321e-02   7.273796e-04   3.383823e-05
  1.370000e+02   8.583317e-04   1.590574e-04   2.433437e-02   3.496870e-02   7.075600e-04   3.184926e-05
  1.380000e+02   8.339562e-04   1.540113e-04   2.423305e-02   3.508625e-02   6.907846e-04   3.095765e-05
  1.390000e+02   8.162854e-04   1.496185e-04   2.430869e-02   3.532499e-02   6.742443e-04   3.039182e-05
  1.400000e+02   7.945420e-04   1.432576e-04   2.425073e-02   3.506190e-02   6.583303e-04   2.906298e-05
  1.410000e+02   7.719241e-04   1.390825e-04   2.414598e-02   3.527699e-02   6.407222e-04   2.870291e-05
  1.420000e+02   7.562167e-04   1.331320e-04   2.424003e-02   3.500246e-02   6.262618e-04   2.742551e-05
  1.430000e+02   7.404065e-04   1.293171e-04   2.432285e-02   3.523270e-02   6.117375e-04   2.662821e-05
  1.440000e+02   7.245963e-04   1.240407e-04   2.439690e-02   3.502940e-02   5.964857e-04   2.528222e-05
  1.450000e+02   7.042161e-04   1.197442e-04   2.430371e-02   3.504371e-02   5.832636e-04   2.523936e-05
  1.460000e+02   6.869569e-04   1.143799e-04   2.429866e-02   3.468960e-02   5.679455e-04   2.345614e-05
  1.470000e+02   6.684373e-04   1.129813e-04   2.423247e-02   3.549701e-02   5.538040e-04   2.194727e-05
  1.480000e+02   6.516925e-04   1.076170e-04   2.421220e-02   3.505620e-02   5.410808e-04   2.240164e-05
  1.490000e+02   6.390460e-04   1.024788e-04   2.433152e-02   3.459527e-02   5.278850e-04   2.117568e-05
  1.500000e+02   6.204235e-04   1.000165e-04   2.421161e-02   3.497402e-02   5.151750e-04   2.090992e-05
  1.510000e+02   6.083515e-04   9.534312e-05   2.432962e-02   3.454816e-02   5.016084e-04   1.990686e-05
  1.520000e+02   5.892317e-04   9.350896e-05   2.415263e-02   3.509605e-02   4.906601e-04   1.901525e-05
  1.530000e+02   5.762509e-04   8.995788e-05   2.420524e-02   3.499130e-02   4.790448e-04   1.902382e-05
  1.540000e+02   5.605864e-04   8.560278e-05   2.413139e-02   3.450464e-02   4.675019e-04   1.748065e-05
  1.550000e+02   5.497147e-04   8.303579e-05   2.424859e-02   3.466614e-02   4.551460e-04   1.732634e-05
  1.560000e+02   5.381314e-04   8.015472e-05   2.432759e-02   3.466511e-02   4.453068e-04   1.667478e-05
  1.570000e+02   5.188916e-04   7.773011e-05   2.404276e-02   3.482375e-02   4.341174e-04   1.540595e-05
  1.580000e+02   5.119553e-04   7.391940e-05   2.430581e-02   3.431137e-02   4.228676e-04   1.537166e-05
  1.590000e+02   4.982457e-04   7.205592e-05   2.424421e-02   3.463483e-02   4.130786e-04   1.478011e-05
  1.600000e+02   4.812265e-04   6.863884e-05   2.399791e-02   3.417604e-02   4.022757e-04   1.357130e-05
  1.610000e+02   4.742645e-04   6.653667e-05   2.423227e-02   3.430164e-02   3.936047e-04   1.356272e-05
  1.620000e+02   4.640016e-04   6.497888e-05   2.429667e-02   3.468850e-02   3.837984e-04   1.363988e-05
  1.630000e+02   4.491173e-04   6.237001e-05   2.410294e-02   3.449226e-02   3.746477e-04   1.291974e-05
  1.640000e+02   4.379369e-04   6.005846e-05   2.408342e-02   3.440054e-02   3.660605e-04   1.261111e-05
  1.650000e+02   4.286171e-04   5.884406e-05   2.415260e-02   3.490573e-02   3.568888e-04   1.195097e-05
  1.660000e+02   4.175825e-04   5.599650e-05   2.411324e-02   3.441806e-02   3.492420e-04   1.164234e-05
  1.670000e+02   4.049789e-04   5.332062e-05   2.396329e-02   3.394172e-02   3.393292e-04   1.117082e-05
  1.680000e+02   3.939100e-04   5.221510e-05   2.388065e-02   3.440578e-02   3.311703e-04   1.063071e-05
  1.690000e+02   3.882684e-04   5.097557e-05   2.411452e-02   3.478596e-02   3.239716e-04   1.063071e-05
  1.700000e+02   3.803633e-04   4.835414e-05   2.420739e-02   3.418629e-02   3.158737e-04   9.653368e-06
  1.710000e+02   3.707263e-04   4.713974e-05   2.417944e-02   3.450739e-02   3.080205e-04   9.953428e-06
  1.720000e+02   3.600518e-04   4.561127e-05   2.406516e-02   3.458195e-02   3.013487e-04   9.439039e-06
  1.730000e+02   3.530469e-04   4.493706e-05   2.417887e-02   3.529122e-02   2.939663e-04   9.198991e-06
  1.740000e+02   3.431698e-04   4.243707e-05   2.408478e-02   3.454706e-02   2.862477e-04   8.813199e-06
  1.750000e+02   3.320323e-04   4.072434e-05   2.387827e-02   3.433920e-02   2.798475e-04   8.624590e-06
  1.760000e+02   3.260392e-04   3.966907e-05   2.402091e-02   3.463886e-02   2.729491e-04   7.741555e-06
  1.770000e+02   3.187771e-04   3.800660e-05   2.406398e-02   3.437814e-02   2.659650e-04   7.878726e-06
  1.780000e+02   3.107605e-04   3.632318e-05   2.403727e-02   3.402516e-02   2.601320e-04   7.518653e-06
  1.790000e+02   3.052646e-04   3.566992e-05   2.419371e-02   3.459016e-02   2.538939e-04   7.270032e-06
  1.800000e+02   2.936813e-04   3.375200e-05   2.385278e-02   3.390315e-02   2.470487e-04   6.618473e-06
  1.810000e+02   2.878339e-04   3.362219e-05   2.394913e-02   3.495809e-02   2.418030e-04   6.575607e-06
  1.820000e+02   2.803832e-04   3.242453e-05   2.390163e-02   3.493408e-02   2.358689e-04   6.687058e-06
  1.830000e+02   2.761049e-04   3.057362e-05   2.411330e-02   3.413229e-02   2.306298e-04   6.104083e-06
  1.840000e+02   2.704718e-04   2.991617e-05   2.420505e-02   3.457856e-02   2.246663e-04   6.018352e-06
  1.850000e+02   2.612034e-04   2.814481e-05   2.395546e-02   3.369632e-02   2.193818e-04   5.992633e-06
  1.860000e+02   2.555018e-04   2.784331e-05   2.400773e-02   3.449797e-02   2.142726e-04   5.881182e-06
  1.870000e+02   2.507776e-04   2.628552e-05   2.414352e-02   3.373153e-02   2.090000e-04   5.203903e-06
  1.880000e+02   2.409348e-04   2.591283e-05   2.376979e-02   3.441410e-02   2.043173e-04   5.358219e-06
  1.890000e+02   2.366907e-04   2.476543e-05   2.391969e-02   3.406290e-02   1.988252e-04   5.486817e-06
  1.900000e+02   2.349416e-04   2.404097e-05   2.432490e-02   3.423253e-02   1.938709e-04   4.698087e-06
  1.910000e+02   2.287941e-04   2.332489e-05   2.427904e-02   3.439015e-02   1.894777e-04   4.363734e-06
  1.920000e+02   2.213177e-04   2.195974e-05   2.407013e-02   3.353048e-02   1.848936e-04   4.149405e-06
  1.930000e+02   2.157018e-04   2.148654e-05   2.403797e-02   3.394619e-02   1.804011e-04   4.338014e-06
  1.940000e+02   2.113634e-04   2.048152e-05   2.413477e-02   3.349541e-02   1.766032e-04   4.157978e-06
  1.950000e+02   2.052160e-04   2.022189e-05   2.401239e-02   3.421741e-02   1.718157e-04   4.089393e-06
  1.960000e+02   2.016578e-04   1.939693e-05   2.417659e-02   3.398436e-02   1.682092e-04   3.977942e-06
  1.970000e+02   1.951331e-04   1.875204e-05   2.397400e-02   3.401030e-02   1.633649e-04   3.695028e-06
  1.980000e+02   1.906575e-04   1.819509e-05   2.399960e-02   3.416230e-02   1.604553e-04   3.497846e-06
  1.990000e+02   1.848701e-04   1.786846e-05   2.384336e-02   3.473568e-02   1.561345e-04   3.249224e-06
  2.000000e+02   1.831725e-04   1.704769e-05   2.420148e-02   3.433270e-02   1.519949e-04   3.497846e-06
  2.010000e+02   1.784226e-04   1.655356e-05   2.415860e-02   3.452281e-02   1.487215e-04   3.420687e-06
  2.020000e+02   1.739384e-04   1.551085e-05   2.413453e-02   3.350490e-02   1.458956e-04   3.317809e-06
  2.030000e+02   1.672079e-04   1.525121e-05   2.377449e-02   3.408612e-02   1.420845e-04   3.060615e-06
  2.040000e+02   1.629724e-04   1.411219e-05   2.373665e-02   3.265346e-02   1.383613e-04   2.932018e-06
  2.050000e+02   1.619693e-04   1.461889e-05   2.416415e-02   3.496770e-02   1.356640e-04   2.726262e-06
  2.060000e+02   1.566363e-04   1.390700e-05   2.394722e-02   3.447023e-02   1.317368e-04   2.700543e-06
  2.070000e+02   1.528381e-04   1.331655e-05   2.393986e-02   3.418509e-02   1.285304e-04   2.529080e-06
  2.080000e+02   1.492799e-04   1.280985e-05   2.395609e-02   3.404828e-02   1.249346e-04   2.760555e-06
  2.090000e+02   1.462191e-04   1.228640e-05   2.404085e-02   3.380808e-02   1.230180e-04   2.580518e-06
  2.100000e+02   1.450959e-04   1.225290e-05   2.444383e-02   3.489565e-02   1.196872e-04   2.631957e-06
  2.110000e+02   1.374137e-04   1.163313e-05   2.372971e-02   3.432851e-02   1.166615e-04   2.237592e-06
  2.120000e+02   1.336669e-04   1.061136e-05   2.364378e-02   3.242648e-02   1.136992e-04   2.186153e-06
  2.130000e+02   1.323808e-04   1.074955e-05   2.398339e-02   3.394964e-02   1.116719e-04   2.254739e-06
  2.140000e+02   1.264219e-04   1.011723e-05   2.346678e-02   3.307550e-02   1.086485e-04   2.117568e-06
  2.150000e+02   1.237469e-04   9.765467e-06   2.352234e-02   3.301760e-02   1.061301e-04   2.117568e-06
  2.160000e+02   1.189970e-04   9.292269e-06   2.316433e-02   3.249045e-02   1.038779e-04   1.860374e-06
  2.170000e+02   1.194514e-04   9.907846e-06   2.380424e-02   3.580617e-02   1.004502e-04   2.057556e-06
  2.180000e+02   1.158332e-04   8.865135e-06   2.364608e-02   3.322765e-02   9.898099e-05   1.663191e-06
  2.190000e+02   1.131753e-04   8.810696e-06   2.366304e-02   3.415862e-02   9.625199e-05   1.405997e-06
  2.200000e+02   1.101573e-04   8.618067e-06   2.359033e-02   3.459405e-02   9.394113e-05   1.920386e-06
  2.210000e+02   1.081681e-04   8.069492e-06   2.372401e-02   3.355272e-02   9.128990e-05   1.483155e-06
  2.220000e+02   1.057932e-04   7.763798e-06   2.376701e-02   3.340240e-02   8.957605e-05   1.603179e-06
  2.230000e+02   1.030067e-04   7.445541e-06   2.370448e-02   3.314011e-02   8.800098e-05   1.448863e-06
  2.240000e+02   1.029638e-04   6.850903e-06   2.427002e-02   3.153857e-02   8.558903e-05   1.508875e-06
  2.250000e+02   9.829103e-05   7.131471e-06   2.374492e-02   3.389932e-02   8.348635e-05   1.534594e-06
  2.260000e+02   9.553024e-05   6.440518e-06   2.363949e-02   3.168913e-02   8.154817e-05   1.440289e-06
  2.270000e+02   9.378974e-05   6.478207e-06   2.377072e-02   3.291770e-02   7.959504e-05   1.243107e-06
  2.280000e+02   9.103752e-05   6.536833e-06   2.363505e-02   3.434619e-02   7.754978e-05   1.423143e-06
  2.290000e+02   8.785661e-05   6.231139e-06   2.336138e-02   3.390448e-02   7.588678e-05   1.328838e-06
  2.300000e+02   8.777087e-05   5.887756e-06   2.389684e-02   3.316038e-02   7.420942e-05   1.225961e-06
  2.310000e+02   8.645049e-05   5.778879e-06   2.411364e-02   3.366346e-02   7.242020e-05   1.157375e-06
  2.320000e+02   8.239504e-05   5.519248e-06   2.355040e-02   3.327107e-02   7.083616e-05   1.140229e-06
  2.330000e+02   8.049164e-05   5.422933e-06   2.356124e-02   3.381554e-02   6.931852e-05   1.063071e-06
  2.340000e+02   7.818527e-05   5.263805e-06   2.343842e-02   3.397205e-02   6.733308e-05   9.773392e-07
  2.350000e+02   7.825386e-05   5.096301e-06   2.402209e-02   3.404767e-02   6.565273e-05   1.114510e-06
  2.360000e+02   7.520155e-05   4.895297e-06   2.365330e-02   3.385756e-02   6.411176e-05   1.071644e-06
  2.370000e+02   7.449850e-05   4.602165e-06   2.399991e-02   3.294562e-02   6.279871e-05   9.944855e-07
  2.380000e+02   7.047734e-05   4.510038e-06   2.326279e-02   3.338603e-02   6.113690e-05   8.230225e-07
  2.390000e+02   6.937989e-05   4.430474e-06   2.344597e-02   3.392983e-02   6.003980e-05   9.344735e-07
  2.400000e+02   6.888260e-05   4.175030e-06   2.383686e-02   3.309653e-02   5.854369e-05   8.658882e-07
  2.410000e+02   6.779372e-05   4.195968e-06   2.403292e-02   3.440107e-02   5.695666e-05   8.744614e-07
  2.420000e+02   6.486145e-05   3.957276e-06   2.355979e-02   3.360000e-02   5.579316e-05   7.201447e-07
  2.430000e+02   6.344676e-05   3.672519e-06   2.360206e-02   3.226756e-02   5.429466e-05   7.201447e-07
  2.440000e+02   6.149191e-05   3.655769e-06   2.342780e-02   3.319139e-02   5.270643e-05   8.744614e-07
  2.450000e+02   6.074598e-05   3.475702e-06   2.369898e-02   3.263990e-02   5.182049e-05   7.715836e-07
  2.460000e+02   5.959708e-05   3.320761e-06   2.381523e-02   3.223708e-02   5.057803e-05   7.029984e-07
  2.470000e+02   5.751363e-05   3.400326e-06   2.354337e-02   3.410905e-02   4.912200e-05   7.372910e-07
  2.480000e+02   5.667339e-05   3.178383e-06   2.375886e-02   3.300861e-02   4.857644e-05   6.001206e-07
  2.490000e+02   5.512151e-05   2.939690e-06   2.367084e-02   3.157185e-02   4.702710e-05   6.429863e-07
  2.500000e+02   5.440131e-05   3.086256e-06   2.392796e-02   3.422654e-02   4.596588e-05   7.201447e-07
  2.510000e+02   5.226641e-05   2.855939e-06   2.355250e-02   3.279477e-02   4.474017e-05   6.429863e-07
  2.520000e+02   5.001148e-05   2.864314e-06   2.307997e-02   3.400616e-02   4.394994e-05   5.143891e-07
  2.530000e+02   4.875969e-05   2.642371e-06   2.303390e-02   3.247555e-02   4.276909e-05   4.286575e-07
  2.540000e+02   4.875112e-05   2.642371e-06   2.357311e-02   3.356562e-02   4.158285e-05   4.886696e-07
  2.550000e+02   4.791945e-05   2.533494e-06   2.373037e-02   3.330031e-02   4.089791e-05   6.258400e-07
  2.560000e+02   4.587029e-05   2.298989e-06   2.326775e-02   3.125890e-02   3.990669e-05   4.543770e-07
  2.570000e+02   4.485857e-05   2.324114e-06   2.329661e-02   3.262020e-02   3.893401e-05   5.058159e-07
  2.580000e+02   4.440416e-05   2.286426e-06   2.361078e-02   3.317334e-02   3.806662e-05   3.772186e-07
  2.590000e+02   4.389830e-05   2.248738e-06   2.390635e-02   3.374599e-02   3.713941e-05   4.200844e-07
  2.600000e+02   4.195202e-05   2.206862e-06   2.340611e-02   3.427419e-02   3.619783e-05   4.543770e-07
  2.610000e+02   4.223496e-05   2.148235e-06   2.412873e-02   3.454778e-02   3.539864e-05   4.286575e-07
  2.620000e+02   3.992001e-05   1.963981e-06   2.337009e-02   3.271484e-02   3.447740e-05   4.286575e-07
  2.630000e+02   3.872824e-05   1.859291e-06   2.321494e-02   3.201846e-02   3.374640e-05   4.286575e-07
  2.640000e+02   3.837671e-05   1.767164e-06   2.355108e-02   3.143858e-02   3.281799e-05   3.172066e-07
  2.650000e+02   3.760506e-05   1.670850e-06   2.363414e-02   3.068995e-02   3.215877e-05   3.686455e-07
  2.660000e+02   3.729640e-05   1.624786e-06   2.400755e-02   3.078876e-02   3.173584e-05   3.257797e-07
  2.670000e+02   3.612178e-05   1.641537e-06   2.382339e-02   3.209432e-02   3.076795e-05   3.514992e-07
  2.680000e+02   3.508434e-05   1.599661e-06   2.370401e-02   3.231264e-02   2.999687e-05   3.514992e-07
  2.690000e+02   3.400403e-05   1.612223e-06   2.353192e-02   3.365385e-02   2.913546e-05   3.686455e-07
  2.700000e+02   3.302661e-05   1.474033e-06   2.340631e-02   3.184080e-02   2.851811e-05   2.914871e-07
  2.710000e+02   3.339529e-05   1.507534e-06   2.423500e-02   3.363543e-02   2.792948e-05   2.571945e-07
  2.720000e+02   3.162049e-05   1.541034e-06   2.351711e-02   3.557962e-02   2.706687e-05   3.172066e-07
  2.730000e+02   3.189486e-05   1.486596e-06   2.429245e-02   3.558897e-02   2.674743e-05   3.172066e-07
  2.740000e+02   2.975138e-05   1.331655e-06   2.322422e-02   3.305613e-02   2.599429e-05   2.314751e-07
  2.750000e+02   3.022295e-05   1.235340e-06   2.415343e-02   3.171361e-02   2.508802e-05   2.829140e-07
  2.760000e+02   2.815664e-05   1.210214e-06   2.305904e-02   3.208616e-02   2.471594e-05   2.657677e-07
  2.770000e+02   2.782226e-05   1.268841e-06   2.332301e-02   3.475568e-02   2.426250e-05   3.429260e-07
  2.780000e+02   2.716207e-05   1.201839e-06   2.331332e-02   3.410576e-02   2.381444e-05   2.143288e-07
  2.790000e+02   2.680197e-05   1.143213e-06   2.355335e-02   3.358760e-02   2.308105e-05   2.657677e-07
  2.800000e+02   2.609034e-05   1.013398e-06   2.348121e-02   3.080840e-02   2.246191e-05   2.571945e-07
  2.810000e+02   2.534441e-05   1.126463e-06   2.335836e-02   3.533430e-02   2.197736e-05   2.829140e-07
  2.820000e+02   2.541300e-05   1.034336e-06   2.398175e-02   3.363290e-02   2.146710e-05   2.657677e-07
  2.830000e+02   2.460705e-05   8.919574e-07   2.379176e-02   3.001268e-02   2.093350e-05   2.571945e-07
  2.840000e+02   2.252360e-05   9.087077e-07   2.230808e-02   3.152237e-02   2.059432e-05   2.057556e-07
  2.850000e+02   2.178624e-05   9.003326e-07   2.207013e-02   3.224839e-02   2.000569e-05   1.628899e-07
  2.860000e+02   2.290085e-05   9.170829e-07   2.372282e-02   3.394296e-02   1.976401e-05   2.229019e-07
  2.870000e+02   2.188913e-05   7.453916e-07   2.322641e-02   2.855768e-02   1.923819e-05   1.886093e-07
  2.880000e+02   2.142614e-05   7.830799e-07   2.327574e-02   3.088357e-02   1.855325e-05   1.714630e-07
  2.890000e+02   2.110033e-05   7.872675e-07   2.346827e-02   3.203817e-02   1.834568e-05   1.285973e-07
  2.900000e+02   2.087741e-05   8.500814e-07   2.377837e-02   3.573944e-02   1.786173e-05   1.457436e-07
  2.910000e+02   1.960848e-05   7.077033e-07   2.287709e-02   3.085631e-02   1.730660e-05   1.114510e-07
  2.920000e+02   1.912834e-05   7.077033e-07   2.283965e-02   3.183873e-02   1.695665e-05   1.200241e-07
  2.930000e+02   1.935983e-05   6.365142e-07   2.365636e-02   2.957774e-02   1.657260e-05   1.114510e-07
  2.940000e+02   1.841671e-05   7.872675e-07   2.304919e-02   3.769801e-02   1.633452e-05   1.628899e-07
  2.950000e+02   1.868250e-05   5.778879e-07   2.393348e-02   2.875599e-02   1.583263e-05   6.858521e-08
  2.960000e+02   1.739641e-05   5.946382e-07   2.283264e-02   3.046557e-02   1.536005e-05   1.028778e-07
  2.970000e+02   1.659904e-05   6.239514e-07   2.229516e-02   3.297190e-02   1.510820e-05   9.430466e-08
  2.980000e+02   1.668478e-05   7.453916e-07   2.292135e-02   4.073227e-02   1.476962e-05   1.285973e-07
  2.990000e+02   1.601602e-05   5.150740e-07   2.251905e-02   2.934160e-02   1.458298e-05   8.573151e-08
  3.000000e+02   1.613605e-05   5.108864e-07   2.321050e-02   2.998280e-02   1.411279e-05   1.285973e-07
  3.010000e+02   1.589598e-05   5.150740e-07   2.340850e-02   3.116291e-02   1.373114e-05   1.371704e-07
  3.020000e+02   1.468707e-05   4.480725e-07   2.214666e-02   2.798117e-02   1.339316e-05   9.430466e-08
  3.030000e+02   1.480710e-05   5.234492e-07   2.283365e-02   3.362927e-02   1.322745e-05   1.028778e-07
  3.040000e+02   1.433554e-05   5.025112e-07   2.262303e-02   3.340757e-02   1.272975e-05   1.714630e-07
  3.050000e+02   1.488427e-05   5.192616e-07   2.403267e-02   3.571429e-02   1.255448e-05   1.285973e-07
  3.060000e+02   1.404403e-05   4.229469e-07   2.323437e-02   3.016726e-02   1.225179e-05   6.858521e-08
  3.070000e+02   1.324665e-05   4.103841e-07   2.243650e-02   3.018171e-02   1.197063e-05   1.028778e-07
  3.080000e+02   1.314377e-05   4.061965e-07   2.277319e-02   3.080343e-02   1.177263e-05   1.028778e-07
  3.090000e+02   1.241499e-05   3.726958e-07   2.201210e-02   2.916121e-02   1.145199e-05   1.200241e-07
  3.100000e+02   1.256932e-05   3.559454e-07   2.278733e-02   2.868714e-02   1.114332e-05   7.715836e-08
  3.110000e+02   1.286083e-05   3.056943e-07   2.385952e-02   2.536484e-02   1.091002e-05   5.143891e-08
  3.120000e+02   1.226923e-05   4.145717e-07   2.331834e-02   3.529412e-02   1.071800e-05   9.430466e-08
  3.130000e+02   1.198629e-05   3.433826e-07   2.332449e-02   3.030303e-02   1.053315e-05   6.858521e-08
  3.140000e+02   1.134325e-05   3.475702e-07   2.260032e-02   3.163110e-02   1.011979e-05   8.573151e-08
  3.150000e+02   1.127466e-05   3.182571e-07   2.298308e-02   2.990948e-02   9.894270e-06   5.143891e-08
  3.160000e+02   1.079452e-05   3.224447e-07   2.252196e-02   3.123732e-02   9.710622e-06   6.001206e-08
  3.170000e+02   1.012576e-05   3.182571e-07   2.161341e-02   3.182580e-02   9.625079e-06   4.286575e-08
  3.180000e+02   1.016863e-05   2.638184e-07   2.218440e-02   2.724913e-02   9.292479e-06   5.143891e-08
  3.190000e+02   1.015148e-05   2.010045e-07   2.264945e-02   2.134282e-02   9.203346e-06   4.286575e-08
  3.200000e+02   1.012576e-05   3.098819e-07   2.311562e-02   3.362108e-02   9.024484e-06   6.858521e-08
  3.210000e+02   1.004002e-05   2.763812e-07   2.346270e-02   3.102962e-02   8.758284e-06   6.858521e-08
  3.220000e+02   9.559883e-06   2.973191e-07   2.287743e-02   3.444930e-02   8.591385e-06   6.858521e-08
  3.230000e+02   8.976859e-06   2.638184e-07   2.198518e-02   3.165829e-02   8.279722e-06   6.001206e-08
  3.240000e+02   9.542735e-06   3.056943e-07   2.389643e-02   3.788272e-02   8.127180e-06   8.573151e-08
  3.250000e+02   9.396979e-06   2.512556e-07   2.410752e-02   3.236246e-02   8.033262e-06   4.286575e-08
  3.260000e+02   8.642477e-06   2.596308e-07   2.271959e-02   3.455964e-02   7.671350e-06   1.028778e-07
  3.270000e+02   8.608182e-06   1.884417e-07   2.315552e-02   2.598152e-02   7.671350e-06   6.858521e-08
  3.280000e+02   8.350965e-06   2.638184e-07   2.299610e-02   3.734440e-02   7.442836e-06   3.429260e-08
  3.290000e+02   7.785088e-06   2.051921e-07   2.194244e-02   3.017241e-02   7.185609e-06   2.571945e-08
  3.300000e+02   7.887975e-06   2.261300e-07   2.273120e-02   3.428571e-02   7.033067e-06   1.714630e-08
  3.310000e+02   8.033731e-06   1.423782e-07   2.368973e-02   2.235371e-02   6.913427e-06   5.143891e-08
  3.320000e+02   7.442133e-06   2.093797e-07   2.247773e-02   3.362475e-02   6.678333e-06   5.143891e-08
  3.330000e+02   7.390690e-06   1.633161e-07   2.283565e-02   2.713987e-02   6.519810e-06   2.571945e-08
  3.340000e+02   7.082030e-06   2.177548e-07   2.239332e-02   3.719599e-02   6.531774e-06   5.143891e-08
  3.350000e+02   6.773370e-06   1.633161e-07   2.190793e-02   2.897474e-02   6.343938e-06   3.429260e-08
  3.360000e+02   7.227786e-06   1.465658e-07   2.390133e-02   2.677888e-02   6.230280e-06   0.000000e+00
  3.370000e+02   6.276085e-06   1.926293e-07   2.126238e-02   3.616352e-02   6.040649e-06   2.571945e-08
  3.380000e+02   6.593318e-06   1.633161e-07   2.282238e-02   3.181077e-02   5.889902e-06   2.571945e-08
  3.390000e+02   6.747648e-06   1.633161e-07   2.390208e-02   3.285594e-02   5.735566e-06   2.571945e-08
  3.400000e+02   6.438988e-06   1.130650e-07   2.336725e-02   2.351916e-02   5.603363e-06   2.571945e-08
  3.410000e+02   6.070311e-06   1.465658e-07   2.255639e-02   3.122212e-02   5.544141e-06   5.143891e-08
  3.420000e+02   6.164624e-06   1.465658e-07   2.343546e-02   3.222836e-02   5.325797e-06   1.714630e-08
  3.430000e+02   6.053164e-06   1.005022e-07   2.356397e-02   2.283539e-02   5.222308e-06   1.714630e-08
  3.440000e+02   5.761651e-06   1.381906e-07   2.297043e-02   3.213242e-02   5.102070e-06   2.571945e-08
  3.450000e+02   5.830242e-06   1.298154e-07   2.379036e-02   3.118712e-02   5.065579e-06   2.571945e-08
  3.460000e+02   5.598748e-06   1.005022e-07   2.340250e-02   2.492212e-02   4.925600e-06   3.429260e-08
  3.470000e+02   5.007149e-06   1.088774e-07   2.143119e-02   2.768903e-02   4.763487e-06   1.714630e-08
  3.480000e+02   5.032871e-06   9.212705e-08   2.201305e-02   2.409639e-02   4.622909e-06   8.573151e-09
  3.490000e+02   5.110036e-06   7.956427e-08   2.285364e-02   2.132435e-02   4.566080e-06   8.573151e-09
  3.500000e+02   5.041445e-06   1.381906e-07   2.307421e-02   3.784404e-02   4.469171e-06   8.573151e-09
  3.510000e+02   5.230070e-06   1.005022e-07   2.450291e-02   2.860548e-02   4.348334e-06   2.571945e-08
  3.520000e+02   4.612751e-06   1.256278e-07   2.215359e-02   3.680982e-02   4.295693e-06   1.714630e-08
  3.530000e+02   4.835672e-06   6.700149e-08   2.375037e-02   2.038217e-02   4.153320e-06   1.714630e-08
  3.540000e+02   4.801376e-06   9.212705e-08   2.415563e-02   2.860858e-02   4.095295e-06   8.573151e-09
  3.550000e+02   4.406977e-06   1.046898e-07   2.272024e-02   3.346720e-02   3.936771e-06   1.714630e-08
  3.560000e+02   4.312665e-06   9.631464e-08   2.275092e-02   3.185596e-02   3.963690e-06   8.573151e-09
  3.570000e+02   4.141187e-06   8.375187e-08   2.235490e-02   2.861230e-02   3.743552e-06   8.573151e-09
  3.580000e+02   3.849675e-06   6.700149e-08   2.125645e-02   2.356406e-02   3.750132e-06   0.000000e+00
  3.590000e+02   4.192630e-06   7.956427e-08   2.365290e-02   2.865762e-02   3.630491e-06   2.571945e-08
  3.600000e+02   4.098318e-06   7.956427e-08   2.368330e-02   2.950311e-02   3.516235e-06   5.143891e-08
  3.610000e+02   3.961135e-06   7.956427e-08   2.344583e-02   3.040000e-02   3.448040e-06   1.714630e-08
  3.620000e+02   3.420981e-06   7.118909e-08   2.073481e-02   2.805281e-02   3.339765e-06   8.573151e-09
  3.630000e+02   3.901118e-06   5.443871e-08   2.414562e-02   2.207131e-02   3.345747e-06   2.571945e-08
  3.640000e+02   3.558163e-06   4.606353e-08   2.256784e-02   1.909722e-02   3.206964e-06   0.000000e+00
  3.650000e+02   3.575310e-06   9.212705e-08   2.320018e-02   3.893805e-02   3.132189e-06   8.573151e-09
  3.660000e+02   3.695345e-06   9.212705e-08   2.455001e-02   4.051565e-02   3.011352e-06   4.286575e-08
  3.670000e+02   3.292372e-06   7.118909e-08   2.242336e-02   3.262956e-02   3.031092e-06   0.000000e+00
  3.680000e+02   3.240929e-06   4.187593e-08   2.257930e-02   1.984127e-02   2.953924e-06   1.714630e-08
  3.690000e+02   3.180912e-06   6.700149e-08   2.267310e-02   3.238866e-02   2.826507e-06   0.000000e+00
  3.700000e+02   3.035156e-06   5.025112e-08   2.213607e-02   2.510460e-02   2.778651e-06   0.000000e+00
  3.710000e+02   3.060877e-06   7.537668e-08   2.282901e-02   3.862661e-02   2.716438e-06   1.714630e-08
  3.720000e+02   2.975138e-06   4.606353e-08   2.270794e-02   2.455357e-02   2.769080e-06   8.573151e-09
  3.730000e+02   2.863678e-06   5.443871e-08   2.236507e-02   2.974828e-02   2.654823e-06   0.000000e+00
  3.740000e+02   2.837956e-06   7.537668e-08   2.267123e-02   4.245283e-02   2.537575e-06   8.573151e-09
  3.750000e+02   2.632183e-06   7.956427e-08   2.151517e-02   4.679803e-02   2.586030e-06   1.714630e-08
  3.760000e+02   2.795087e-06   5.025112e-08   2.334909e-02   3.100775e-02   2.425113e-06   8.573151e-09
  3.770000e+02   2.649331e-06   5.025112e-08   2.266060e-02   3.200000e-02   2.373070e-06   1.714630e-08
  3.780000e+02   2.932269e-06   2.931315e-08   2.566219e-02   1.928375e-02   2.325812e-06   8.573151e-09
  3.790000e+02   2.983712e-06   2.512556e-08   2.680015e-02   1.685393e-02   2.263598e-06   8.573151e-09
  3.800000e+02   2.289228e-06   5.443871e-08   2.112843e-02   3.714286e-02   2.212751e-06   1.714630e-08
  3.810000e+02   2.212063e-06   3.768834e-08   2.085691e-02   2.670623e-02   2.193609e-06   0.000000e+00
  3.820000e+02   2.460705e-06   3.350075e-08   2.369551e-02   2.439024e-02   2.127806e-06   1.714630e-08
  3.830000e+02   2.109176e-06   3.768834e-08   2.080338e-02   2.812500e-02   1.991416e-06   1.714630e-08
  3.840000e+02   2.237784e-06   3.350075e-08   2.254081e-02   2.572347e-02   2.050638e-06   0.000000e+00
  3.850000e+02   2.092028e-06   8.375187e-09   2.155858e-02   6.600660e-03   1.966890e-06   8.573151e-09
  3.860000e+02   1.886255e-06   2.931315e-08   1.986635e-02   2.325581e-02   1.986631e-06   8.573151e-09
  3.870000e+02   2.074880e-06   5.443871e-08   2.229593e-02   4.421769e-02   1.898097e-06   0.000000e+00
  3.880000e+02   1.851959e-06   3.350075e-08   2.035432e-02   2.846975e-02   1.907070e-06   8.573151e-09
  3.890000e+02   1.791942e-06   2.093797e-08   2.010389e-02   1.831502e-02   1.806572e-06   8.573151e-09
  3.900000e+02   2.006289e-06   3.350075e-08   2.297045e-02   2.985075e-02   1.807768e-06   8.573151e-09
  3.910000e+02   2.006289e-06   5.025112e-08   2.351050e-02   4.615385e-02   1.711458e-06   1.714630e-08
  3.920000e+02   1.971994e-06   3.768834e-08   2.366499e-02   3.629032e-02   1.735984e-06   8.573151e-09
  3.930000e+02   2.032011e-06   2.512556e-08   2.497629e-02   2.510460e-02   1.657619e-06   0.000000e+00
  3.940000e+02   1.817664e-06   2.093797e-08   2.291396e-02   2.145923e-02   1.606772e-06   0.000000e+00
  3.950000e+02   1.663334e-06   2.931315e-08   2.146018e-02   3.070175e-02   1.605576e-06   8.573151e-09
  3.960000e+02   1.971994e-06   2.931315e-08   2.600045e-02   3.167421e-02   1.504479e-06   0.000000e+00
  3.970000e+02   1.337526e-06   3.768834e-08   1.810585e-02   4.205607e-02   1.406972e-06   0.000000e+00
  3.980000e+02   1.620464e-06   2.093797e-08   2.234043e-02   2.439024e-02   1.470980e-06   0.000000e+00
  3.990000e+02   1.431839e-06   2.931315e-08   2.019103e-02   3.500000e-02   1.436883e-06   0.000000e+00
  4.000000e+02   1.586169e-06   8.375187e-09   2.282823e-02   1.036269e-02   1.424918e-06   0.000000e+00
  4.010000e+02   1.680482e-06   2.093797e-08   2.475060e-02   2.617801e-02   1.378857e-06   8.573151e-09
  4.020000e+02   1.474708e-06   1.256278e-08   2.227114e-02   1.612903e-02   1.327411e-06   8.573151e-09
  4.030000e+02   1.406117e-06   8.375187e-09   2.171898e-02   1.092896e-02   1.298100e-06   0.000000e+00
  4.040000e+02   1.474708e-06   2.512556e-08   2.328415e-02   3.314917e-02   1.293912e-06   8.573151e-09
  4.050000e+02   1.346100e-06   1.256278e-08   2.176022e-02   1.714286e-02   1.293912e-06   0.000000e+00
  4.060000e+02   1.423265e-06   2.512556e-08   2.351941e-02   3.488372e-02   1.243663e-06   1.714630e-08
  4.070000e+02   1.251787e-06   4.187593e-08   2.118398e-02   6.024096e-02   1.164700e-06   0.000000e+00
  4.080000e+02   1.243213e-06   2.931315e-08   2.149422e-02   4.487179e-02   1.164700e-06   0.000000e+00
  4.090000e+02   1.346100e-06   8.375187e-09   2.378428e-02   1.342282e-02   1.190423e-06   0.000000e+00
  4.100000e+02   1.371822e-06   2.093797e-08   2.482930e-02   3.401361e-02   1.150344e-06   1.714630e-08
  4.110000e+02   1.183196e-06   2.931315e-08   2.196053e-02   4.929577e-02   1.071381e-06   0.000000e+00
  4.120000e+02   1.183196e-06   4.187593e-09   2.245363e-02   7.407407e-03   1.045658e-06   0.000000e+00
  4.130000e+02   1.020292e-06   2.093797e-08   1.980692e-02   3.731343e-02   1.071381e-06   8.573151e-09
  4.140000e+02   9.859969e-07   4.187593e-09   1.952793e-02   7.751938e-03   1.049247e-06   8.573151e-09
  4.150000e+02   1.148901e-06   1.256278e-08   2.320748e-02   2.343750e-02   1.012159e-06   8.573151e-09
  4.160000e+02   1.063162e-06   1.256278e-08   2.198582e-02   2.400000e-02   1.045658e-06   0.000000e+00
  4.170000e+02   1.191770e-06   2.093797e-08   2.519942e-02   4.098361e-02   9.876324e-07   0.000000e+00
  4.180000e+02   9.517013e-07   0.000000e+00   2.064348e-02   0.000000e+00   9.529367e-07   0.000000e+00
  4.190000e+02   1.123179e-06   8.375187e-09   2.487657e-02   1.709402e-02   9.319996e-07   0.000000e+00
  4.200000e+02   1.028866e-06   3.768834e-08   2.336904e-02   7.826087e-02   9.499457e-07   1.714630e-08
  4.210000e+02   9.859969e-07   1.256278e-08   2.293121e-02   2.830189e-02   8.967056e-07   0.000000e+00
  4.220000e+02   9.345536e-07   8.375187e-09   2.224490e-02   1.941748e-02   8.446620e-07   0.000000e+00
  4.230000e+02   1.063162e-06   4.187593e-09   2.588186e-02   9.900990e-03   8.159483e-07   0.000000e+00
  4.240000e+02   7.802236e-07   1.256278e-08   1.949861e-02   3.000000e-02   7.932166e-07   0.000000e+00
  4.250000e+02   8.573886e-07   1.675037e-08   2.185315e-02   4.123711e-02   7.944130e-07   0.000000e+00
  4.260000e+02   9.859969e-07   1.256278e-08   2.569258e-02   3.225806e-02   8.273141e-07   0.000000e+00
  4.270000e+02   8.745364e-07   8.375187e-09   2.338913e-02   2.222222e-02   7.429676e-07   0.000000e+00
  4.280000e+02   8.573886e-07   1.256278e-08   2.347969e-02   3.409091e-02   7.411730e-07   8.573151e-09
  4.290000e+02   8.916841e-07   1.256278e-08   2.500601e-02   3.529412e-02   7.136557e-07   0.000000e+00
  4.300000e+02   6.173198e-07   1.256278e-08   1.775586e-02   3.658537e-02   7.363873e-07   0.000000e+00
  4.310000e+02   7.373542e-07   4.187593e-09   2.159177e-02   1.265823e-02   7.226287e-07   8.573151e-09
  4.320000e+02   6.001720e-07   0.000000e+00   1.796254e-02   0.000000e+00   7.094682e-07   0.000000e+00
  4.330000e+02   7.287803e-07   1.675037e-08   2.221061e-02   5.128205e-02   6.610138e-07   1.714630e-08
  4.340000e+02   6.516153e-07   8.375187e-09   2.030999e-02   2.702703e-02   6.939150e-07   0.000000e+00
  4.350000e+02   5.315809e-07   4.187593e-09   1.691217e-02   1.388889e-02   6.663976e-07   8.573151e-09
  4.360000e+02   6.173198e-07   8.375187e-09   1.997780e-02   2.816901e-02   6.293091e-07   8.573151e-09
  4.370000e+02   7.202064e-07   1.256278e-08   2.378256e-02   4.347826e-02   6.185414e-07   8.573151e-09
  4.380000e+02   5.315809e-07   1.256278e-08   1.798144e-02   4.545455e-02   6.125594e-07   0.000000e+00
  4.390000e+02   6.601892e-07   4.187593e-09   2.274070e-02   1.587302e-02   5.892295e-07   8.573151e-09
  4.400000e+02   5.230070e-07   0.000000e+00   1.843457e-02   0.000000e+00   5.808547e-07   0.000000e+00
  4.410000e+02   6.173198e-07   4.187593e-09   2.216749e-02   1.612903e-02   5.653014e-07   0.000000e+00
  4.420000e+02   5.915981e-07   4.187593e-09   2.172544e-02   1.639344e-02   5.407751e-07   0.000000e+00
  4.430000e+02   6.516153e-07   4.187593e-09   2.446089e-02   1.666667e-02   5.521410e-07   0.000000e+00
  4.440000e+02   6.430414e-07   8.375187e-09   2.474431e-02   3.389831e-02   5.377841e-07   0.000000e+00
  4.450000e+02   4.972854e-07   4.187593e-09   1.962111e-02   1.754386e-02   5.210344e-07   0.000000e+00
  4.460000e+02   4.972854e-07   0.000000e+00   2.001380e-02   0.000000e+00   5.012937e-07   0.000000e+00
  4.470000e+02   6.258937e-07   0.000000e+00   2.570423e-02   0.000000e+00   5.084722e-07   0.000000e+00
  4.480000e+02   5.915981e-07   4.187593e-09   2.493675e-02   1.785714e-02   4.767674e-07   0.000000e+00
  4.490000e+02   5.658765e-07   8.375187e-09   2.446256e-02   3.636364e-02   4.977045e-07   0.000000e+00
  4.500000e+02   4.887115e-07   8.375187e-09   2.165653e-02   3.773585e-02   4.809549e-07   0.000000e+00
  4.510000e+02   3.772510e-07   0.000000e+00   1.708738e-02   0.000000e+00   4.426699e-07   0.000000e+00
  4.520000e+02   4.972854e-07   4.187593e-09   2.291584e-02   1.960784e-02   4.414735e-07   0.000000e+00
  4.530000e+02   4.801376e-07   8.375187e-09   2.264456e-02   4.000000e-02   4.432681e-07   0.000000e+00
  4.540000e+02   4.115465e-07   0.000000e+00   1.985933e-02   0.000000e+00   4.630088e-07   0.000000e+00
  4.550000e+02   3.943988e-07   4.187593e-09   1.941748e-02   2.083333e-02   3.995993e-07   0.000000e+00
  4.560000e+02   4.372682e-07   8.375187e-09   2.195437e-02   4.255319e-02   4.145544e-07   0.000000e+00
  4.570000e+02   4.201204e-07   4.187593e-09   2.156690e-02   2.222222e-02   4.013939e-07   0.000000e+00
  4.580000e+02   3.172338e-07   4.187593e-09   1.664417e-02   2.272727e-02   3.822514e-07   8.573151e-09
  4.590000e+02   4.201204e-07   4.187593e-09   2.241537e-02   2.325581e-02   3.720820e-07   0.000000e+00
  4.600000e+02   4.029726e-07   4.187593e-09   2.199345e-02   2.380952e-02   3.505467e-07   0.000000e+00
  4.610000e+02   3.858249e-07   1.256278e-08   2.153110e-02   7.317073e-02   3.924209e-07   8.573151e-09
  4.620000e+02   3.343816e-07   1.675037e-08   1.907090e-02   1.052632e-01   3.314042e-07   0.000000e+00
  4.630000e+02   4.372682e-07   0.000000e+00   2.542373e-02   0.000000e+00   3.349934e-07   0.000000e+00
  4.640000e+02   3.343816e-07   0.000000e+00   1.994885e-02   0.000000e+00   3.385826e-07   0.000000e+00
  4.650000e+02   3.601032e-07   4.187593e-09   2.192067e-02   2.941176e-02   3.355916e-07   0.000000e+00
  4.660000e+02   3.172338e-07   0.000000e+00   1.974386e-02   0.000000e+00   3.272168e-07   0.000000e+00
  4.670000e+02   4.029726e-07   1.256278e-08   2.558519e-02   9.090909e-02   3.385826e-07   0.000000e+00
  4.680000e+02   3.000860e-07   0.000000e+00   1.955307e-02   0.000000e+00   3.308060e-07   0.000000e+00
  4.690000e+02   3.601032e-07   4.187593e-09   2.393162e-02   3.333333e-02   3.092707e-07   0.000000e+00
  4.700000e+02   3.343816e-07   0.000000e+00   2.276708e-02   0.000000e+00   3.032887e-07   0.000000e+00
  4.710000e+02   3.686771e-07   0.000000e+00   2.568698e-02   0.000000e+00   3.152527e-07   0.000000e+00
  4.720000e+02   3.772510e-07   0.000000e+00   2.697731e-02   0.000000e+00   2.871372e-07   0.000000e+00
  4.730000e+02   3.172338e-07   4.187593e-09   2.331443e-02   3.448276e-02   2.751732e-07   0.000000e+00
  4.740000e+02   2.915121e-07   8.375187e-09   2.193548e-02   7.142857e-02   2.883336e-07   0.000000e+00
  4.750000e+02   2.915121e-07   4.187593e-09   2.242744e-02   3.846154e-02   2.638073e-07   0.000000e+00
  4.760000e+02   2.829382e-07   0.000000e+00   2.226721e-02   0.000000e+00   2.554325e-07   0.000000e+00
  4.770000e+02   2.400688e-07   0.000000e+00   1.932367e-02   0.000000e+00   2.374864e-07   0.000000e+00
  4.780000e+02   1.800516e-07   0.000000e+00   1.477833e-02   0.000000e+00   2.542361e-07   0.000000e+00
  4.790000e+02   2.743644e-07   4.187593e-09   2.285714e-02   4.000000e-02   2.518433e-07   0.000000e+00
  4.800000e+02   2.314949e-07   4.187593e-09   1.973684e-02   4.166667e-02   2.566289e-07   0.000000e+00
  4.810000e+02   2.572166e-07   0.000000e+00   2.237136e-02   0.000000e+00   2.267188e-07   0.000000e+00
  4.820000e+02   1.971994e-07   0.000000e+00   1.754386e-02   0.000000e+00   2.315044e-07   0.000000e+00
  4.830000e+02   2.314949e-07   0.000000e+00   2.096273e-02   0.000000e+00   2.392810e-07   0.000000e+00
  4.840000e+02   1.286083e-07   0.000000e+00   1.189532e-02   0.000000e+00   2.159511e-07   0.000000e+00
  4.850000e+02   3.429554e-07   0.000000e+00   3.210273e-02   0.000000e+00   2.141565e-07   0.000000e+00
  4.860000e+02   2.743644e-07   4.187593e-09   2.653400e-02   4.347826e-02   2.297098e-07   0.000000e+00
  4.870000e+02   2.829382e-07   4.187593e-09   2.810903e-02   4.545455e-02   2.021925e-07   0.000000e+00
  4.880000e+02   3.086599e-07   8.375187e-09   3.155127e-02   9.523810e-02   1.986032e-07   0.000000e+00
  4.890000e+02   2.572166e-07   8.375187e-09   2.714932e-02   1.052632e-01   1.788626e-07   0.000000e+00
  4.900000e+02   2.143471e-07   0.000000e+00   2.325581e-02   0.000000e+00   1.938176e-07   0.000000e+00
  4.910000e+02   2.400688e-07   4.187593e-09   2.666667e-02   5.882353e-02   2.009961e-07   8.573151e-09
  4.920000e+02   1.714777e-07   0.000000e+00   1.956947e-02   0.000000e+00   1.788626e-07   0.000000e+00
  4.930000e+02   2.057733e-07   0.000000e+00   2.395210e-02   0.000000e+00   1.680949e-07   0.000000e+00
  4.940000e+02   1.714777e-07   0.000000e+00   2.044990e-02   0.000000e+00   1.513452e-07   0.000000e+00
  4.950000e+02   1.886255e-07   8.375187e-09   2.296451e-02   1.250000e-01   1.740769e-07   8.573151e-09
  4.960000e+02   1.371822e-07   4.187593e-09   1.709402e-02   7.142857e-02   1.657021e-07   0.000000e+00
  4.970000e+02   1.457561e-07   0.000000e+00   1.847826e-02   0.000000e+00   1.836482e-07   0.000000e+00
  4.980000e+02   1.028866e-07   0.000000e+00   1.328904e-02   0.000000e+00   1.477560e-07   0.000000e+00
  4.990000e+02   1.200344e-07   0.000000e+00   1.571268e-02   0.000000e+00   1.609165e-07   0.000000e+00
  5.000000e+02   2.229210e-07   0.000000e+00   2.964652e-02   0.000000e+00   1.639075e-07   0.000000e+00
  5.010000e+02   1.629038e-07   0.000000e+00   2.232667e-02   0.000000e+00   1.459614e-07   0.000000e+00
  5.020000e+02   9.431275e-08   0.000000e+00   1.322115e-02   0.000000e+00   1.657021e-07   0.000000e+00
  5.030000e+02   1.886255e-07   0.000000e+00   2.679659e-02   0.000000e+00   1.339974e-07   0.000000e+00
  5.040000e+02   1.714777e-07   0.000000e+00   2.503129e-02   0.000000e+00   1.328010e-07   0.000000e+00
  5.050000e+02   1.371822e-07   4.187593e-09   2.053915e-02   7.692308e-02   1.369884e-07   0.000000e+00
  5.060000e+02   1.286083e-07   0.000000e+00   1.965924e-02   0.000000e+00   1.310064e-07   0.000000e+00
  5.070000e+02   1.028866e-07   0.000000e+00   1.604278e-02   0.000000e+00   1.148549e-07   0.000000e+00
  5.080000e+02   1.543299e-07   4.187593e-09   2.445652e-02   8.333333e-02   1.310064e-07   8.573151e-09
  5.090000e+02   1.286083e-07   0.000000e+00   2.089136e-02   0.000000e+00   1.208369e-07   0.000000e+00
  5.100000e+02   1.028866e-07   4.187593e-09   1.706970e-02   9.090909e-02   1.250243e-07   0.000000e+00
  5.110000e+02   1.286083e-07   0.000000e+00   2.170767e-02   0.000000e+00   1.310064e-07   0.000000e+00
  5.120000e+02   1.114605e-07   0.000000e+00   1.923077e-02   0.000000e+00   1.148549e-07   0.000000e+00
  5.130000e+02   1.028866e-07   0.000000e+00   1.809955e-02   0.000000e+00   1.100693e-07   0.000000e+00
  5.140000e+02   1.114605e-07   0.000000e+00   1.996928e-02   0.000000e+00   1.274171e-07   0.000000e+00
  5.150000e+02   1.800516e-07   0.000000e+00   3.291536e-02   0.000000e+00   1.154531e-07   0.000000e+00
  5.160000e+02   1.114605e-07   8.375187e-09   2.106969e-02   2.000000e-01   9.690881e-08   0.000000e+00
  5.170000e+02   9.431275e-08   0.000000e+00   1.821192e-02   0.000000e+00   1.220333e-07   0.000000e+00
  5.180000e+02   1.543299e-07   4.187593e-09   3.035413e-02   1.250000e-01   1.160513e-07   0.000000e+00
  5.190000e+02   1.629038e-07   0.000000e+00   3.304348e-02   0.000000e+00   9.391780e-08   0.000000e+00
  5.200000e+02   7.716497e-08   0.000000e+00   1.618705e-02   0.000000e+00   9.810522e-08   0.000000e+00
  5.210000e+02   7.716497e-08   0.000000e+00   1.645338e-02   0.000000e+00   9.331960e-08   0.000000e+00
  5.220000e+02   7.716497e-08   0.000000e+00   1.672862e-02   0.000000e+00   8.614117e-08   0.000000e+00
  5.230000e+02   9.431275e-08   0.000000e+00   2.079395e-02   0.000000e+00   8.554297e-08   0.000000e+00
  5.240000e+02   5.144332e-08   0.000000e+00   1.158301e-02   0.000000e+00   1.058819e-07   0.000000e+00
  5.250000e+02   7.716497e-08   0.000000e+00   1.757812e-02   0.000000e+00   8.614117e-08   0.000000e+00
  5.260000e+02   9.431275e-08   4.187593e-09   2.186879e-02   1.428571e-01   9.212319e-08   0.000000e+00
  5.270000e+02   6.001720e-08   0.000000e+00   1.422764e-02   0.000000e+00   9.092679e-08   0.000000e+00
  5.280000e+02   1.028866e-07   0.000000e+00   2.474227e-02   0.000000e+00   9.272140e-08   0.000000e+00
  5.290000e+02   3.429554e-08   0.000000e+00   8.456660e-03   0.000000e+00   9.032859e-08   0.000000e+00
  5.300000e+02   1.200344e-07   0.000000e+00   2.985075e-02   0.000000e+00   9.092679e-08   0.000000e+00
  5.310000e+02   9.431275e-08   0.000000e+00   2.417582e-02   0.000000e+00   8.614117e-08   0.000000e+00
  5.320000e+02   5.144332e-08   0.000000e+00   1.351351e-02   0.000000e+00   7.597172e-08   0.000000e+00
  5.330000e+02   1.371822e-07   0.000000e+00   3.652968e-02   0.000000e+00   8.554297e-08   0.000000e+00
  5.340000e+02   7.716497e-08   0.000000e+00   2.132701e-02   0.000000e+00   7.956094e-08   0.000000e+00
  5.350000e+02   3.429554e-08   0.000000e+00   9.685230e-03   0.000000e+00   7.118610e-08   0.000000e+00
  5.360000e+02   9.431275e-08   4.187593e-09   2.689487e-02   1.666667e-01   7.357891e-08   0.000000e+00
  5.370000e+02   8.573886e-08   0.000000e+00   2.512563e-02   0.000000e+00   6.998970e-08   0.000000e+00
  5.380000e+02   5.144332e-08   0.000000e+00   1.546392e-02   0.000000e+00   6.998970e-08   0.000000e+00
  5.390000e+02   5.144332e-08   0.000000e+00   1.570681e-02   0.000000e+00   6.640048e-08   0.000000e+00
  5.400000e+02   4.286943e-08   0.000000e+00   1.329787e-02   0.000000e+00   7.118610e-08   0.000000e+00
  5.410000e+02   8.573886e-08   4.187593e-09   2.695418e-02   2.000000e-01   6.640048e-08   0.000000e+00
  5.420000e+02   9.431275e-08   0.000000e+00   3.047091e-02   0.000000e+00   6.340947e-08   0.000000e+00
  5.430000e+02   1.114605e-07   0.000000e+00   3.714286e-02   0.000000e+00   6.640048e-08   0.000000e+00
  5.440000e+02   6.001720e-08   4.187593e-09   2.077151e-02   2.500000e-01   5.922205e-08   0.000000e+00
  5.450000e+02   2.572166e-08   0.000000e+00   9.090909e-03   0.000000e+00   6.400767e-08   0.000000e+00
  5.460000e+02   6.001720e-08   0.000000e+00   2.140673e-02   0.000000e+00   6.101666e-08   0.000000e+00
  5.470000e+02   3.429554e-08   0.000000e+00   1.250000e-02   0.000000e+00   5.443643e-08   0.000000e+00
  5.480000e+02   1.714777e-08   0.000000e+00   6.329114e-03   0.000000e+00   5.383823e-08   0.000000e+00
  5.490000e+02   4.286943e-08   0.000000e+00   1.592357e-02   0.000000e+00   4.606160e-08   0.000000e+00
  5.500000e+02   4.286943e-08   0.000000e+00   1.618123e-02   0.000000e+00   5.742745e-08   0.000000e+00
  5.510000e+02   5.144332e-08   0.000000e+00   1.973684e-02   0.000000e+00   5.623104e-08   0.000000e+00
  5.520000e+02   6.859109e-08   0.000000e+00   2.684564e-02   0.000000e+00   5.144542e-08   0.000000e+00
  5.530000e+02   9.431275e-08   0.000000e+00   3.793103e-02   0.000000e+00   4.665980e-08   0.000000e+00
  5.540000e+02   3.429554e-08   0.000000e+00   1.433692e-02   0.000000e+00   4.665980e-08   0.000000e+00
  5.550000e+02   4.286943e-08   0.000000e+00   1.818182e-02   0.000000e+00   5.324003e-08   0.000000e+00
  5.560000e+02   6.001720e-08   0.000000e+00   2.592593e-02   0.000000e+00   5.144542e-08   0.000000e+00
  5.570000e+02   3.429554e-08   0.000000e+00   1.520913e-02   0.000000e+00   4.546339e-08   0.000000e+00
  5.580000e+02   6.001720e-08   0.000000e+00   2.702703e-02   0.000000e+00   4.606160e-08   0.000000e+00
  5.590000e+02   6.001720e-08   0.000000e+00   2.777778e-02   0.000000e+00   3.589215e-08   0.000000e+00
  5.600000e+02   6.859109e-08   0.000000e+00   3.265306e-02   0.000000e+00   5.324003e-08   0.000000e+00
  5.610000e+02   4.286943e-08   0.000000e+00   2.109705e-02   0.000000e+00   3.349934e-08   0.000000e+00
  5.620000e+02   4.286943e-08   0.000000e+00   2.155172e-02   0.000000e+00   4.187418e-08   0.000000e+00
  5.630000e+02   2.572166e-08   0.000000e+00   1.321586e-02   0.000000e+00   4.845441e-08   0.000000e+00
  5.640000e+02   3.429554e-08   0.000000e+00   1.785714e-02   0.000000e+00   4.426699e-08   0.000000e+00
  5.650000e+02   8.573886e-09   0.000000e+00   4.545455e-03   0.000000e+00   4.067777e-08   0.000000e+00
  5.660000e+02   5.144332e-08   0.000000e+00   2.739726e-02   0.000000e+00   3.888317e-08   0.000000e+00
  5.670000e+02   3.429554e-08   0.000000e+00   1.877934e-02   0.000000e+00   4.007957e-08   0.000000e+00
  5.680000e+02   7.716497e-08   0.000000e+00   4.306220e-02   0.000000e+00   3.529395e-08   0.000000e+00
  5.690000e+02   3.429554e-08   0.000000e+00   2.000000e-02   0.000000e+00   3.768676e-08   0.000000e+00
  5.700000e+02   2.572166e-08   0.000000e+00   1.530612e-02   0.000000e+00   3.768676e-08   0.000000e+00
  5.710000e+02   3.429554e-08   0.000000e+00   2.072539e-02   0.000000e+00   3.409755e-08   0.000000e+00
  5.720000e+02   6.859109e-08   0.000000e+00   4.232804e-02   0.000000e+00   3.170474e-08   0.000000e+00
  5.730000e+02   2.572166e-08   0.000000e+00   1.657459e-02   0.000000e+00   2.811552e-08   0.000000e+00
  5.740000e+02   5.144332e-08   0.000000e+00   3.370787e-02   0.000000e+00   3.050833e-08   0.000000e+00
  5.750000e+02   1.714777e-08   0.000000e+00   1.162791e-02   0.000000e+00   3.290114e-08   0.000000e+00
  5.760000e+02   7.716497e-08   0.000000e+00   5.294118e-02   0.000000e+00   3.230294e-08   0.000000e+00
  5.770000e+02   3.429554e-08   0.000000e+00   2.484472e-02   0.000000e+00   2.931193e-08   0.000000e+00
  5.780000e+02   1.714777e-08   0.000000e+00   1.273885e-02   0.000000e+00   2.093709e-08   0.000000e+00
  5.790000e+02   6.001720e-08   0.000000e+00   4.516129e-02   0.000000e+00   3.230294e-08   0.000000e+00
  5.800000e+02   2.572166e-08   0.000000e+00   2.027027e-02   0.000000e+00   2.871372e-08   0.000000e+00
  5.810000e+02   4.286943e-08   0.000000e+00   3.448276e-02   0.000000e+00   2.811552e-08   0.000000e+00
  5.820000e+02   4.286943e-08   0.000000e+00   3.571429e-02   0.000000e+00   2.273170e-08   0.000000e+00
  5.830000e+02   8.573886e-09   0.000000e+00   7.407407e-03   0.000000e+00   1.914248e-08   0.000000e+00
  5.840000e+02   2.572166e-08   0.000000e+00   2.238806e-02   0.000000e+00   2.632091e-08   0.000000e+00
  5.850000e+02   2.572166e-08   0.000000e+00   2.290076e-02   0.000000e+00   2.512451e-08   0.000000e+00
  5.860000e+02   3.429554e-08   0.000000e+00   3.125000e-02   0.000000e+00   2.153529e-08   0.000000e+00
  5.870000e+02   1.714777e-08   0.000000e+00   1.612903e-02   0.000000e+00   2.332990e-08   0.000000e+00
  5.880000e+02   8.573886e-09   0.000000e+00   8.196721e-03   0.000000e+00   2.093709e-08   0.000000e+00
  5.890000e+02   2.572166e-08   0.000000e+00   2.479339e-02   0.000000e+00   1.794608e-08   0.000000e+00
  5.900000e+02   6.001720e-08   0.000000e+00   5.932203e-02   0.000000e+00   1.854428e-08   0.000000e+00
  5.910000e+02   8.573886e-09   0.000000e+00   9.009009e-03   0.000000e+00   1.495506e-08   0.000000e+00
  5.920000e+02   2.572166e-08   0.000000e+00   2.727273e-02   0.000000e+00   2.512451e-08   0.000000e+00
  5.930000e+02   1.714777e-08   0.000000e+00   1.869159e-02   0.000000e+00   1.555327e-08   0.000000e+00
  5.940000e+02   8.573886e-09   0.000000e+00   9.523810e-03   0.000000e+00   1.854428e-08   0.000000e+00
  5.950000e+02   8.573886e-09   0.000000e+00   9.615385e-03   0.000000e+00   1.196405e-08   0.000000e+00
  5.960000e+02   4.286943e-08   0.000000e+00   4.854369e-02   0.000000e+00   1.615147e-08   0.000000e+00
  5.970000e+02   1.714777e-08   0.000000e+00   2.040816e-02   0.000000e+00   1.974068e-08   0.000000e+00
  5.980000e+02   8.573886e-09   0.000000e+00   1.041667e-02   0.000000e+00   1.974068e-08   0.000000e+00
  5.990000e+02   2.572166e-08   0.000000e+00   3.157895e-02   0.000000e+00   1.615147e-08   0.000000e+00
  6.000000e+02   1.714777e-08   0.000000e+00   2.173913e-02   0.000000e+00   2.093709e-08   0.000000e+00
  6.010000e+02   8.573886e-09   0.000000e+00   1.111111e-02   0.000000e+00   9.571241e-09   0.000000e+00
  6.020000e+02   0.000000e+00   0.000000e+00   0.000000e+00   0.000000e+00   1.435686e-08   0.000000e+00
  6.030000e+02   1.714777e-08   0.000000e+00   2.247191e-02   0.000000e+00   1.375866e-08   0.000000e+00
  6.040000e+02   2.572166e-08   0.000000e+00   3.448276e-02   0.000000e+00   1.016944e-08   0.000000e+00
  6.050000e+02   1.714777e-08   0.000000e+00   2.380952e-02   0.000000e+00   9.571241e-09   0.000000e+00
  6.060000e+02   2.572166e-08   0.000000e+00   3.658537e-02   0.000000e+00   1.615147e-08   0.000000e+00
  6.070000e+02   6.001720e-08   0.000000e+00   8.860759e-02   0.000000e+00   1.615147e-08   0.000000e+00
  6.080000e+02   3.429554e-08   0.000000e+00   5.555556e-02   0.000000e+00   1.196405e-08   0.000000e+00
  6.090000e+02   2.572166e-08   0.000000e+00   4.411765e-02   0.000000e+00   1.316046e-08   0.000000e+00
  6.100000e+02   1.714777e-08   0.000000e+00   3.076923e-02   0.000000e+00   1.316046e-08   0.000000e+00
  6.110000e+02   8.573886e-09   0.000000e+00   1.587302e-02   0.000000e+00   1.316046e-08   0.000000e+00
  6.120000e+02   8.573886e-09   0.000000e+00   1.612903e-02   0.000000e+00   7.178431e-09   0.000000e+00
  6.130000e+02   0.000000e+00   4.187593e-09   0.000000e+00   3.333333e-01   1.375866e-08   0.000000e+00
  6.140000e+02   8.573886e-09   0.000000e+00   1.639344e-02   0.000000e+00   4.785620e-09   0.000000e+00
  6.150000e+02   0.000000e+00   0.000000e+00   0.000000e+00   0.000000e+00   5.383823e-09   0.000000e+00
  6.160000e+02   1.714777e-08   0.000000e+00   3.333333e-02   0.000000e+00   7.178431e-09   0.000000e+00
  6.170000e+02   0.000000e+00   0.000000e+00   0.000000e+00   0.000000e+00   5.982026e-09   0.000000e+00
  6.180000e+02   8.573886e-09   0.000000e+00   1.724138e-02   0.000000e+00   8.973038e-09   0.000000e+00
  6.190000e+02   8.573886e-09   0.000000e+00   1.754386e-02   0.000000e+00   8.374836e-09   0.000000e+00
  6.200000e+02   8.573886e-09   0.000000e+00   1.785714e-02   0.000000e+00   8.973038e-09   0.000000e+00
  6.210000e+02   0.000000e+00   0.000000e+00   0.000000e+00   0.000000e+00   1.435686e-08   0.000000e+00
  6.220000e+02   0.000000e+00   0.000000e+00   0.000000e+00   0.000000e+00   9.571241e-09   0.000000e+00
  6.230000e+02   2.572166e-08   0.000000e+00   5.454545e-02   0.000000e+00   1.196405e-08   0.000000e+00
  6.240000e+02   8.573886e-09   0.000000e+00   1.923077e-02   0.000000e+00   8.973038e-09   0.000000e+00
  6.250000e+02   8.573886e-09   0.000000e+00   1.960784e-02   0.000000e+00   8.374836e-09   0.000000e+00
  6.260000e+02   8.573886e-09   0.000000e+00   2.000000e-02   0.000000e+00   8.374836e-09   0.000000e+00
  6.270000e+02   1.714777e-08   0.000000e+00   4.081633e-02   0.000000e+00   5.982026e-09   0.000000e+00
  6.280000e+02   1.714777e-08   0.000000e+00   4.255319e-02   0.000000e+00   9.571241e-09   0.000000e+00
  6.290000e+02   0.000000e+00   0.000000e+00   0.000000e+00   0.000000e+00   1.016944e-08   0.000000e+00
  6.300000e+02   0.000000e+00   0.000000e+00   0.000000e+00   0.000000e+00   7.776633e-09   0.000000e+00
  6.310000e+02   8.573886e-09   0.000000e+00   2.222222e-02   0.000000e+00   1.076765e-08   0.000000e+00
  6.320000e+02   0.000000e+00   0.000000e+00   0.000000e+00   0.000000e+00   1.016944e-08   0.000000e+00
  6.330000e+02   1.714777e-08   4.187593e-09   4.545455e-02   5.000000e-01   5.383823e-09   0.000000e+00
  6.340000e+02   8.573886e-09   0.000000e+00   2.380952e-02   0.000000e+00   7.178431e-09   0.000000e+00
  6.350000e+02   0.000000e+00   0.000000e+00   0.000000e+00   0.000000e+00   9.571241e-09   0.000000e+00
  6.360000e+02   8.573886e-09   0.000000e+00   2.439024e-02   0.000000e+00   8.973038e-09   0.000000e+00
  6.370000e+02   1.714777e-08   0.000000e+00   5.000000e-02   0.000000e+00   7.178431e-09   0.000000e+00
  6.380000e+02   8.573886e-09   0.000000e+00   2.631579e-02   0.000000e+00   1.076765e-08   0.000000e+00
  6.390000e+02   0.000000e+00   0.000000e+00   0.000000e+00   0.000000e+00   7.178431e-09   0.000000e+00
  6.400000e+02   8.573886e-09   0.000000e+00   2.702703e-02   0.000000e+00   7.776633e-09   0.000000e+00
  6.410000e+02   0.000000e+00   0.000000e+00   0.000000e+00   0.000000e+00   1.136585e-08   0.000000e+00
  6.420000e+02   0.000000e+00   0.000000e+00   0.000000e+00   0.000000e+00   5.383823e-09   0.000000e+00
  6.430000e+02   0.000000e+00   0.000000e+00   0.000000e+00   0.000000e+00   7.776633e-09   0.000000e+00
  6.440000e+02   8.573886e-09   0.000000e+00   2.777778e-02   0.000000e+00   8.374836e-09   0.000000e+00
  6.450000e+02   0.000000e+00   0.000000e+00   0.000000e+00   0.000000e+00   4.785620e-09   0.000000e+00
  6.460000e+02   0.000000e+00   0.000000e+00   0.000000e+00   0.000000e+00   8.973038e-09   0.000000e+00
  6.470000e+02   0.000000e+00   0.000000e+00   0.000000e+00   0.000000e+00   5.982026e-09   0.000000e+00
  6.480000e+02   8.573886e-09   0.000000e+00   2.857143e-02   0.000000e+00   1.016944e-08   0.000000e+00
  6.490000e+02   0.000000e+00   0.000000e+00   0.000000e+00   0.000000e+00   5.982026e-09   0.000000e+00
  6.500000e+02   0.000000e+00   0.000000e+00   0.000000e+00   0.000000e+00   5.383823e-09   0.000000e+00
  6.510000e+02   8.573886e-09   0.000000e+00   2.941176e-02   0.000000e+00   6.580228e-09   0.000000e+00
  6.520000e+02   8.573886e-09   4.187593e-09   3.030303e-02   1.000000e+00   7.776633e-09   0.000000e+00
  6.530000e+02   8.573886e-09   0.000000e+00   3.125000e-02   0.000000e+00   6.580228e-09   0.000000e+00
  6.540000e+02   0.000000e+00   0.000000e+00   0.000000e+00   0.000000e+00   4.785620e-09   0.000000e+00
  6.550000e+02   0.000000e+00   0.000000e+00   0.000000e+00   0.000000e+00   6.580228e-09   0.000000e+00
  6.560000e+02   8.573886e-09   0.000000e+00   3.225806e-02   0.000000e+00   6.580228e-09   0.000000e+00
  6.570000e+02   0.000000e+00   0.000000e+00   0.000000e+00   0.000000e+00   3.589215e-09   0.000000e+00
  6.580000e+02   1.714777e-08   0.000000e+00   6.666667e-02   0.000000e+00   4.785620e-09   0.000000e+00
  6.590000e+02   1.714777e-08   0.000000e+00   7.142857e-02   0.000000e+00   6.580228e-09   0.000000e+00
  6.600000e+02   0.000000e+00   0.000000e+00   0.000000e+00   0.000000e+00   2.392810e-09   0.000000e+00
  6.610000e+02   0.000000e+00   0.000000e+00   0.000000e+00   0.000000e+00   3.589215e-09   0.000000e+00
  6.620000e+02   8.573886e-09   0.000000e+00   3.846154e-02   0.000000e+00   4.187418e-09   0.000000e+00
  6.630000e+02   0.000000e+00   0.000000e+00   0.000000e+00   0.000000e+00   6.580228e-09   0.000000e+00
  6.640000e+02   0.000000e+00   0.000000e+00   0.000000e+00   0.000000e+00   2.991013e-09   0.000000e+00
  6.650000e+02   8.573886e-09   0.000000e+00   4.000000e-02   0.000000e+00   5.982026e-09   0.000000e+00
  6.660000e+02   0.000000e+00   0.000000e+00   0.000000e+00   0.000000e+00   6.580228e-09   0.000000e+00
  6.670000e+02   8.573886e-09   0.000000e+00   4.166667e-02   0.000000e+00   4.187418e-09   0.000000e+00
  6.680000e+02   8.573886e-09   0.000000e+00   4.347826e-02   0.000000e+00   3.589215e-09   0.000000e+00
  6.690000e+02   0.000000e+00   0.000000e+00   0.000000e+00   0.000000e+00   4.187418e-09   0.000000e+00
  6.700000e+02   0.000000e+00   0.000000e+00   0.000000e+00   0.000000e+00   4.785620e-09   0.000000e+00
  6.710000e+02   0.000000e+00   0.000000e+00   0.000000e+00   0.000000e+00   1.196405e-09   0.000000e+00
  6.720000e+02   0.000000e+00   0.000000e+00   0.000000e+00   0.000000e+00   1.794608e-09   0.000000e+00
  6.730000e+02   0.000000e+00   0.000000e+00   0.000000e+00   0.000000e+00   2.392810e-09   0.000000e+00
  6.740000e+02   0.000000e+00   0.000000e+00   0.000000e+00   0.000000e+00   2.392810e-09   0.000000e+00
  6.750000e+02   0.000000e+00   0.000000e+00   0.000000e+00   0.000000e+00   1.196405e-09   0.000000e+00
  6.760000e+02   1.714777e-08   0.000000e+00   9.090909e-02   0.000000e+00   3.589215e-09   0.000000e+00
  6.770000e+02   0.000000e+00   0.000000e+00   0.000000e+00   0.000000e+00   2.392810e-09   0.000000e+00
  6.780000e+02   1.714777e-08   0.000000e+00   1.000000e-01   0.000000e+00   2.392810e-09   0.000000e+00
  6.790000e+02   0.000000e+00   0.000000e+00   0.000000e+00   0.000000e+00   2.991013e-09   0.000000e+00
  6.800000e+02   0.000000e+00   0.000000e+00   0.000000e+00   0.000000e+00   2.991013e-09   0.000000e+00
  6.810000e+02   8.573886e-09   0.000000e+00   5.555556e-02   0.000000e+00   2.991013e-09   0.000000e+00
  6.820000e+02   0.000000e+00   0.000000e+00   0.000000e+00   0.000000e+00   2.392810e-09   0.000000e+00
  6.830000e+02   0.000000e+00   0.000000e+00   0.000000e+00   0.000000e+00   2.392810e-09   0.000000e+00
  6.840000e+02   1.714777e-08   0.000000e+00   1.176471e-01   0.000000e+00   7.178431e-09   0.000000e+00
  6.850000e+02   8.573886e-09   0.000000e+00   6.666667e-02   0.000000e+00   2.991013e-09   0.000000e+00
  6.860000e+02   0.000000e+00   0.000000e+00   0.000000e+00   0.000000e+00   2.392810e-09   0.000000e+00
  6.870000e+02   0.000000e+00   0.000000e+00   0.000000e+00   0.000000e+00   1.196405e-09   0.000000e+00
  6.880000e+02   1.714777e-08   0.000000e+00   1.428571e-01   0.000000e+00   2.991013e-09   0.000000e+00
  6.890000e+02   0.000000e+00   0.000000e+00   0.000000e+00   0.000000e+00   1.794608e-09   0.000000e+00
  6.900000e+02   0.000000e+00   0.000000e+00   0.000000e+00   0.000000e+00   2.392810e-09   0.000000e+00
  6.910000e+02   0.000000e+00   0.000000e+00   0.000000e+00   0.000000e+00   5.982026e-10   0.000000e+00
  6.920000e+02   0.000000e+00   0.000000e+00   0.000000e+00   0.000000e+00   2.392810e-09   0.000000e+00
  6.930000e+02   0.000000e+00   0.000000e+00   0.000000e+00   0.000000e+00   5.982026e-10   0.000000e+00
  6.940000e+02   0.000000e+00   0.000000e+00   0.000000e+00   0.000000e+00   5.982026e-10   0.000000e+00
  6.950000e+02   0.000000e+00   0.000000e+00   0.000000e+00   0.000000e+00   2.392810e-09   0.000000e+00
  6.960000e+02   0.000000e+00   0.000000e+00   0.000000e+00   0.000000e+00   5.982026e-10   0.000000e+00
  6.970000e+02   0.000000e+00   0.000000e+00   0.000000e+00   0.000000e+00   2.392810e-09   0.000000e+00
  6.980000e+02   0.000000e+00   0.000000e+00   0.000000e+00   0.000000e+00   1.196405e-09   0.000000e+00
  6.990000e+02   0.000000e+00   0.000000e+00   0.000000e+00   0.000000e+00   5.982026e-10   0.000000e+00
  7.000000e+02   0.000000e+00   0.000000e+00   0.000000e+00   0.000000e+00   1.794608e-09   0.000000e+00
  7.010000e+02   8.573886e-09   0.000000e+00   8.333333e-02   0.000000e+00   5.982026e-10   0.000000e+00
  7.020000e+02   0.000000e+00   0.000000e+00   0.000000e+00   0.000000e+00   5.982026e-10   0.000000e+00
  7.030000e+02   0.000000e+00   0.000000e+00   0.000000e+00   0.000000e+00   1.794608e-09   0.000000e+00
  7.040000e+02   0.000000e+00   0.000000e+00   0.000000e+00   0.000000e+00   5.982026e-10   0.000000e+00
  7.050000e+02   0.000000e+00   0.000000e+00   0.000000e+00   0.000000e+00   2.392810e-09   0.000000e+00
  7.060000e+02   0.000000e+00   0.000000e+00   0.000000e+00   0.000000e+00   1.794608e-09   0.000000e+00
  7.070000e+02   0.000000e+00   0.000000e+00   0.000000e+00   0.000000e+00   1.794608e-09   0.000000e+00
  7.080000e+02   0.000000e+00   0.000000e+00   0.000000e+00   0.000000e+00   1.196405e-09   0.000000e+00
  7.090000e+02   0.000000e+00   0.000000e+00   0.000000e+00   0.000000e+00   5.982026e-10   0.000000e+00
  7.100000e+02   0.000000e+00   0.000000e+00   0.000000e+00   0.000000e+00   0.000000e+00   0.000000e+00
  7.110000e+02   8.573886e-09   0.000000e+00   9.090909e-02   0.000000e+00   0.000000e+00   0.000000e+00
  7.120000e+02   0.000000e+00   0.000000e+00   0.000000e+00   0.000000e+00   4.785620e-09   0.000000e+00
  7.130000e+02   8.573886e-09   0.000000e+00   1.000000e-01   0.000000e+00   2.991013e-09   0.000000e+00
  7.140000e+02   8.573886e-09   0.000000e+00   1.111111e-01   0.000000e+00   1.794608e-09   0.000000e+00
  7.150000e+02   0.000000e+00   0.000000e+00   0.000000e+00   0.000000e+00   5.982026e-10   0.000000e+00
  7.160000e+02   0.000000e+00   0.000000e+00   0.000000e+00   0.000000e+00   5.982026e-10   0.000000e+00
  7.170000e+02   0.000000e+00   0.000000e+00   0.000000e+00   0.000000e+00   2.991013e-09   0.000000e+00
  7.180000e+02   0.000000e+00   0.000000e+00   0.000000e+00   0.000000e+00   1.794608e-09   0.000000e+00
  7.190000e+02   0.000000e+00   0.000000e+00   0.000000e+00   0.000000e+00   1.196405e-09   0.000000e+00
  7.200000e+02   8.573886e-09   0.000000e+00   1.250000e-01   0.000000e+00   2.392810e-09   0.000000e+00
  7.210000e+02   0.000000e+00   0.000000e+00   0.000000e+00   0.000000e+00   1.794608e-09   0.000000e+00
  7.220000e+02   0.000000e+00   0.000000e+00   0.000000e+00   0.000000e+00   1.196405e-09   0.000000e+00
  7.230000e+02   0.000000e+00   0.000000e+00   0.000000e+00   0.000000e+00   0.000000e+00   0.000000e+00
  7.240000e+02   0.000000e+00   0.000000e+00   0.000000e+00   0.000000e+00   0.000000e+00   0.000000e+00
  7.250000e+02   0.000000e+00   0.000000e+00   0.000000e+00   0.000000e+00   2.392810e-09   0.000000e+00
  7.260000e+02   0.000000e+00   0.000000e+00   0.000000e+00   0.000000e+00   5.982026e-10   0.000000e+00
  7.270000e+02   8.573886e-09   0.000000e+00   1.428571e-01   0.000000e+00   5.982026e-10   0.000000e+00
  7.280000e+02   8.573886e-09   0.000000e+00   1.666667e-01   0.000000e+00   0.000000e+00   0.000000e+00
  7.290000e+02   0.000000e+00   0.000000e+00   0.000000e+00   0.000000e+00   5.982026e-10   0.000000e+00
  7.300000e+02   0.000000e+00   0.000000e+00   0.000000e+00   0.000000e+00   5.982026e-10   0.000000e+00
  7.310000e+02   0.000000e+00   0.000000e+00   0.000000e+00   0.000000e+00   0.000000e+00   0.000000e+00
  7.320000e+02   0.000000e+00   0.000000e+00   0.000000e+00   0.000000e+00   5.982026e-10   0.000000e+00
  7.330000e+02   0.000000e+00   0.000000e+00   0.000000e+00   0.000000e+00   0.000000e+00   0.000000e+00
  7.340000e+02   0.000000e+00   0.000000e+00   0.000000e+00   0.000000e+00   5.982026e-10   0.000000e+00
  7.350000e+02   0.000000e+00   0.000000e+00   0.000000e+00   0.000000e+00   5.982026e-10   0.000000e+00
  7.360000e+02   8.573886e-09   0.000000e+00   2.000000e-01   0.000000e+00   1.196405e-09   0.000000e+00
  7.370000e+02   0.000000e+00   0.000000e+00   0.000000e+00   0.000000e+00   0.000000e+00   0.000000e+00
  7.380000e+02   0.000000e+00   0.000000e+00   0.000000e+00   0.000000e+00   0.000000e+00   0.000000e+00
  7.390000e+02   0.000000e+00   0.000000e+00   0.000000e+00   0.000000e+00   5.982026e-10   0.000000e+00
  7.400000e+02   0.000000e+00   0.000000e+00   0.000000e+00   0.000000e+00   0.000000e+00   0.000000e+00
  7.410000e+02   0.000000e+00   0.000000e+00   0.000000e+00   0.000000e+00   5.982026e-10   0.000000e+00
  7.420000e+02   0.000000e+00   0.000000e+00   0.000000e+00   0.000000e+00   0.000000e+00   0.000000e+00
  7.430000e+02   0.000000e+00   0.000000e+00   0.000000e+00   0.000000e+00   0.000000e+00   0.000000e+00
  7.440000e+02   0.000000e+00   0.000000e+00   0.000000e+00   0.000000e+00   2.392810e-09   0.000000e+00
  7.450000e+02   0.000000e+00   0.000000e+00   0.000000e+00   0.000000e+00   1.196405e-09   0.000000e+00
  7.460000e+02   0.000000e+00   0.000000e+00   0.000000e+00   0.000000e+00   5.982026e-10   0.000000e+00
  7.470000e+02   8.573886e-09   0.000000e+00   2.500000e-01   0.000000e+00   5.982026e-10   0.000000e+00
  7.480000e+02   0.000000e+00   0.000000e+00   0.000000e+00   0.000000e+00   1.196405e-09   0.000000e+00
  7.490000e+02   0.000000e+00   0.000000e+00   0.000000e+00   0.000000e+00   1.794608e-09   0.000000e+00
  7.500000e+02   0.000000e+00   0.000000e+00   0.000000e+00   0.000000e+00   5.982026e-10   0.000000e+00
  7.510000e+02   0.000000e+00   0.000000e+00   0.000000e+00   0.000000e+00   5.982026e-10   0.000000e+00
  7.520000e+02   0.000000e+00   0.000000e+00   0.000000e+00   0.000000e+00   0.000000e+00   0.000000e+00
  7.530000e+02   0.000000e+00   0.000000e+00   0.000000e+00   0.000000e+00   5.982026e-10   0.000000e+00
  7.540000e+02   8.573886e-09   0.000000e+00   3.333333e-01   0.000000e+00   0.000000e+00   0.000000e+00
  7.550000e+02   0.000000e+00   0.000000e+00   0.000000e+00   0.000000e+00   5.982026e-10   0.000000e+00
  7.560000e+02   0.000000e+00   0.000000e+00   0.000000e+00   0.000000e+00   5.982026e-10   0.000000e+00
  7.570000e+02   0.000000e+00   0.000000e+00   0.000000e+00   0.000000e+00   5.982026e-10   0.000000e+00
  7.580000e+02   0.000000e+00   0.000000e+00   0.000000e+00   0.000000e+00   0.000000e+00   0.000000e+00
  7.590000e+02   0.000000e+00   0.000000e+00   0.000000e+00   0.000000e+00   0.000000e+00   0.000000e+00
  7.600000e+02   0.000000e+00   0.000000e+00   0.000000e+00   0.000000e+00   0.000000e+00   0.000000e+00
  7.610000e+02   0.000000e+00   0.000000e+00   0.000000e+00   0.000000e+00   0.000000e+00   0.000000e+00
  7.620000e+02   0.000000e+00   0.000000e+00   0.000000e+00   0.000000e+00   5.982026e-10   0.000000e+00
  7.630000e+02   0.000000e+00   0.000000e+00   0.000000e+00   0.000000e+00   0.000000e+00   0.000000e+00
  7.640000e+02   0.000000e+00   0.000000e+00   0.000000e+00   0.000000e+00   0.000000e+00   0.000000e+00
  7.650000e+02   0.000000e+00   0.000000e+00   0.000000e+00   0.000000e+00   1.196405e-09   0.000000e+00
  7.660000e+02   0.000000e+00   0.000000e+00   0.000000e+00   0.000000e+00   5.982026e-10   0.000000e+00
  7.670000e+02   0.000000e+00   0.000000e+00   0.000000e+00   0.000000e+00   5.982026e-10   0.000000e+00
  7.680000e+02   0.000000e+00   0.000000e+00   0.000000e+00   0.000000e+00   0.000000e+00   0.000000e+00
  7.690000e+02   0.000000e+00   0.000000e+00   0.000000e+00   0.000000e+00   0.000000e+00   0.000000e+00
  7.700000e+02   0.000000e+00   0.000000e+00   0.000000e+00   0.000000e+00   5.982026e-10   0.000000e+00
  7.710000e+02   0.000000e+00   0.000000e+00   0.000000e+00   0.000000e+00   0.000000e+00   0.000000e+00
  7.720000e+02   0.000000e+00   0.000000e+00   0.000000e+00   0.000000e+00   0.000000e+00   0.000000e+00
  7.730000e+02   0.000000e+00   0.000000e+00   0.000000e+00   0.000000e+00   0.000000e+00   0.000000e+00
  7.740000e+02   0.000000e+00   0.000000e+00   0.000000e+00   0.000000e+00   1.196405e-09   0.000000e+00
  7.750000e+02   0.000000e+00   0.000000e+00   0.000000e+00   0.000000e+00   0.000000e+00   0.000000e+00
  7.760000e+02   0.000000e+00   0.000000e+00   0.000000e+00   0.000000e+00   0.000000e+00   0.000000e+00
  7.770000e+02   0.000000e+00   0.000000e+00   0.000000e+00   0.000000e+00   0.000000e+00   0.000000e+00
  7.780000e+02   0.000000e+00   0.000000e+00   0.000000e+00   0.000000e+00   0.000000e+00   0.000000e+00
  7.790000e+02   0.000000e+00   0.000000e+00   0.000000e+00   0.000000e+00   0.000000e+00   0.000000e+00
  7.800000e+02   0.000000e+00   0.000000e+00   0.000000e+00   0.000000e+00   0.000000e+00   0.000000e+00
  7.810000e+02   0.000000e+00   0.000000e+00   0.000000e+00   0.000000e+00   0.000000e+00   0.000000e+00
  7.820000e+02   0.000000e+00   0.000000e+00   0.000000e+00   0.000000e+00   5.982026e-10   0.000000e+00
  7.830000e+02   8.573886e-09   0.000000e+00   5.000000e-01   0.000000e+00   0.000000e+00   0.000000e+00
  7.840000e+02   0.000000e+00   0.000000e+00   0.000000e+00   0.000000e+00   5.982026e-10   0.000000e+00
  7.850000e+02   0.000000e+00   0.000000e+00   0.000000e+00   0.000000e+00   5.982026e-10   0.000000e+00
  7.860000e+02   0.000000e+00   0.000000e+00   0.000000e+00   0.000000e+00   0.000000e+00   0.000000e+00
  7.870000e+02   0.000000e+00   0.000000e+00   0.000000e+00   0.000000e+00   0.000000e+00   0.000000e+00
  7.880000e+02   0.000000e+00   0.000000e+00   0.000000e+00   0.000000e+00   0.000000e+00   0.000000e+00
  7.890000e+02   0.000000e+00   0.000000e+00   0.000000e+00   0.000000e+00   0.000000e+00   0.000000e+00
  7.900000e+02   0.000000e+00   0.000000e+00   0.000000e+00   0.000000e+00   0.000000e+00   0.000000e+00
  7.910000e+02   0.000000e+00   0.000000e+00   0.000000e+00   0.000000e+00   0.000000e+00   0.000000e+00
  7.920000e+02   0.000000e+00   0.000000e+00   0.000000e+00   0.000000e+00   5.982026e-10   0.000000e+00
  7.930000e+02   0.000000e+00   0.000000e+00   0.000000e+00   0.000000e+00   0.000000e+00   0.000000e+00
  7.940000e+02   0.000000e+00   0.000000e+00   0.000000e+00   0.000000e+00   0.000000e+00   0.000000e+00
  7.950000e+02   0.000000e+00   0.000000e+00   0.000000e+00   0.000000e+00   0.000000e+00   0.000000e+00
  7.960000e+02   0.000000e+00   0.000000e+00   0.000000e+00   0.000000e+00   0.000000e+00   0.000000e+00
  7.970000e+02   0.000000e+00   0.000000e+00   0.000000e+00   0.000000e+00   0.000000e+00   0.000000e+00
  7.980000e+02   0.000000e+00   0.000000e+00   0.000000e+00   0.000000e+00   5.982026e-10   0.000000e+00
  7.990000e+02   8.573886e-09   0.000000e+00   1.000000e+00   0.000000e+00   0.000000e+00   0.000000e+00
