#            n        P[xf,n]        P[sf,n]        P[xf|n]        P[sf|n]     P[xf,n|sf]     P[sf,n|xf]  
  0.000000e+00   0.000000e+00   0.000000e+00   0.000000e+00   0.000000e+00   0.000000e+00   0.000000e+00
  1.000000e+00   1.008701e-02   1.371715e-01   1.008623e-02   1.371677e-01   8.066814e-02   1.570365e-01
  2.000000e+00   1.531453e-02   1.041229e-01   1.546942e-02   1.206726e-01   2.396339e-02   1.257008e-01
  3.000000e+00   1.840509e-02   8.070070e-02   1.888339e-02   1.063629e-01   2.356387e-02   1.020686e-01
  4.000000e+00   2.026133e-02   6.421804e-02   2.118800e-02   9.471300e-02   2.309456e-02   8.384507e-02
  5.000000e+00   2.129766e-02   5.238787e-02   2.275389e-02   8.534890e-02   2.258762e-02   6.966545e-02
  6.000000e+00   2.185941e-02   4.379321e-02   2.389787e-02   7.800445e-02   2.205873e-02   5.832818e-02
  7.000000e+00   2.210709e-02   3.738225e-02   2.476041e-02   7.221877e-02   2.152013e-02   4.922790e-02
  8.000000e+00   2.207555e-02   3.245284e-02   2.535289e-02   6.757602e-02   2.097470e-02   4.181569e-02
  9.000000e+00   2.195903e-02   2.858470e-02   2.587513e-02   6.383531e-02   2.043351e-02   3.570122e-02
  1.000000e+01   2.170515e-02   2.546783e-02   2.625538e-02   6.075303e-02   1.989658e-02   3.063676e-02
  1.100000e+01   2.132071e-02   2.291169e-02   2.648580e-02   5.819079e-02   1.936907e-02   2.641754e-02
  1.200000e+01   2.093805e-02   2.080864e-02   2.671813e-02   5.611495e-02   1.884750e-02   2.282995e-02
  1.300000e+01   2.049829e-02   1.902793e-02   2.687508e-02   5.436361e-02   1.833646e-02   1.980652e-02
  1.400000e+01   2.004543e-02   1.750045e-02   2.700722e-02   5.287406e-02   1.784022e-02   1.725620e-02
  1.500000e+01   1.955721e-02   1.617726e-02   2.708087e-02   5.160500e-02   1.735330e-02   1.510249e-02
  1.600000e+01   1.908653e-02   1.501133e-02   2.716482e-02   5.049141e-02   1.687895e-02   1.323135e-02
  1.700000e+01   1.858998e-02   1.398579e-02   2.719697e-02   4.954357e-02   1.641907e-02   1.163605e-02
  1.800000e+01   1.810779e-02   1.309187e-02   2.723224e-02   4.879447e-02   1.596785e-02   1.025573e-02
  1.900000e+01   1.761978e-02   1.226358e-02   2.724018e-02   4.805212e-02   1.552924e-02   9.070893e-03
  2.000000e+01   1.712620e-02   1.151481e-02   2.721859e-02   4.739581e-02   1.509979e-02   8.059585e-03
  2.100000e+01   1.666792e-02   1.085232e-02   2.723151e-02   4.689149e-02   1.468877e-02   7.163521e-03
  2.200000e+01   1.621964e-02   1.024479e-02   2.724099e-02   4.644436e-02   1.428443e-02   6.409660e-03
  2.300000e+01   1.575353e-02   9.684236e-03   2.719916e-02   4.604158e-02   1.389207e-02   5.754083e-03
  2.400000e+01   1.533292e-02   9.155236e-03   2.721318e-02   4.562740e-02   1.351258e-02   5.164104e-03
  2.500000e+01   1.486217e-02   8.673221e-03   2.711562e-02   4.529179e-02   1.314213e-02   4.638072e-03
  2.600000e+01   1.445551e-02   8.234703e-03   2.710882e-02   4.504194e-02   1.278141e-02   4.197730e-03
  2.700000e+01   1.405856e-02   7.809571e-03   2.709909e-02   4.473147e-02   1.243629e-02   3.803438e-03
  2.800000e+01   1.368621e-02   7.423757e-03   2.711623e-02   4.451282e-02   1.209545e-02   3.463622e-03
  2.900000e+01   1.328699e-02   7.065552e-03   2.705906e-02   4.433875e-02   1.176751e-02   3.173553e-03
  3.000000e+01   1.290337e-02   6.717316e-03   2.700870e-02   4.410929e-02   1.144577e-02   2.892916e-03
  3.100000e+01   1.255201e-02   6.403620e-03   2.700262e-02   4.398983e-02   1.113444e-02   2.648858e-03
  3.200000e+01   1.219614e-02   6.105327e-03   2.696521e-02   4.387066e-02   1.083520e-02   2.446831e-03
  3.300000e+01   1.184835e-02   5.809497e-03   2.692229e-02   4.366044e-02   1.053746e-02   2.251105e-03
  3.400000e+01   1.152293e-02   5.543786e-03   2.690730e-02   4.356571e-02   1.025491e-02   2.077712e-03
  3.500000e+01   1.119775e-02   5.289709e-03   2.687108e-02   4.346261e-02   9.978146e-03   1.934393e-03
  3.600000e+01   1.087662e-02   5.048066e-03   2.682122e-02   4.336188e-02   9.706358e-03   1.792167e-03
  3.700000e+01   1.059019e-02   4.817937e-03   2.683471e-02   4.326109e-02   9.444722e-03   1.671597e-03
  3.800000e+01   1.030640e-02   4.611155e-03   2.683577e-02   4.327665e-02   9.189173e-03   1.561317e-03
  3.900000e+01   1.002397e-02   4.402410e-03   2.682017e-02   4.318658e-02   8.942869e-03   1.460720e-03
  4.000000e+01   9.740995e-03   4.201866e-03   2.678138e-02   4.307984e-02   8.705613e-03   1.368981e-03
  4.100000e+01   9.463679e-03   4.007799e-03   2.673500e-02   4.294007e-02   8.468736e-03   1.286375e-03
  4.200000e+01   9.222623e-03   3.832862e-03   2.676975e-02   4.290835e-02   8.240397e-03   1.205759e-03
  4.300000e+01   8.944623e-03   3.663119e-03   2.667700e-02   4.284666e-02   8.019636e-03   1.139358e-03
  4.400000e+01   8.715108e-03   3.507706e-03   2.670495e-02   4.286556e-02   7.806992e-03   1.071140e-03
  4.500000e+01   8.460049e-03   3.352357e-03   2.663473e-02   4.280192e-02   7.595598e-03   1.012669e-03
  4.600000e+01   8.241941e-03   3.204031e-03   2.665814e-02   4.273748e-02   7.390581e-03   9.525056e-04
  4.700000e+01   8.006660e-03   3.066274e-03   2.660646e-02   4.272607e-02   7.196569e-03   9.029389e-04
  4.800000e+01   7.801934e-03   2.933516e-03   2.663486e-02   4.270069e-02   7.004307e-03   8.619388e-04
  4.900000e+01   7.581081e-03   2.802760e-03   2.658914e-02   4.261725e-02   6.816731e-03   8.122619e-04
  5.000000e+01   7.385174e-03   2.679528e-03   2.660961e-02   4.255719e-02   6.635239e-03   7.696649e-04
  5.100000e+01   7.174816e-03   2.569976e-03   2.655841e-02   4.263161e-02   6.457148e-03   7.344702e-04
  5.200000e+01   6.983495e-03   2.453264e-03   2.655553e-02   4.250782e-02   6.286401e-03   6.967426e-04
  5.300000e+01   6.803897e-03   2.346116e-03   2.657845e-02   4.245602e-02   6.118792e-03   6.611860e-04
  5.400000e+01   6.610587e-03   2.242269e-03   2.652844e-02   4.237595e-02   5.953678e-03   6.284143e-04
  5.500000e+01   6.431815e-03   2.146074e-03   2.651447e-02   4.235280e-02   5.796851e-03   5.989149e-04
  5.600000e+01   6.251965e-03   2.056320e-03   2.647508e-02   4.237635e-02   5.643366e-03   5.740254e-04
  5.700000e+01   6.086111e-03   1.972034e-03   2.647369e-02   4.243781e-02   5.493464e-03   5.447148e-04
  5.800000e+01   5.912956e-03   1.881325e-03   2.641997e-02   4.228012e-02   5.348064e-03   5.192274e-04
  5.900000e+01   5.768319e-03   1.797855e-03   2.647318e-02   4.218808e-02   5.204551e-03   4.949436e-04
  6.000000e+01   5.608168e-03   1.724637e-03   2.643813e-02   4.225263e-02   5.065604e-03   4.738063e-04
  6.100000e+01   5.463319e-03   1.646913e-03   2.645476e-02   4.212854e-02   4.932952e-03   4.504743e-04
  6.200000e+01   5.322419e-03   1.577358e-03   2.647288e-02   4.212398e-02   4.802578e-03   4.291876e-04
  6.300000e+01   5.179828e-03   1.512135e-03   2.646429e-02   4.215810e-02   4.675698e-03   4.092697e-04
  6.400000e+01   5.044364e-03   1.449557e-03   2.647282e-02   4.219227e-02   4.550341e-03   3.921915e-04
  6.500000e+01   4.906336e-03   1.382830e-03   2.644867e-02   4.202317e-02   4.429310e-03   3.729973e-04
  6.600000e+01   4.762037e-03   1.325549e-03   2.636824e-02   4.204955e-02   4.312647e-03   3.576183e-04
  6.700000e+01   4.632049e-03   1.273632e-03   2.634315e-02   4.217619e-02   4.197907e-03   3.440801e-04
  6.800000e+01   4.521162e-03   1.216523e-03   2.640824e-02   4.205895e-02   4.088656e-03   3.259636e-04
  6.900000e+01   4.384715e-03   1.166322e-03   2.630598e-02   4.209388e-02   3.980708e-03   3.153360e-04
  7.000000e+01   4.277046e-03   1.112719e-03   2.635331e-02   4.192407e-02   3.876375e-03   2.987849e-04
  7.100000e+01   4.163429e-03   1.066536e-03   2.634764e-02   4.194249e-02   3.771022e-03   2.861906e-04
  7.200000e+01   4.062392e-03   1.022051e-03   2.640397e-02   4.195276e-02   3.673369e-03   2.737223e-04
  7.300000e+01   3.950215e-03   9.775780e-04   2.637121e-02   4.188449e-02   3.575812e-03   2.621035e-04
  7.400000e+01   3.840068e-03   9.339486e-04   2.633028e-02   4.176451e-02   3.480319e-03   2.514522e-04
  7.500000e+01   3.744435e-03   8.959549e-04   2.636889e-02   4.181180e-02   3.389905e-03   2.385512e-04
  7.600000e+01   3.642761e-03   8.573773e-04   2.634769e-02   4.175750e-02   3.300030e-03   2.309050e-04
  7.700000e+01   3.553154e-03   8.223859e-04   2.639509e-02   4.179880e-02   3.213305e-03   2.203639e-04
  7.800000e+01   3.447633e-03   7.869167e-04   2.630560e-02   4.174082e-02   3.128981e-03   2.108297e-04
  7.900000e+01   3.350773e-03   7.570803e-04   2.625732e-02   4.190754e-02   3.045496e-03   2.021372e-04
  8.000000e+01   3.260065e-03   7.231653e-04   2.623544e-02   4.178117e-02   2.965906e-03   1.945933e-04
  8.100000e+01   3.178625e-03   6.917571e-04   2.626927e-02   4.170928e-02   2.887067e-03   1.862233e-04
  8.200000e+01   3.097500e-03   6.649790e-04   2.628947e-02   4.183988e-02   2.813159e-03   1.784984e-04
  8.300000e+01   3.014848e-03   6.333554e-04   2.627889e-02   4.159037e-02   2.738765e-03   1.707814e-04
  8.400000e+01   2.933313e-03   6.096267e-04   2.625829e-02   4.176947e-02   2.665717e-03   1.614439e-04
  8.500000e+01   2.858654e-03   5.842288e-04   2.628009e-02   4.177423e-02   2.596797e-03   1.551743e-04
  8.600000e+01   2.771998e-03   5.604116e-04   2.617128e-02   4.181824e-02   2.528653e-03   1.491407e-04
  8.700000e+01   2.707968e-03   5.356625e-04   2.625390e-02   4.171604e-02   2.461574e-03   1.445782e-04
  8.800000e+01   2.639752e-03   5.134054e-04   2.628261e-02   4.172328e-02   2.395606e-03   1.351777e-04
  8.900000e+01   2.565196e-03   4.885944e-04   2.622970e-02   4.143590e-02   2.334062e-03   1.294745e-04
  9.000000e+01   2.497538e-03   4.710588e-04   2.622586e-02   4.167574e-02   2.272942e-03   1.233780e-04
  9.100000e+01   2.422738e-03   4.515326e-04   2.612564e-02   4.168555e-02   2.210902e-03   1.217181e-04
  9.200000e+01   2.360619e-03   4.299538e-04   2.613872e-02   4.142012e-02   2.156043e-03   1.140562e-04
  9.300000e+01   2.298170e-03   4.142674e-04   2.613028e-02   4.163355e-02   2.099453e-03   1.115468e-04
  9.400000e+01   2.249221e-03   3.949241e-04   2.625995e-02   4.141382e-02   2.043723e-03   1.050333e-04
  9.500000e+01   2.186080e-03   3.790990e-04   2.621113e-02   4.147191e-02   1.989896e-03   1.005180e-04
  9.600000e+01   2.119689e-03   3.614190e-04   2.609924e-02   4.124856e-02   1.937014e-03   9.549128e-05
  9.700000e+01   2.066547e-03   3.480506e-04   2.612685e-02   4.143191e-02   1.888122e-03   9.325719e-05
  9.800000e+01   2.018101e-03   3.336293e-04   2.619890e-02   4.143188e-02   1.837651e-03   8.886770e-05
  9.900000e+01   1.953032e-03   3.190429e-04   2.603635e-02   4.133304e-02   1.789661e-03   8.619309e-05
  1.000000e+02   1.907049e-03   3.067067e-04   2.610300e-02   4.144810e-02   1.743328e-03   8.204745e-05
  1.010000e+02   1.857227e-03   2.940195e-04   2.610244e-02   4.145171e-02   1.697212e-03   7.913685e-05
  1.020000e+02   1.816444e-03   2.827391e-04   2.621356e-02   4.158523e-02   1.653204e-03   7.527441e-05
  1.030000e+02   1.761972e-03   2.692999e-04   2.611200e-02   4.132727e-02   1.610451e-03   7.165582e-05
  1.040000e+02   1.714864e-03   2.567868e-04   2.609531e-02   4.110580e-02   1.568620e-03   6.892615e-05
  1.050000e+02   1.668936e-03   2.468216e-04   2.607696e-02   4.120447e-02   1.526379e-03   6.561436e-05
  1.060000e+02   1.630922e-03   2.357418e-04   2.616536e-02   4.104616e-02   1.487272e-03   6.344321e-05
  1.070000e+02   1.584876e-03   2.261512e-04   2.610987e-02   4.106177e-02   1.448646e-03   5.973023e-05
  1.080000e+02   1.547483e-03   2.186692e-04   2.617739e-02   4.140348e-02   1.409702e-03   5.820413e-05
  1.090000e+02   1.505174e-03   2.097806e-04   2.614616e-02   4.143611e-02   1.372860e-03   5.567112e-05
  1.100000e+02   1.458939e-03   2.013460e-04   2.602347e-02   4.148932e-02   1.337464e-03   5.239080e-05
  1.110000e+02   1.420776e-03   1.912600e-04   2.601993e-02   4.111696e-02   1.302886e-03   5.141535e-05
  1.120000e+02   1.387624e-03   1.848928e-04   2.609177e-02   4.145261e-02   1.269839e-03   4.980272e-05
  1.130000e+02   1.348941e-03   1.753111e-04   2.604398e-02   4.100422e-02   1.236808e-03   4.724612e-05
  1.140000e+02   1.316780e-03   1.684927e-04   2.610294e-02   4.109454e-02   1.203284e-03   4.542896e-05
  1.150000e+02   1.282842e-03   1.620990e-04   2.611177e-02   4.122951e-02   1.171858e-03   4.332861e-05
  1.160000e+02   1.245489e-03   1.545964e-04   2.603124e-02   4.101219e-02   1.141038e-03   4.100013e-05
  1.170000e+02   1.217867e-03   1.474949e-04   2.613427e-02   4.080176e-02   1.111315e-03   3.857725e-05
  1.180000e+02   1.182151e-03   1.411425e-04   2.604862e-02   4.070546e-02   1.082885e-03   3.897057e-05
  1.190000e+02   1.150202e-03   1.370166e-04   2.602254e-02   4.119251e-02   1.054396e-03   3.725568e-05
  1.200000e+02   1.120889e-03   1.307704e-04   2.603698e-02   4.100372e-02   1.027135e-03   3.452601e-05
  1.210000e+02   1.091970e-03   1.247512e-04   2.604335e-02   4.078895e-02   9.996890e-04   3.411695e-05
  1.220000e+02   1.065961e-03   1.202331e-04   2.610291e-02   4.098355e-02   9.740959e-04   3.190647e-05
  1.230000e+02   1.035555e-03   1.144794e-04   2.603804e-02   4.068994e-02   9.486450e-04   3.107262e-05
  1.240000e+02   1.004936e-03   1.108254e-04   2.594373e-02   4.106205e-02   9.236985e-04   2.966452e-05
  1.250000e+02   9.802334e-04   1.059800e-04   2.598006e-02   4.094818e-02   8.999294e-04   2.788669e-05
  1.260000e+02   9.570963e-04   1.022906e-04   2.604357e-02   4.121028e-02   8.767363e-04   2.684832e-05
  1.270000e+02   9.330937e-04   9.673740e-05   2.606944e-02   4.064825e-02   8.541460e-04   2.528289e-05
  1.280000e+02   9.078246e-04   9.310407e-05   2.604246e-02   4.077926e-02   8.324682e-04   2.472437e-05
  1.290000e+02   8.826263e-04   9.038792e-05   2.599665e-02   4.127267e-02   8.104931e-04   2.440184e-05
  1.300000e+02   8.610940e-04   8.579907e-05   2.603943e-02   4.086388e-02   7.890056e-04   2.219922e-05
  1.310000e+02   8.385941e-04   8.105687e-05   2.603710e-02   4.025019e-02   7.687148e-04   2.139684e-05
  1.320000e+02   8.147174e-04   7.918417e-05   2.597207e-02   4.096935e-02   7.480009e-04   2.030340e-05
  1.330000e+02   7.932795e-04   7.557149e-05   2.596305e-02   4.077071e-02   7.289676e-04   2.026407e-05
  1.340000e+02   7.718181e-04   7.232449e-05   2.593402e-02   4.067747e-02   7.099201e-04   1.987074e-05
  1.350000e+02   7.531652e-04   7.003892e-05   2.598109e-02   4.106245e-02   6.913450e-04   1.935156e-05
  1.360000e+02   7.345044e-04   6.656189e-05   2.601328e-02   4.069497e-02   6.744525e-04   1.796705e-05
  1.370000e+02   7.156391e-04   6.368354e-05   2.602209e-02   4.058695e-02   6.563690e-04   1.727480e-05
  1.380000e+02   6.973559e-04   6.119152e-05   2.603477e-02   4.064869e-02   6.386902e-04   1.633869e-05
  1.390000e+02   6.767913e-04   5.895903e-05   2.594248e-02   4.082524e-02   6.229288e-04   1.499352e-05
  1.400000e+02   6.614426e-04   5.619864e-05   2.602943e-02   4.057015e-02   6.058862e-04   1.478113e-05
  1.410000e+02   6.420581e-04   5.444981e-05   2.594192e-02   4.096989e-02   5.897847e-04   1.437994e-05
  1.420000e+02   6.236805e-04   5.137092e-05   2.587061e-02   4.030459e-02   5.749305e-04   1.418327e-05
  1.430000e+02   6.120529e-04   4.941269e-05   2.606261e-02   4.039647e-02   5.600068e-04   1.271224e-05
  1.440000e+02   5.943519e-04   4.741318e-05   2.598615e-02   4.039366e-02   5.458907e-04   1.290890e-05
  1.450000e+02   5.775242e-04   4.559357e-05   2.592416e-02   4.047852e-02   5.316366e-04   1.148507e-05
  1.460000e+02   5.588162e-04   4.369138e-05   2.575203e-02   4.042623e-02   5.168104e-04   1.165027e-05
  1.470000e+02   5.489745e-04   4.203692e-05   2.596724e-02   4.053405e-02   5.045699e-04   1.152440e-05
  1.480000e+02   5.352070e-04   4.079238e-05   2.599098e-02   4.099573e-02   4.908202e-04   1.065122e-05
  1.490000e+02   5.182298e-04   3.868080e-05   2.583812e-02   4.053540e-02   4.785603e-04   1.113894e-05
  1.500000e+02   5.048321e-04   3.661936e-05   2.583779e-02   3.999639e-02   4.664423e-04   1.011630e-05
  1.510000e+02   4.901915e-04   3.576116e-05   2.575394e-02   4.068636e-02   4.542643e-04   9.730844e-06
  1.520000e+02   4.768803e-04   3.379999e-05   2.571695e-02   4.008604e-02   4.424353e-04   8.778999e-06
  1.530000e+02   4.679354e-04   3.241685e-05   2.590068e-02   4.005116e-02   4.313789e-04   8.574470e-06
  1.540000e+02   4.547501e-04   3.092164e-05   2.584020e-02   3.979777e-02   4.197945e-04   8.204745e-06
  1.550000e+02   4.420920e-04   3.014897e-05   2.578731e-02   4.041175e-02   4.092186e-04   7.693424e-06
  1.560000e+02   4.326829e-04   2.863606e-05   2.590659e-02   4.000049e-02   3.986899e-04   7.410230e-06
  1.570000e+02   4.178613e-04   2.745051e-05   2.568465e-02   3.994233e-02   3.888755e-04   6.922508e-06
  1.580000e+02   4.096874e-04   2.637408e-05   2.584613e-02   3.997265e-02   3.779021e-04   6.906775e-06
  1.590000e+02   3.967460e-04   2.577541e-05   2.569380e-02   4.069185e-02   3.686152e-04   6.938241e-06
  1.600000e+02   3.892250e-04   2.463409e-05   2.587153e-02   4.053969e-02   3.587186e-04   6.843843e-06
  1.610000e+02   3.786988e-04   2.323620e-05   2.584046e-02   3.985493e-02   3.497901e-04   6.458385e-06
  1.620000e+02   3.718781e-04   2.256675e-05   2.604820e-02   4.031357e-02   3.407809e-04   6.120126e-06
  1.630000e+02   3.594559e-04   2.138120e-05   2.585151e-02   3.980039e-02   3.319645e-04   5.695336e-06
  1.640000e+02   3.494175e-04   2.070880e-05   2.579653e-02   4.014659e-02   3.229062e-04   5.176148e-06
  1.650000e+02   3.389542e-04   1.929027e-05   2.568672e-02   3.896096e-02   3.154569e-04   5.372810e-06
  1.660000e+02   3.308983e-04   1.940823e-05   2.573736e-02   4.078837e-02   3.073358e-04   5.443609e-06
  1.670000e+02   3.231177e-04   1.867095e-05   2.579614e-02   4.090771e-02   2.991096e-04   4.672693e-06
  1.680000e+02   3.139762e-04   1.764170e-05   2.573013e-02   4.030155e-02   2.908784e-04   4.963753e-06
  1.690000e+02   3.058258e-04   1.692506e-05   2.572412e-02   4.028810e-02   2.835885e-04   4.491764e-06
  1.700000e+02   2.968573e-04   1.640602e-05   2.562910e-02   4.069227e-02   2.765445e-04   4.137772e-06
  1.710000e+02   2.903119e-04   1.569528e-05   2.572328e-02   4.058073e-02   2.694382e-04   4.420965e-06
  1.720000e+02   2.830270e-04   1.492260e-05   2.573996e-02   4.021522e-02   2.623285e-04   4.192837e-06
  1.730000e+02   2.763635e-04   1.399658e-05   2.579803e-02   3.930012e-02   2.561400e-04   3.476987e-06
  1.740000e+02   2.670804e-04   1.375475e-05   2.559172e-02   4.020101e-02   2.494089e-04   3.618584e-06
  1.750000e+02   2.585131e-04   1.290245e-05   2.542139e-02   3.928947e-02   2.424690e-04   3.374723e-06
  1.760000e+02   2.553662e-04   1.249842e-05   2.576700e-02   3.961562e-02   2.365688e-04   3.154461e-06
  1.770000e+02   2.482780e-04   1.183191e-05   2.571438e-02   3.905003e-02   2.304167e-04   3.138728e-06
  1.780000e+02   2.396635e-04   1.150161e-05   2.547730e-02   3.950287e-02   2.245328e-04   3.288191e-06
  1.790000e+02   2.353917e-04   1.118900e-05   2.567740e-02   4.000970e-02   2.195221e-04   2.973532e-06
  1.800000e+02   2.289564e-04   1.046647e-05   2.563366e-02   3.898586e-02   2.133559e-04   2.690338e-06
  1.810000e+02   2.226233e-04   1.013027e-05   2.558039e-02   3.926477e-02   2.077694e-04   2.800469e-06
  1.820000e+02   2.173209e-04   9.652506e-06   2.562668e-02   3.894203e-02   2.025034e-04   2.446477e-06
  1.830000e+02   2.125456e-04   9.357593e-06   2.572283e-02   3.928196e-02   1.972508e-04   2.800469e-06
  1.840000e+02   2.032545e-04   8.856241e-06   2.524790e-02   3.869746e-02   1.920762e-04   2.202616e-06
  1.850000e+02   1.988647e-04   8.443363e-06   2.534252e-02   3.837853e-02   1.873671e-04   2.155417e-06
  1.860000e+02   1.953717e-04   8.402075e-06   2.554481e-02   3.971507e-02   1.828114e-04   2.257682e-06
  1.870000e+02   1.903053e-04   8.142551e-06   2.553465e-02   4.008013e-02   1.779062e-04   2.320613e-06
  1.880000e+02   1.849635e-04   7.664792e-06   2.546826e-02   3.930375e-02   1.740105e-04   1.950889e-06
  1.890000e+02   1.811165e-04   7.434760e-06   2.559035e-02   3.968391e-02   1.690628e-04   1.864357e-06
  1.900000e+02   1.770649e-04   7.340388e-06   2.567493e-02   4.079927e-02   1.647505e-04   1.982355e-06
  1.910000e+02   1.721244e-04   7.207677e-06   2.561629e-02   4.176564e-02   1.604097e-04   1.817158e-06
  1.920000e+02   1.679155e-04   6.547071e-06   2.564697e-02   3.959125e-02   1.565838e-04   1.777826e-06
  1.930000e+02   1.635965e-04   5.995584e-06   2.564504e-02   3.775091e-02   1.523177e-04   1.730627e-06
  1.940000e+02   1.588998e-04   6.007380e-06   2.556450e-02   3.930915e-02   1.487632e-04   1.486766e-06
  1.950000e+02   1.568150e-04   5.830432e-06   2.589101e-02   3.971235e-02   1.446170e-04   1.526098e-06
  1.960000e+02   1.498448e-04   5.373317e-06   2.539783e-02   3.811237e-02   1.406568e-04   1.353036e-06
  1.970000e+02   1.463911e-04   5.087251e-06   2.545909e-02   3.751305e-02   1.374174e-04   1.384502e-06
  1.980000e+02   1.434881e-04   5.155081e-06   2.560618e-02   3.949479e-02   1.339727e-04   1.408101e-06
  1.990000e+02   1.393500e-04   4.771694e-06   2.552125e-02   3.806074e-02   1.300825e-04   1.117041e-06
  2.000000e+02   1.354086e-04   4.786440e-06   2.544893e-02   3.968894e-02   1.272768e-04   1.463166e-06
  2.010000e+02   1.343151e-04   4.559357e-06   2.590264e-02   3.936847e-02   1.239401e-04   1.187839e-06
  2.020000e+02   1.302006e-04   4.429595e-06   2.577689e-02   3.981550e-02   1.206415e-04   9.439784e-07
  2.030000e+02   1.275730e-04   4.052106e-06   2.592503e-02   3.793275e-02   1.174689e-04   1.156373e-06
  2.040000e+02   1.209567e-04   4.155326e-06   2.523474e-02   4.043274e-02   1.143083e-04   1.203572e-06
  2.050000e+02   1.176840e-04   3.798481e-06   2.518761e-02   3.851790e-02   1.114184e-04   8.889129e-07
  2.060000e+02   1.161971e-04   3.707058e-06   2.551197e-02   3.909676e-02   1.088803e-04   1.211439e-06
  2.070000e+02   1.140416e-04   3.597940e-06   2.569429e-02   3.948987e-02   1.060738e-04   7.945151e-07
  2.080000e+02   1.097304e-04   3.512415e-06   2.537495e-02   4.013615e-02   1.031137e-04   9.439784e-07
  2.090000e+02   1.093134e-04   3.291230e-06   2.593667e-02   3.918127e-02   1.005746e-04   9.125124e-07
  2.100000e+02   1.037829e-04   3.214553e-06   2.528012e-02   3.982899e-02   9.823758e-05   8.181146e-07
  2.110000e+02   1.005023e-04   2.981572e-06   2.511595e-02   3.847471e-02   9.541318e-05   7.237167e-07
  2.120000e+02   9.834668e-05   2.890149e-06   2.521044e-02   3.878730e-02   9.296724e-05   9.675778e-07
  2.130000e+02   9.514477e-05   2.683709e-06   2.502053e-02   3.747015e-02   9.076981e-05   7.866486e-07
  2.140000e+02   9.368149e-05   2.618829e-06   2.526795e-02   3.798768e-02   8.869998e-05   7.709157e-07
  2.150000e+02   9.176191e-05   2.556897e-06   2.539190e-02   3.855390e-02   8.636728e-05   6.135859e-07
  2.160000e+02   8.730913e-05   2.553948e-06   2.478931e-02   4.005365e-02   8.428998e-05   8.181146e-07
  2.170000e+02   8.772609e-05   2.309170e-06   2.554083e-02   3.772585e-02   8.220146e-05   6.371854e-07
  2.180000e+02   8.394201e-05   2.338661e-06   2.507968e-02   3.970559e-02   7.996687e-05   7.237167e-07
  2.190000e+02   8.283275e-05   2.194154e-06   2.538497e-02   3.879243e-02   7.806376e-05   5.742535e-07
  2.200000e+02   8.090531e-05   2.135171e-06   2.544021e-02   3.927312e-02   7.593101e-05   5.742535e-07
  2.210000e+02   7.835637e-05   2.002460e-06   2.528195e-02   3.833776e-02   7.388988e-05   6.450519e-07
  2.220000e+02   7.878119e-05   1.975918e-06   2.607833e-02   3.933772e-02   7.221777e-05   4.877221e-07
  2.230000e+02   7.528820e-05   2.055544e-06   2.558940e-02   4.259870e-02   7.019885e-05   5.585205e-07
  2.240000e+02   7.290446e-05   1.819614e-06   2.543008e-02   3.938717e-02   6.852537e-05   4.719892e-07
  2.250000e+02   7.152772e-05   1.757682e-06   2.560096e-02   3.960659e-02   6.704711e-05   4.011908e-07
  2.260000e+02   6.911252e-05   1.698700e-06   2.538650e-02   3.985608e-02   6.515205e-05   4.483897e-07
  2.270000e+02   6.668158e-05   1.527650e-06   2.513172e-02   3.733064e-02   6.331834e-05   3.618584e-07
  2.280000e+02   6.666585e-05   1.521752e-06   2.577360e-02   3.862854e-02   6.184283e-05   3.303924e-07
  2.290000e+02   6.326726e-05   1.557141e-06   2.510677e-02   4.111509e-02   6.012157e-05   5.270546e-07
  2.300000e+02   6.207933e-05   1.418532e-06   2.526980e-02   3.906123e-02   5.887020e-05   3.697249e-07
  2.310000e+02   6.019122e-05   1.338906e-06   2.513643e-02   3.836728e-02   5.741180e-05   3.146595e-07
  2.320000e+02   5.963266e-05   1.268126e-06   2.554528e-02   3.778891e-02   5.598367e-05   3.854578e-07
  2.330000e+02   5.709158e-05   1.235686e-06   2.509796e-02   3.826834e-02   5.448615e-05   3.461254e-07
  2.340000e+02   5.628127e-05   1.153110e-06   2.537869e-02   3.713200e-02   5.313234e-05   3.225259e-07
  2.350000e+02   5.477865e-05   1.176703e-06   2.534433e-02   3.935299e-02   5.166706e-05   3.067930e-07
  2.360000e+02   5.259947e-05   1.147212e-06   2.496910e-02   3.993840e-02   5.035788e-05   2.595940e-07
  2.370000e+02   5.193863e-05   1.123619e-06   2.528688e-02   4.074431e-02   4.917531e-05   3.146595e-07
  2.380000e+02   5.035734e-05   9.879590e-07   2.515306e-02   3.734671e-02   4.796994e-05   2.595940e-07
  2.390000e+02   5.005839e-05   9.260272e-07   2.564898e-02   3.636364e-02   4.664031e-05   2.595940e-07
  2.400000e+02   4.920088e-05   9.201289e-07   2.587323e-02   3.749549e-02   4.559419e-05   2.202616e-07
  2.410000e+02   4.603830e-05   9.555185e-07   2.485316e-02   4.045449e-02   4.435480e-05   2.438611e-07
  2.420000e+02   4.503918e-05   7.903672e-07   2.493369e-02   3.487313e-02   4.312486e-05   2.123951e-07
  2.430000e+02   4.360736e-05   9.319255e-07   2.475847e-02   4.260483e-02   4.213614e-05   2.517276e-07
  2.440000e+02   4.272625e-05   8.169093e-07   2.487405e-02   3.900859e-02   4.099820e-05   1.730627e-07
  2.450000e+02   4.166419e-05   7.962654e-07   2.487448e-02   3.956624e-02   4.012371e-05   1.887957e-07
  2.460000e+02   4.153045e-05   7.608759e-07   2.542712e-02   3.936527e-02   3.886958e-05   1.573297e-07
  2.470000e+02   4.029531e-05   6.724019e-07   2.531458e-02   3.621347e-02   3.807452e-05   2.045286e-07
  2.480000e+02   3.909165e-05   6.665037e-07   2.519624e-02   3.724456e-02   3.701267e-05   2.359946e-07
  2.490000e+02   3.860388e-05   6.665037e-07   2.552499e-02   3.868538e-02   3.611301e-05   2.281281e-07
  2.500000e+02   3.706193e-05   6.252158e-07   2.514733e-02   3.774929e-02   3.529770e-05   1.494632e-07
  2.510000e+02   3.590547e-05   5.839280e-07   2.499110e-02   3.663953e-02   3.442754e-05   1.337303e-07
  2.520000e+02   3.505582e-05   5.750806e-07   2.502527e-02   3.745678e-02   3.340186e-05   1.730627e-07
  2.530000e+02   3.436352e-05   6.488089e-07   2.516086e-02   4.390341e-02   3.258379e-05   1.415968e-07
  2.540000e+02   3.382855e-05   5.514875e-07   2.540876e-02   3.903152e-02   3.192281e-05   1.494632e-07
  2.550000e+02   3.237314e-05   5.160980e-07   2.494968e-02   3.801043e-02   3.115764e-05   1.415968e-07
  2.560000e+02   3.117734e-05   5.131488e-07   2.464292e-02   3.928652e-02   3.038754e-05   1.494632e-07
  2.570000e+02   3.128748e-05   4.571153e-07   2.535479e-02   3.642773e-02   2.960408e-05   1.258638e-07
  2.580000e+02   3.082332e-05   4.836575e-07   2.562845e-02   4.000000e-02   2.871956e-05   1.258638e-07
  2.590000e+02   2.884081e-05   4.777593e-07   2.461096e-02   4.115854e-02   2.803578e-05   1.337303e-07
  2.600000e+02   2.877787e-05   4.600645e-07   2.517706e-02   4.133545e-02   2.725762e-05   1.022643e-07
  2.610000e+02   2.797543e-05   4.305732e-07   2.510714e-02   4.035379e-02   2.661847e-05   1.101308e-07
  2.620000e+02   2.757420e-05   3.951836e-07   2.538439e-02   3.859447e-02   2.596594e-05   8.653135e-08
  2.630000e+02   2.621319e-05   3.715905e-07   2.475998e-02   3.774715e-02   2.544396e-05   8.653135e-08
  2.640000e+02   2.515114e-05   3.627431e-07   2.435995e-02   3.829390e-02   2.459346e-05   9.439784e-08
  2.650000e+02   2.545009e-05   3.981327e-07   2.526515e-02   4.370346e-02   2.418452e-05   6.293189e-08
  2.660000e+02   2.514327e-05   3.745397e-07   2.560774e-02   4.299255e-02   2.346672e-05   1.337303e-07
  2.670000e+02   2.383733e-05   3.420992e-07   2.491571e-02   4.103290e-02   2.294789e-05   5.506540e-08
  2.680000e+02   2.332597e-05   3.450484e-07   2.500422e-02   4.315751e-02   2.224975e-05   1.179973e-07
  2.690000e+02   2.255499e-05   2.978623e-07   2.479782e-02   3.893601e-02   2.181546e-05   7.079838e-08
  2.700000e+02   2.180762e-05   2.890149e-07   2.458580e-02   3.931007e-02   2.121031e-05   6.293189e-08
  2.710000e+02   2.081636e-05   2.742692e-07   2.406001e-02   3.883090e-02   2.071350e-05   7.079838e-08
  2.720000e+02   2.117825e-05   2.801675e-07   2.508176e-02   4.126846e-02   2.026583e-05   8.653135e-08
  2.730000e+02   2.054101e-05   2.565744e-07   2.495293e-02   3.942003e-02   1.955570e-05   7.866486e-08
  2.740000e+02   2.017912e-05   2.536253e-07   2.514065e-02   4.056604e-02   1.912180e-05   3.933243e-08
  2.750000e+02   1.945535e-05   1.681005e-07   2.486427e-02   2.802360e-02   1.877578e-05   5.506540e-08
  2.760000e+02   1.972283e-05   1.769479e-07   2.584909e-02   3.034901e-02   1.824338e-05   8.653135e-08
  2.770000e+02   1.866077e-05   1.887444e-07   2.510611e-02   3.338550e-02   1.786452e-05   7.866486e-08
  2.780000e+02   1.813368e-05   1.798970e-07   2.502524e-02   3.291959e-02   1.736358e-05   2.359946e-08
  2.790000e+02   1.789766e-05   2.182357e-07   2.533351e-02   4.129464e-02   1.699574e-05   5.506540e-08
  2.800000e+02   1.757511e-05   1.739987e-07   2.552355e-02   3.434226e-02   1.655436e-05   8.653135e-08
  2.810000e+02   1.729190e-05   2.241340e-07   2.576999e-02   4.581073e-02   1.602471e-05   7.079838e-08
  2.820000e+02   1.600956e-05   1.474566e-07   2.449004e-02   3.158560e-02   1.564999e-05   6.293189e-08
  2.830000e+02   1.549820e-05   1.415583e-07   2.430299e-02   3.131115e-02   1.520370e-05   3.146595e-08
  2.840000e+02   1.549820e-05   1.622022e-07   2.490833e-02   3.703704e-02   1.493711e-05   1.573297e-08
  2.850000e+02   1.508911e-05   1.445074e-07   2.487033e-02   3.426573e-02   1.446998e-05   4.719892e-08
  2.860000e+02   1.531725e-05   1.769479e-07   2.589027e-02   4.344678e-02   1.417724e-05   5.506540e-08
  2.870000e+02   1.417652e-05   1.622022e-07   2.459900e-02   4.163512e-02   1.385107e-05   1.573297e-08
  2.880000e+02   1.390117e-05   9.437220e-08   2.472954e-02   2.527646e-02   1.343978e-05   3.146595e-08
  2.890000e+02   1.333474e-05   1.445074e-07   2.432339e-02   3.970827e-02   1.315254e-05   2.359946e-08
  2.900000e+02   1.376743e-05   1.356600e-07   2.573870e-02   3.881857e-02   1.282854e-05   3.146595e-08
  2.910000e+02   1.352355e-05   6.488089e-08   2.595070e-02   1.931519e-02   1.252420e-05   1.573297e-08
  2.920000e+02   1.279191e-05   1.032196e-07   2.520071e-02   3.133393e-02   1.221101e-05   2.359946e-08
  2.930000e+02   1.279978e-05   1.150161e-07   2.586810e-02   3.604436e-02   1.179972e-05   7.866486e-09
  2.940000e+02   1.198947e-05   1.091179e-07   2.487392e-02   3.547459e-02   1.146293e-05   1.573297e-08
  2.950000e+02   1.126569e-05   1.120670e-07   2.396853e-02   3.777336e-02   1.112478e-05   3.933243e-08
  2.960000e+02   1.150171e-05   9.732133e-08   2.507160e-02   3.409091e-02   1.098244e-05   7.866486e-09
  2.970000e+02   1.113982e-05   9.437220e-08   2.490721e-02   3.422460e-02   1.073157e-05   4.719892e-08
  2.980000e+02   1.061272e-05   7.077915e-08   2.433525e-02   2.657807e-02   1.044492e-05   1.573297e-08
  2.990000e+02   1.043178e-05   1.032196e-07   2.451696e-02   3.981797e-02   1.018344e-05   3.933243e-08
  3.000000e+02   1.021937e-05   8.257567e-08   2.462186e-02   3.317536e-02   9.990969e-06   2.359946e-08
  3.010000e+02   1.027444e-05   7.962654e-08   2.537943e-02   3.308824e-02   9.666377e-06   3.146595e-08
  3.020000e+02   9.747343e-06   8.257567e-08   2.470440e-02   3.548796e-02   9.426915e-06   1.573297e-08
  3.030000e+02   9.621470e-06   9.437220e-08   2.500307e-02   4.204993e-02   9.156389e-06   2.359946e-08
  3.040000e+02   9.267450e-06   8.257567e-08   2.470120e-02   3.840878e-02   8.981806e-06   2.359946e-08
  3.050000e+02   9.007835e-06   6.783002e-08   2.461730e-02   3.281027e-02   8.749618e-06   1.573297e-08
  3.060000e+02   9.070772e-06   7.667741e-08   2.541495e-02   3.834808e-02   8.473194e-06   1.573297e-08
  3.070000e+02   8.449271e-06   6.193176e-08   2.429095e-02   3.220859e-02   8.388065e-06   2.359946e-08
  3.080000e+02   8.323397e-06   8.847394e-08   2.452480e-02   4.754358e-02   8.158236e-06   2.359946e-08
  3.090000e+02   8.260460e-06   5.603349e-08   2.495129e-02   3.161398e-02   7.867264e-06   3.146595e-08
  3.100000e+02   7.922175e-06   6.488089e-08   2.454182e-02   3.780069e-02   7.710571e-06   7.866486e-09
  3.110000e+02   7.686162e-06   6.193176e-08   2.440974e-02   3.750000e-02   7.552895e-06   3.146595e-08
  3.120000e+02   7.874972e-06   4.718610e-08   2.563512e-02   2.968460e-02   7.355703e-06   7.866486e-09
  3.130000e+02   7.505218e-06   5.603349e-08   2.507425e-02   3.632887e-02   7.262710e-06   7.866486e-09
  3.140000e+02   7.764833e-06   4.128784e-08   2.660879e-02   2.777778e-02   6.942443e-06   2.359946e-08
  3.150000e+02   7.096129e-06   2.949131e-08   2.498200e-02   2.040816e-02   6.788503e-06   7.866486e-09
  3.160000e+02   6.757843e-06   5.013523e-08   2.440064e-02   3.541667e-02   6.627879e-06   7.866486e-09
  3.170000e+02   6.608368e-06   4.718610e-08   2.445771e-02   3.455724e-02   6.432062e-06   7.866486e-09
  3.180000e+02   6.285817e-06   4.423697e-08   2.384719e-02   3.355705e-02   6.339462e-06   3.146595e-08
  3.190000e+02   6.584767e-06   5.603349e-08   2.559163e-02   4.398148e-02   6.140303e-06   7.866486e-09
  3.200000e+02   6.222880e-06   5.308436e-08   2.482036e-02   4.358354e-02   5.997373e-06   3.933243e-08
  3.210000e+02   5.923930e-06   6.193176e-08   2.422936e-02   5.316456e-02   5.903004e-06   2.359946e-08
  3.220000e+02   5.876728e-06   2.359305e-08   2.463314e-02   2.139037e-02   5.685954e-06   0.000000e+00
  3.230000e+02   5.727253e-06   4.718610e-08   2.461289e-02   4.371585e-02   5.580771e-06   1.573297e-08
  3.240000e+02   5.593512e-06   2.654218e-08   2.464471e-02   2.571429e-02   5.437841e-06   7.866486e-09
  3.250000e+02   5.971133e-06   3.244044e-08   2.697324e-02   3.225806e-02   5.257753e-06   3.146595e-08
  3.260000e+02   5.365366e-06   3.538957e-08   2.490869e-02   3.636364e-02   5.177932e-06   7.866486e-09
  3.270000e+02   5.137220e-06   3.244044e-08   2.445876e-02   3.459119e-02   5.075698e-06   0.000000e+00
  3.280000e+02   4.783200e-06   2.064392e-08   2.334421e-02   2.280130e-02   4.935914e-06   0.000000e+00
  3.290000e+02   4.909074e-06   3.833871e-08   2.453119e-02   4.333333e-02   4.795736e-06   1.573297e-08
  3.300000e+02   4.539320e-06   4.423697e-08   2.325394e-02   5.226481e-02   4.669517e-06   0.000000e+00
  3.310000e+02   4.342642e-06   3.833871e-08   2.277604e-02   4.779412e-02   4.549392e-06   7.866486e-09
  3.320000e+02   4.728130e-06   2.064392e-08   2.537578e-02   2.702703e-02   4.521868e-06   0.000000e+00
  3.330000e+02   4.649459e-06   2.949131e-08   2.560326e-02   3.968254e-02   4.341976e-06   1.573297e-08
  3.340000e+02   4.303307e-06   2.949131e-08   2.431976e-02   4.132231e-02   4.237383e-06   7.866486e-09
  3.350000e+02   4.075160e-06   2.064392e-08   2.360447e-02   3.017241e-02   4.107036e-06   0.000000e+00
  3.360000e+02   4.169566e-06   2.949131e-08   2.473515e-02   4.444444e-02   4.085016e-06   0.000000e+00
  3.370000e+02   4.043692e-06   1.474566e-08   2.459683e-02   2.325581e-02   3.936581e-06   0.000000e+00
  3.380000e+02   3.972888e-06   8.847394e-09   2.477555e-02   1.428571e-02   3.817046e-06   7.866486e-09
  3.390000e+02   4.075160e-06   3.538957e-08   2.605896e-02   5.797101e-02   3.724053e-06   7.866486e-09
  3.400000e+02   3.673938e-06   2.359305e-08   2.412190e-02   4.102564e-02   3.671363e-06   0.000000e+00
  3.410000e+02   3.524463e-06   2.949131e-08   2.371249e-02   5.347594e-02   3.567754e-06   0.000000e+00
  3.420000e+02   3.461526e-06   2.359305e-08   2.385470e-02   4.519774e-02   3.490882e-06   7.866486e-09
  3.430000e+02   3.256982e-06   3.244044e-08   2.299361e-02   6.508876e-02   3.413420e-06   7.866486e-09
  3.440000e+02   3.422191e-06   8.847394e-09   2.472855e-02   1.898734e-02   3.348148e-06   0.000000e+00
  3.450000e+02   3.249114e-06   1.769479e-08   2.407321e-02   3.870968e-02   3.219963e-06   7.866486e-09
  3.460000e+02   3.131108e-06   1.474566e-08   2.377113e-02   3.355705e-02   3.188113e-06   7.866486e-09
  3.470000e+02   3.272716e-06   2.064392e-08   2.545121e-02   4.861111e-02   3.100429e-06   0.000000e+00
  3.480000e+02   3.304184e-06   8.847394e-09   2.636700e-02   2.189781e-02   3.007632e-06   0.000000e+00
  3.490000e+02   2.761354e-06   1.769479e-08   2.263202e-02   4.477612e-02   2.932333e-06   7.866486e-09
  3.500000e+02   2.761354e-06   8.847394e-09   2.315609e-02   2.343750e-02   2.838357e-06   7.866486e-09
  3.510000e+02   2.824291e-06   2.064392e-08   2.424693e-02   5.600000e-02   2.784684e-06   0.000000e+00
  3.520000e+02   2.926563e-06   1.769479e-08   2.574929e-02   5.084746e-02   2.713514e-06   1.573297e-08
  3.530000e+02   2.383733e-06   5.898262e-09   2.152753e-02   1.785714e-02   2.664756e-06   7.866486e-09
  3.540000e+02   2.832158e-06   8.847394e-09   2.613999e-02   2.727273e-02   2.585919e-06   7.866486e-09
  3.550000e+02   2.541075e-06   5.898262e-09   2.408291e-02   1.869159e-02   2.551120e-06   0.000000e+00
  3.560000e+02   2.855759e-06   1.179652e-08   2.773321e-02   3.809524e-02   2.491353e-06   0.000000e+00
  3.570000e+02   2.423068e-06   1.179652e-08   2.420242e-02   3.960396e-02   2.394821e-06   0.000000e+00
  3.580000e+02   2.234258e-06   5.898262e-09   2.287003e-02   2.061856e-02   2.312051e-06   0.000000e+00
  3.590000e+02   2.328663e-06   2.654218e-08   2.439426e-02   9.473684e-02   2.280398e-06   0.000000e+00
  3.600000e+02   2.210657e-06   8.847394e-09   2.373712e-02   3.488372e-02   2.218468e-06   0.000000e+00
  3.610000e+02   2.462404e-06   8.847394e-09   2.708315e-02   3.614458e-02   2.195465e-06   0.000000e+00
  3.620000e+02   2.187055e-06   8.847394e-09   2.472430e-02   3.750000e-02   2.127244e-06   0.000000e+00
  3.630000e+02   2.029713e-06   5.898262e-09   2.352727e-02   2.597403e-02   2.073768e-06   0.000000e+00
  3.640000e+02   1.840903e-06   5.898262e-09   2.185282e-02   2.666667e-02   2.038379e-06   7.866486e-09
  3.650000e+02   1.825168e-06   5.898262e-09   2.215009e-02   2.739726e-02   1.963080e-06   0.000000e+00
  3.660000e+02   1.943175e-06   2.949131e-09   2.411638e-02   1.408451e-02   1.913733e-06   0.000000e+00
  3.670000e+02   1.754364e-06   2.949131e-09   2.231116e-02   1.428571e-02   1.867138e-06   0.000000e+00
  3.680000e+02   1.966776e-06   2.949131e-09   2.558330e-02   1.449275e-02   1.811500e-06   0.000000e+00
  3.690000e+02   1.966776e-06   0.000000e+00   2.625499e-02   0.000000e+00   1.767264e-06   0.000000e+00
  3.700000e+02   1.872371e-06   5.898262e-09   2.566868e-02   2.941176e-02   1.699436e-06   0.000000e+00
  3.710000e+02   1.777966e-06   8.847394e-09   2.501660e-02   4.545455e-02   1.728533e-06   0.000000e+00
  3.720000e+02   1.691428e-06   5.898262e-09   2.440963e-02   3.174603e-02   1.633771e-06   0.000000e+00
  3.730000e+02   1.777966e-06   5.898262e-09   2.630048e-02   3.278689e-02   1.617649e-06   0.000000e+00
  3.740000e+02   1.565554e-06   1.179652e-08   2.378391e-02   6.779661e-02   1.577542e-06   0.000000e+00
  3.750000e+02   1.534086e-06   2.949131e-09   2.387365e-02   1.818182e-02   1.548641e-06   0.000000e+00
  3.760000e+02   1.502617e-06   2.949131e-09   2.395585e-02   1.851852e-02   1.510304e-06   0.000000e+00
  3.770000e+02   1.628491e-06   2.949131e-09   2.659985e-02   1.886792e-02   1.470197e-06   0.000000e+00
  3.780000e+02   1.597022e-06   5.898262e-09   2.679868e-02   3.846154e-02   1.432842e-06   0.000000e+00
  3.790000e+02   1.439680e-06   1.179652e-08   2.482366e-02   8.000000e-02   1.385854e-06   0.000000e+00
  3.800000e+02   1.541953e-06   0.000000e+00   2.726388e-02   0.000000e+00   1.376614e-06   0.000000e+00
  3.810000e+02   1.164332e-06   2.949131e-09   2.116402e-02   2.173913e-02   1.298956e-06   0.000000e+00
  3.820000e+02   1.038458e-06   5.898262e-09   1.928415e-02   4.444444e-02   1.309572e-06   0.000000e+00
  3.830000e+02   1.392478e-06   1.179652e-08   2.636675e-02   9.302326e-02   1.260618e-06   0.000000e+00
  3.840000e+02   1.054192e-06   2.949131e-09   2.050184e-02   2.564103e-02   1.231914e-06   7.866486e-09
  3.850000e+02   1.243003e-06   2.949131e-09   2.467979e-02   2.631579e-02   1.228375e-06   0.000000e+00
  3.860000e+02   1.274471e-06   2.949131e-09   2.594491e-02   2.702703e-02   1.186499e-06   0.000000e+00
  3.870000e+02   1.164332e-06   0.000000e+00   2.433410e-02   0.000000e+00   1.142460e-06   0.000000e+00
  3.880000e+02   1.132863e-06   2.949131e-09   2.426694e-02   2.777778e-02   1.121423e-06   0.000000e+00
  3.890000e+02   1.014857e-06   0.000000e+00   2.227979e-02   0.000000e+00   1.079350e-06   0.000000e+00
  3.900000e+02   1.006989e-06   0.000000e+00   2.261085e-02   0.000000e+00   1.073649e-06   0.000000e+00
  3.910000e+02   1.006989e-06   2.949131e-09   2.313392e-02   2.857143e-02   1.050253e-06   0.000000e+00
  3.920000e+02   1.006989e-06   2.949131e-09   2.368178e-02   2.941176e-02   9.981532e-07   0.000000e+00
  3.930000e+02   9.833881e-07   2.949131e-09   2.368770e-02   3.030303e-02   9.961871e-07   0.000000e+00
  3.940000e+02   9.519197e-07   2.949131e-09   2.348602e-02   3.125000e-02   9.731846e-07   0.000000e+00
  3.950000e+02   1.046325e-06   5.898262e-09   2.643610e-02   6.451613e-02   9.204950e-07   0.000000e+00
  3.960000e+02   9.125842e-07   0.000000e+00   2.368314e-02   0.000000e+00   9.446772e-07   0.000000e+00
  3.970000e+02   8.889829e-07   2.949131e-09   2.363028e-02   3.448276e-02   9.169562e-07   0.000000e+00
  3.980000e+02   8.496474e-07   5.898262e-09   2.313129e-02   7.142857e-02   8.701647e-07   0.000000e+00
  3.990000e+02   8.811158e-07   0.000000e+00   2.455602e-02   0.000000e+00   8.444097e-07   0.000000e+00
  4.000000e+02   8.968500e-07   2.949131e-09   2.562374e-02   3.846154e-02   8.560092e-07   0.000000e+00
  4.010000e+02   7.788434e-07   2.949131e-09   2.283737e-02   4.000000e-02   8.151158e-07   0.000000e+00
  4.020000e+02   8.575145e-07   2.949131e-09   2.573182e-02   4.166667e-02   8.007638e-07   0.000000e+00
  4.030000e+02   7.080395e-07   5.898262e-09   2.180761e-02   8.695652e-02   7.665549e-07   0.000000e+00
  4.040000e+02   7.395079e-07   0.000000e+00   2.328462e-02   0.000000e+00   7.431591e-07   0.000000e+00
  4.050000e+02   8.339131e-07   2.949131e-09   2.688308e-02   4.761905e-02   7.364746e-07   0.000000e+00
  4.060000e+02   6.923053e-07   2.949131e-09   2.293458e-02   5.000000e-02   7.081638e-07   0.000000e+00
  4.070000e+02   7.631092e-07   0.000000e+00   2.587357e-02   0.000000e+00   7.034454e-07   0.000000e+00
  4.080000e+02   5.742987e-07   0.000000e+00   1.998905e-02   0.000000e+00   7.077706e-07   0.000000e+00
  4.090000e+02   6.057671e-07   0.000000e+00   2.151439e-02   0.000000e+00   6.885035e-07   0.000000e+00
  4.100000e+02   6.215013e-07   2.949131e-09   2.255854e-02   5.263158e-02   6.503626e-07   0.000000e+00
  4.110000e+02   6.372355e-07   0.000000e+00   2.366345e-02   0.000000e+00   6.564572e-07   0.000000e+00
  4.120000e+02   6.529697e-07   2.949131e-09   2.483543e-02   5.555556e-02   6.399426e-07   0.000000e+00
  4.130000e+02   5.428303e-07   0.000000e+00   2.117214e-02   0.000000e+00   6.045541e-07   0.000000e+00
  4.140000e+02   4.877605e-07   0.000000e+00   1.943574e-02   0.000000e+00   6.114352e-07   0.000000e+00
  4.150000e+02   5.192289e-07   0.000000e+00   2.109974e-02   0.000000e+00   5.778161e-07   0.000000e+00
  4.160000e+02   4.720263e-07   5.898262e-09   1.959504e-02   1.176471e-01   5.719180e-07   0.000000e+00
  4.170000e+02   5.979000e-07   0.000000e+00   2.531646e-02   0.000000e+00   5.652335e-07   0.000000e+00
  4.180000e+02   5.821658e-07   0.000000e+00   2.529050e-02   0.000000e+00   5.587456e-07   0.000000e+00
  4.190000e+02   5.113618e-07   2.949131e-09   2.279102e-02   6.666667e-02   5.339736e-07   0.000000e+00
  4.200000e+02   4.641592e-07   0.000000e+00   2.116972e-02   0.000000e+00   5.160827e-07   0.000000e+00
  4.210000e+02   4.405579e-07   0.000000e+00   2.052786e-02   0.000000e+00   5.031069e-07   0.000000e+00
  4.220000e+02   5.270960e-07   2.949131e-09   2.507485e-02   7.142857e-02   5.243401e-07   0.000000e+00
  4.230000e+02   5.192289e-07   0.000000e+00   2.533589e-02   0.000000e+00   4.887549e-07   0.000000e+00
  4.240000e+02   4.720263e-07   5.898262e-09   2.363135e-02   1.538462e-01   4.643762e-07   7.866486e-09
  4.250000e+02   4.326908e-07   0.000000e+00   2.218637e-02   0.000000e+00   4.692912e-07   0.000000e+00
  4.260000e+02   4.405579e-07   0.000000e+00   2.310231e-02   0.000000e+00   4.681116e-07   0.000000e+00
  4.270000e+02   4.090895e-07   0.000000e+00   2.195946e-02   0.000000e+00   4.388178e-07   0.000000e+00
  4.280000e+02   4.562921e-07   0.000000e+00   2.504318e-02   0.000000e+00   4.313469e-07   0.000000e+00
  4.290000e+02   4.562921e-07   0.000000e+00   2.568645e-02   0.000000e+00   4.266284e-07   0.000000e+00
  4.300000e+02   3.854882e-07   0.000000e+00   2.227273e-02   0.000000e+00   4.036259e-07   0.000000e+00
  4.310000e+02   4.090895e-07   0.000000e+00   2.417480e-02   0.000000e+00   4.018564e-07   0.000000e+00
  4.320000e+02   3.304184e-07   2.949131e-09   2.000953e-02   9.090909e-02   3.967448e-07   0.000000e+00
  4.330000e+02   3.776210e-07   0.000000e+00   2.333495e-02   0.000000e+00   3.770845e-07   0.000000e+00
  4.340000e+02   3.854882e-07   0.000000e+00   2.439024e-02   0.000000e+00   3.804267e-07   0.000000e+00
  4.350000e+02   3.854882e-07   0.000000e+00   2.500000e-02   0.000000e+00   3.552615e-07   0.000000e+00
  4.360000e+02   4.169566e-07   0.000000e+00   2.773417e-02   0.000000e+00   3.615528e-07   0.000000e+00
  4.370000e+02   4.012224e-07   0.000000e+00   2.744887e-02   0.000000e+00   3.542785e-07   0.000000e+00
  4.380000e+02   3.382855e-07   2.949131e-09   2.379635e-02   1.000000e-01   3.259677e-07   0.000000e+00
  4.390000e+02   3.776210e-07   0.000000e+00   2.721088e-02   0.000000e+00   3.316692e-07   0.000000e+00
  4.400000e+02   4.090895e-07   0.000000e+00   3.030303e-02   0.000000e+00   3.261643e-07   0.000000e+00
  4.410000e+02   3.304184e-07   0.000000e+00   2.524038e-02   0.000000e+00   3.072904e-07   0.000000e+00
  4.420000e+02   2.045447e-07   0.000000e+00   1.603948e-02   0.000000e+00   3.049312e-07   0.000000e+00
  4.430000e+02   3.146842e-07   2.949131e-09   2.507837e-02   1.111111e-01   2.895961e-07   0.000000e+00
  4.440000e+02   3.461526e-07   0.000000e+00   2.829582e-02   0.000000e+00   2.919554e-07   0.000000e+00
  4.450000e+02   2.753487e-07   0.000000e+00   2.316347e-02   0.000000e+00   2.935282e-07   0.000000e+00
  4.460000e+02   2.517474e-07   0.000000e+00   2.168022e-02   0.000000e+00   2.829116e-07   0.000000e+00
  4.470000e+02   3.304184e-07   0.000000e+00   2.908587e-02   0.000000e+00   2.713121e-07   0.000000e+00
  4.480000e+02   2.989500e-07   0.000000e+00   2.710414e-02   0.000000e+00   2.595159e-07   0.000000e+00
  4.490000e+02   2.832158e-07   2.949131e-09   2.639296e-02   1.250000e-01   2.573533e-07   0.000000e+00
  4.500000e+02   2.596145e-07   0.000000e+00   2.484940e-02   0.000000e+00   2.447707e-07   0.000000e+00
  4.510000e+02   2.596145e-07   5.898262e-09   2.548263e-02   2.857143e-01   2.514552e-07   0.000000e+00
  4.520000e+02   2.438803e-07   0.000000e+00   2.456418e-02   0.000000e+00   2.337609e-07   0.000000e+00
  4.530000e+02   2.281460e-07   2.949131e-09   2.355808e-02   2.000000e-01   2.306153e-07   0.000000e+00
  4.540000e+02   2.202789e-07   0.000000e+00   2.329451e-02   0.000000e+00   2.182293e-07   0.000000e+00
  4.550000e+02   2.517474e-07   0.000000e+00   2.725724e-02   0.000000e+00   2.221613e-07   0.000000e+00
  4.560000e+02   2.438803e-07   0.000000e+00   2.714536e-02   0.000000e+00   2.229477e-07   0.000000e+00
  4.570000e+02   1.652092e-07   0.000000e+00   1.890189e-02   0.000000e+00   2.070229e-07   0.000000e+00
  4.580000e+02   2.202789e-07   0.000000e+00   2.568807e-02   0.000000e+00   2.194089e-07   0.000000e+00
  4.590000e+02   2.596145e-07   2.949131e-09   3.107345e-02   2.500000e-01   2.036807e-07   0.000000e+00
  4.600000e+02   1.809434e-07   0.000000e+00   2.235180e-02   0.000000e+00   1.999452e-07   0.000000e+00
  4.610000e+02   1.966776e-07   0.000000e+00   2.485089e-02   0.000000e+00   1.899184e-07   0.000000e+00
  4.620000e+02   1.966776e-07   2.949131e-09   2.548420e-02   3.333333e-01   1.850034e-07   0.000000e+00
  4.630000e+02   1.888105e-07   0.000000e+00   2.510460e-02   0.000000e+00   1.791053e-07   0.000000e+00
  4.640000e+02   9.440526e-08   0.000000e+00   1.287554e-02   0.000000e+00   1.836272e-07   0.000000e+00
  4.650000e+02   1.416079e-07   2.949131e-09   1.956522e-02   5.000000e-01   1.645567e-07   0.000000e+00
  4.660000e+02   1.573421e-07   0.000000e+00   2.217295e-02   0.000000e+00   1.714378e-07   0.000000e+00
  4.670000e+02   1.022724e-07   0.000000e+00   1.473923e-02   0.000000e+00   1.675057e-07   0.000000e+00
  4.680000e+02   1.337408e-07   0.000000e+00   1.956272e-02   0.000000e+00   1.663261e-07   0.000000e+00
  4.690000e+02   1.494750e-07   0.000000e+00   2.230047e-02   0.000000e+00   1.671125e-07   0.000000e+00
  4.700000e+02   1.652092e-07   0.000000e+00   2.521008e-02   0.000000e+00   1.549231e-07   0.000000e+00
  4.710000e+02   1.494750e-07   0.000000e+00   2.339901e-02   0.000000e+00   1.502047e-07   0.000000e+00
  4.720000e+02   1.809434e-07   0.000000e+00   2.900378e-02   0.000000e+00   1.409643e-07   0.000000e+00
  4.730000e+02   1.258737e-07   0.000000e+00   2.077922e-02   0.000000e+00   1.504013e-07   0.000000e+00
  4.740000e+02   1.494750e-07   0.000000e+00   2.519894e-02   0.000000e+00   1.458794e-07   0.000000e+00
  4.750000e+02   1.730763e-07   0.000000e+00   2.993197e-02   0.000000e+00   1.405711e-07   0.000000e+00
  4.760000e+02   1.652092e-07   0.000000e+00   2.945302e-02   0.000000e+00   1.378187e-07   0.000000e+00
  4.770000e+02   7.080395e-08   0.000000e+00   1.300578e-02   0.000000e+00   1.266123e-07   0.000000e+00
  4.780000e+02   1.101395e-07   0.000000e+00   2.049780e-02   0.000000e+00   1.299545e-07   0.000000e+00
  4.790000e+02   1.180066e-07   0.000000e+00   2.242152e-02   0.000000e+00   1.275953e-07   0.000000e+00
  4.800000e+02   1.494750e-07   0.000000e+00   2.905199e-02   0.000000e+00   1.140297e-07   0.000000e+00
  4.810000e+02   1.652092e-07   0.000000e+00   3.307087e-02   0.000000e+00   1.213040e-07   0.000000e+00
  4.820000e+02   1.337408e-07   0.000000e+00   2.768730e-02   0.000000e+00   1.075418e-07   0.000000e+00
  4.830000e+02   8.653816e-08   0.000000e+00   1.842546e-02   0.000000e+00   1.163889e-07   0.000000e+00
  4.840000e+02   7.867105e-08   0.000000e+00   1.706485e-02   0.000000e+00   1.077384e-07   0.000000e+00
  4.850000e+02   1.416079e-07   0.000000e+00   3.125000e-02   0.000000e+00   1.081316e-07   0.000000e+00
  4.860000e+02   9.440526e-08   0.000000e+00   2.150538e-02   0.000000e+00   1.020369e-07   0.000000e+00
  4.870000e+02   7.080395e-08   0.000000e+00   1.648352e-02   0.000000e+00   9.456602e-08   0.000000e+00
  4.880000e+02   8.653816e-08   0.000000e+00   2.048417e-02   0.000000e+00   9.201018e-08   0.000000e+00
  4.890000e+02   8.653816e-08   0.000000e+00   2.091255e-02   0.000000e+00   9.181358e-08   0.000000e+00
  4.900000e+02   8.653816e-08   0.000000e+00   2.135922e-02   0.000000e+00   9.967770e-08   0.000000e+00
  4.910000e+02   1.494750e-07   0.000000e+00   3.769841e-02   0.000000e+00   9.613884e-08   0.000000e+00
  4.920000e+02   1.101395e-07   0.000000e+00   2.886598e-02   0.000000e+00   9.024075e-08   0.000000e+00
  4.930000e+02   1.022724e-07   0.000000e+00   2.760085e-02   0.000000e+00   9.810487e-08   0.000000e+00
  4.940000e+02   5.506974e-08   0.000000e+00   1.528384e-02   0.000000e+00   8.984755e-08   0.000000e+00
  4.950000e+02   8.653816e-08   0.000000e+00   2.439024e-02   0.000000e+00   9.083056e-08   0.000000e+00
  4.960000e+02   1.022724e-07   0.000000e+00   2.954545e-02   0.000000e+00   8.552228e-08   0.000000e+00
  4.970000e+02   1.101395e-07   0.000000e+00   3.278689e-02   0.000000e+00   7.785477e-08   0.000000e+00
  4.980000e+02   1.022724e-07   0.000000e+00   3.147700e-02   0.000000e+00   7.785477e-08   0.000000e+00
  4.990000e+02   7.867105e-08   0.000000e+00   2.500000e-02   0.000000e+00   7.411931e-08   0.000000e+00
  5.000000e+02   1.022724e-07   0.000000e+00   3.333333e-02   0.000000e+00   6.979405e-08   0.000000e+00
  5.010000e+02   2.360132e-08   0.000000e+00   7.957560e-03   0.000000e+00   7.785477e-08   0.000000e+00
  5.020000e+02   9.440526e-08   0.000000e+00   3.208556e-02   0.000000e+00   6.763141e-08   0.000000e+00
  5.030000e+02   7.867105e-08   0.000000e+00   2.762431e-02   0.000000e+00   6.232313e-08   0.000000e+00
  5.040000e+02   5.506974e-08   0.000000e+00   1.988636e-02   0.000000e+00   6.920424e-08   0.000000e+00
  5.050000e+02   7.867105e-08   0.000000e+00   2.898551e-02   0.000000e+00   6.075031e-08   0.000000e+00
  5.060000e+02   7.867105e-08   0.000000e+00   2.985075e-02   0.000000e+00   6.645180e-08   0.000000e+00
  5.070000e+02   5.506974e-08   0.000000e+00   2.153846e-02   0.000000e+00   5.603184e-08   0.000000e+00
  5.080000e+02   7.867105e-08   0.000000e+00   3.144654e-02   0.000000e+00   6.664840e-08   0.000000e+00
  5.090000e+02   7.080395e-08   0.000000e+00   2.922078e-02   0.000000e+00   5.544203e-08   0.000000e+00
  5.100000e+02   8.653816e-08   0.000000e+00   3.678930e-02   0.000000e+00   5.819447e-08   0.000000e+00
  5.110000e+02   6.293684e-08   0.000000e+00   2.777778e-02   0.000000e+00   4.974055e-08   0.000000e+00
  5.120000e+02   7.080395e-08   0.000000e+00   3.214286e-02   0.000000e+00   4.993715e-08   0.000000e+00
  5.130000e+02   5.506974e-08   0.000000e+00   2.583026e-02   0.000000e+00   5.504883e-08   0.000000e+00
  5.140000e+02   3.146842e-08   0.000000e+00   1.515152e-02   0.000000e+00   5.386921e-08   0.000000e+00
  5.150000e+02   3.146842e-08   0.000000e+00   1.538462e-02   0.000000e+00   5.209978e-08   0.000000e+00
  5.160000e+02   3.933553e-08   0.000000e+00   1.953125e-02   0.000000e+00   4.620169e-08   0.000000e+00
  5.170000e+02   3.933553e-08   0.000000e+00   1.992032e-02   0.000000e+00   4.915074e-08   0.000000e+00
  5.180000e+02   3.933553e-08   0.000000e+00   2.032520e-02   0.000000e+00   4.600509e-08   0.000000e+00
  5.190000e+02   1.573421e-08   0.000000e+00   8.298755e-03   0.000000e+00   4.187643e-08   0.000000e+00
  5.200000e+02   3.933553e-08   0.000000e+00   2.092050e-02   0.000000e+00   4.187643e-08   0.000000e+00
  5.210000e+02   1.573421e-08   0.000000e+00   8.547009e-03   0.000000e+00   4.502208e-08   0.000000e+00
  5.220000e+02   5.506974e-08   0.000000e+00   3.017241e-02   0.000000e+00   4.561188e-08   0.000000e+00
  5.230000e+02   6.293684e-08   0.000000e+00   3.555556e-02   0.000000e+00   4.462887e-08   0.000000e+00
  5.240000e+02   6.293684e-08   0.000000e+00   3.686636e-02   0.000000e+00   4.285944e-08   0.000000e+00
  5.250000e+02   3.933553e-08   0.000000e+00   2.392344e-02   0.000000e+00   4.246624e-08   0.000000e+00
  5.260000e+02   3.146842e-08   0.000000e+00   1.960784e-02   0.000000e+00   3.794437e-08   0.000000e+00
  5.270000e+02   7.867105e-09   0.000000e+00   5.000000e-03   0.000000e+00   3.696135e-08   0.000000e+00
  5.280000e+02   4.720263e-08   0.000000e+00   3.015075e-02   0.000000e+00   3.381571e-08   0.000000e+00
  5.290000e+02   4.720263e-08   0.000000e+00   3.108808e-02   0.000000e+00   3.833758e-08   0.000000e+00
  5.300000e+02   3.146842e-08   0.000000e+00   2.139037e-02   0.000000e+00   3.381571e-08   0.000000e+00
  5.310000e+02   1.573421e-08   0.000000e+00   1.092896e-02   0.000000e+00   3.401231e-08   0.000000e+00
  5.320000e+02   3.146842e-08   0.000000e+00   2.209945e-02   0.000000e+00   3.361910e-08   0.000000e+00
  5.330000e+02   2.360132e-08   0.000000e+00   1.694915e-02   0.000000e+00   3.401231e-08   0.000000e+00
  5.340000e+02   3.146842e-08   0.000000e+00   2.298851e-02   0.000000e+00   3.342250e-08   0.000000e+00
  5.350000e+02   1.573421e-08   0.000000e+00   1.176471e-02   0.000000e+00   2.929384e-08   0.000000e+00
  5.360000e+02   2.360132e-08   0.000000e+00   1.785714e-02   0.000000e+00   3.204628e-08   0.000000e+00
  5.370000e+02   4.720263e-08   2.949131e-09   3.636364e-02   1.000000e+00   3.204628e-08   7.866486e-09
  5.380000e+02   7.867105e-09   0.000000e+00   6.289308e-03   0.000000e+00   3.067006e-08   0.000000e+00
  5.390000e+02   3.146842e-08   0.000000e+00   2.531646e-02   0.000000e+00   3.224288e-08   0.000000e+00
  5.400000e+02   5.506974e-08   0.000000e+00   4.545455e-02   0.000000e+00   2.890063e-08   0.000000e+00
  5.410000e+02   3.146842e-08   0.000000e+00   2.721088e-02   0.000000e+00   2.477197e-08   0.000000e+00
  5.420000e+02   1.573421e-08   0.000000e+00   1.398601e-02   0.000000e+00   2.732781e-08   0.000000e+00
  5.430000e+02   3.146842e-08   0.000000e+00   2.836879e-02   0.000000e+00   3.184968e-08   0.000000e+00
  5.440000e+02   7.867105e-09   0.000000e+00   7.299270e-03   0.000000e+00   2.713121e-08   0.000000e+00
  5.450000e+02   3.146842e-08   0.000000e+00   2.941176e-02   0.000000e+00   2.319915e-08   0.000000e+00
  5.460000e+02   1.573421e-08   0.000000e+00   1.515152e-02   0.000000e+00   1.926709e-08   0.000000e+00
  5.470000e+02   7.867105e-09   0.000000e+00   7.692308e-03   0.000000e+00   2.280594e-08   0.000000e+00
  5.480000e+02   2.360132e-08   0.000000e+00   2.325581e-02   0.000000e+00   2.103652e-08   0.000000e+00
  5.490000e+02   3.146842e-08   0.000000e+00   3.174603e-02   0.000000e+00   2.162632e-08   0.000000e+00
  5.500000e+02   3.146842e-08   0.000000e+00   3.278689e-02   0.000000e+00   2.280594e-08   0.000000e+00
  5.510000e+02   1.573421e-08   0.000000e+00   1.694915e-02   0.000000e+00   1.985690e-08   0.000000e+00
  5.520000e+02   1.573421e-08   0.000000e+00   1.724138e-02   0.000000e+00   2.201953e-08   0.000000e+00
  5.530000e+02   3.146842e-08   0.000000e+00   3.508772e-02   0.000000e+00   2.201953e-08   0.000000e+00
  5.540000e+02   0.000000e+00   0.000000e+00   0.000000e+00   0.000000e+00   1.867728e-08   0.000000e+00
  5.550000e+02   3.933553e-08   0.000000e+00   4.545455e-02   0.000000e+00   2.064331e-08   0.000000e+00
  5.560000e+02   2.360132e-08   0.000000e+00   2.857143e-02   0.000000e+00   2.044671e-08   0.000000e+00
  5.570000e+02   1.573421e-08   0.000000e+00   1.960784e-02   0.000000e+00   1.710446e-08   0.000000e+00
  5.580000e+02   7.867105e-09   0.000000e+00   1.000000e-02   0.000000e+00   1.828407e-08   0.000000e+00
  5.590000e+02   1.573421e-08   0.000000e+00   2.020202e-02   0.000000e+00   2.103652e-08   0.000000e+00
  5.600000e+02   1.573421e-08   0.000000e+00   2.061856e-02   0.000000e+00   2.005350e-08   0.000000e+00
  5.610000e+02   0.000000e+00   0.000000e+00   0.000000e+00   0.000000e+00   1.612144e-08   0.000000e+00
  5.620000e+02   0.000000e+00   0.000000e+00   0.000000e+00   0.000000e+00   1.710446e-08   0.000000e+00
  5.630000e+02   1.573421e-08   0.000000e+00   2.105263e-02   0.000000e+00   1.730106e-08   0.000000e+00
  5.640000e+02   7.867105e-09   0.000000e+00   1.075269e-02   0.000000e+00   1.828407e-08   0.000000e+00
  5.650000e+02   2.360132e-08   0.000000e+00   3.260870e-02   0.000000e+00   1.631804e-08   0.000000e+00
  5.660000e+02   7.867105e-09   0.000000e+00   1.123596e-02   0.000000e+00   1.730106e-08   0.000000e+00
  5.670000e+02   7.867105e-09   0.000000e+00   1.136364e-02   0.000000e+00   1.828407e-08   0.000000e+00
  5.680000e+02   1.573421e-08   0.000000e+00   2.298851e-02   0.000000e+00   1.926709e-08   0.000000e+00
  5.690000e+02   2.360132e-08   0.000000e+00   3.529412e-02   0.000000e+00   1.690785e-08   0.000000e+00
  5.700000e+02   2.360132e-08   0.000000e+00   3.658537e-02   0.000000e+00   1.769427e-08   0.000000e+00
  5.710000e+02   2.360132e-08   0.000000e+00   3.797468e-02   0.000000e+00   1.336900e-08   0.000000e+00
  5.720000e+02   2.360132e-08   0.000000e+00   3.947368e-02   0.000000e+00   1.199278e-08   0.000000e+00
  5.730000e+02   1.573421e-08   0.000000e+00   2.739726e-02   0.000000e+00   1.435202e-08   0.000000e+00
  5.740000e+02   2.360132e-08   0.000000e+00   4.225352e-02   0.000000e+00   1.395881e-08   0.000000e+00
  5.750000e+02   0.000000e+00   0.000000e+00   0.000000e+00   0.000000e+00   1.356560e-08   0.000000e+00
  5.760000e+02   7.867105e-09   0.000000e+00   1.470588e-02   0.000000e+00   1.395881e-08   0.000000e+00
  5.770000e+02   1.573421e-08   0.000000e+00   2.985075e-02   0.000000e+00   1.494182e-08   0.000000e+00
  5.780000e+02   7.867105e-09   0.000000e+00   1.538462e-02   0.000000e+00   1.317240e-08   0.000000e+00
  5.790000e+02   7.867105e-09   0.000000e+00   1.562500e-02   0.000000e+00   1.218938e-08   0.000000e+00
  5.800000e+02   1.573421e-08   0.000000e+00   3.174603e-02   0.000000e+00   1.218938e-08   0.000000e+00
  5.810000e+02   2.360132e-08   0.000000e+00   4.918033e-02   0.000000e+00   1.159957e-08   0.000000e+00
  5.820000e+02   7.867105e-09   0.000000e+00   1.724138e-02   0.000000e+00   1.120637e-08   0.000000e+00
  5.830000e+02   0.000000e+00   0.000000e+00   0.000000e+00   0.000000e+00   1.061656e-08   0.000000e+00
  5.840000e+02   0.000000e+00   0.000000e+00   0.000000e+00   0.000000e+00   9.043736e-09   0.000000e+00
  5.850000e+02   7.867105e-09   0.000000e+00   1.754386e-02   0.000000e+00   1.061656e-08   0.000000e+00
  5.860000e+02   0.000000e+00   0.000000e+00   0.000000e+00   0.000000e+00   9.633544e-09   0.000000e+00
  5.870000e+02   0.000000e+00   0.000000e+00   0.000000e+00   0.000000e+00   1.120637e-08   0.000000e+00
  5.880000e+02   7.867105e-09   0.000000e+00   1.785714e-02   0.000000e+00   1.159957e-08   0.000000e+00
  5.890000e+02   7.867105e-09   0.000000e+00   1.818182e-02   0.000000e+00   1.120637e-08   0.000000e+00
  5.900000e+02   7.867105e-09   0.000000e+00   1.851852e-02   0.000000e+00   9.436942e-09   0.000000e+00
  5.910000e+02   3.146842e-08   0.000000e+00   7.547170e-02   0.000000e+00   1.218938e-08   0.000000e+00
  5.920000e+02   7.867105e-09   0.000000e+00   2.040816e-02   0.000000e+00   1.258259e-08   0.000000e+00
  5.930000e+02   0.000000e+00   0.000000e+00   0.000000e+00   0.000000e+00   9.436942e-09   0.000000e+00
  5.940000e+02   7.867105e-09   0.000000e+00   2.083333e-02   0.000000e+00   9.436942e-09   0.000000e+00
  5.950000e+02   0.000000e+00   0.000000e+00   0.000000e+00   0.000000e+00   8.453927e-09   0.000000e+00
  5.960000e+02   2.360132e-08   0.000000e+00   6.382979e-02   0.000000e+00   1.022335e-08   0.000000e+00
  5.970000e+02   1.573421e-08   0.000000e+00   4.545455e-02   0.000000e+00   8.060721e-09   0.000000e+00
  5.980000e+02   1.573421e-08   0.000000e+00   4.761905e-02   0.000000e+00   9.633544e-09   0.000000e+00
  5.990000e+02   7.867105e-09   0.000000e+00   2.500000e-02   0.000000e+00   9.240339e-09   0.000000e+00
  6.000000e+02   0.000000e+00   0.000000e+00   0.000000e+00   0.000000e+00   7.470912e-09   0.000000e+00
  6.010000e+02   0.000000e+00   0.000000e+00   0.000000e+00   0.000000e+00   7.667515e-09   0.000000e+00
  6.020000e+02   7.867105e-09   0.000000e+00   2.564103e-02   0.000000e+00   9.436942e-09   0.000000e+00
  6.030000e+02   7.867105e-09   0.000000e+00   2.631579e-02   0.000000e+00   8.453927e-09   0.000000e+00
  6.040000e+02   0.000000e+00   0.000000e+00   0.000000e+00   0.000000e+00   7.274309e-09   0.000000e+00
  6.050000e+02   0.000000e+00   0.000000e+00   0.000000e+00   0.000000e+00   6.684500e-09   0.000000e+00
  6.060000e+02   1.573421e-08   0.000000e+00   5.405405e-02   0.000000e+00   6.881103e-09   0.000000e+00
  6.070000e+02   7.867105e-09   0.000000e+00   2.857143e-02   0.000000e+00   6.094691e-09   0.000000e+00
  6.080000e+02   7.867105e-09   0.000000e+00   2.941176e-02   0.000000e+00   6.487897e-09   0.000000e+00
  6.090000e+02   7.867105e-09   0.000000e+00   3.030303e-02   0.000000e+00   4.915074e-09   0.000000e+00
  6.100000e+02   0.000000e+00   0.000000e+00   0.000000e+00   0.000000e+00   6.684500e-09   0.000000e+00
  6.110000e+02   7.867105e-09   0.000000e+00   3.125000e-02   0.000000e+00   4.521868e-09   0.000000e+00
  6.120000e+02   7.867105e-09   0.000000e+00   3.225806e-02   0.000000e+00   6.094691e-09   0.000000e+00
  6.130000e+02   0.000000e+00   0.000000e+00   0.000000e+00   0.000000e+00   4.718471e-09   0.000000e+00
  6.140000e+02   0.000000e+00   0.000000e+00   0.000000e+00   0.000000e+00   6.487897e-09   0.000000e+00
  6.150000e+02   7.867105e-09   0.000000e+00   3.333333e-02   0.000000e+00   4.718471e-09   0.000000e+00
  6.160000e+02   0.000000e+00   0.000000e+00   0.000000e+00   0.000000e+00   5.898088e-09   0.000000e+00
  6.170000e+02   7.867105e-09   0.000000e+00   3.448276e-02   0.000000e+00   5.701486e-09   0.000000e+00
  6.180000e+02   7.867105e-09   0.000000e+00   3.571429e-02   0.000000e+00   4.915074e-09   0.000000e+00
  6.190000e+02   7.867105e-09   0.000000e+00   3.703704e-02   0.000000e+00   5.504883e-09   0.000000e+00
  6.200000e+02   7.867105e-09   0.000000e+00   3.846154e-02   0.000000e+00   4.915074e-09   0.000000e+00
  6.210000e+02   0.000000e+00   0.000000e+00   0.000000e+00   0.000000e+00   4.521868e-09   0.000000e+00
  6.220000e+02   0.000000e+00   0.000000e+00   0.000000e+00   0.000000e+00   4.915074e-09   0.000000e+00
  6.230000e+02   7.867105e-09   0.000000e+00   4.000000e-02   0.000000e+00   4.915074e-09   0.000000e+00
  6.240000e+02   0.000000e+00   0.000000e+00   0.000000e+00   0.000000e+00   5.111677e-09   0.000000e+00
  6.250000e+02   0.000000e+00   0.000000e+00   0.000000e+00   0.000000e+00   6.487897e-09   0.000000e+00
  6.260000e+02   7.867105e-09   0.000000e+00   4.166667e-02   0.000000e+00   4.128662e-09   0.000000e+00
  6.270000e+02   7.867105e-09   0.000000e+00   4.347826e-02   0.000000e+00   5.111677e-09   0.000000e+00
  6.280000e+02   0.000000e+00   0.000000e+00   0.000000e+00   0.000000e+00   5.504883e-09   0.000000e+00
  6.290000e+02   7.867105e-09   0.000000e+00   4.545455e-02   0.000000e+00   3.932059e-09   0.000000e+00
  6.300000e+02   0.000000e+00   0.000000e+00   0.000000e+00   0.000000e+00   5.898088e-09   0.000000e+00
  6.310000e+02   0.000000e+00   0.000000e+00   0.000000e+00   0.000000e+00   3.145647e-09   0.000000e+00
  6.320000e+02   0.000000e+00   0.000000e+00   0.000000e+00   0.000000e+00   3.145647e-09   0.000000e+00
  6.330000e+02   0.000000e+00   0.000000e+00   0.000000e+00   0.000000e+00   4.521868e-09   0.000000e+00
  6.340000e+02   0.000000e+00   0.000000e+00   0.000000e+00   0.000000e+00   4.325265e-09   0.000000e+00
  6.350000e+02   0.000000e+00   0.000000e+00   0.000000e+00   0.000000e+00   2.752441e-09   0.000000e+00
  6.360000e+02   0.000000e+00   0.000000e+00   0.000000e+00   0.000000e+00   4.521868e-09   0.000000e+00
  6.370000e+02   0.000000e+00   0.000000e+00   0.000000e+00   0.000000e+00   3.932059e-09   0.000000e+00
  6.380000e+02   0.000000e+00   0.000000e+00   0.000000e+00   0.000000e+00   1.769427e-09   0.000000e+00
  6.390000e+02   0.000000e+00   0.000000e+00   0.000000e+00   0.000000e+00   4.128662e-09   0.000000e+00
  6.400000e+02   0.000000e+00   0.000000e+00   0.000000e+00   0.000000e+00   2.949044e-09   0.000000e+00
  6.410000e+02   7.867105e-09   0.000000e+00   4.761905e-02   0.000000e+00   3.342250e-09   0.000000e+00
  6.420000e+02   0.000000e+00   0.000000e+00   0.000000e+00   0.000000e+00   4.521868e-09   0.000000e+00
  6.430000e+02   0.000000e+00   0.000000e+00   0.000000e+00   0.000000e+00   2.949044e-09   0.000000e+00
  6.440000e+02   7.867105e-09   0.000000e+00   5.000000e-02   0.000000e+00   3.735456e-09   0.000000e+00
  6.450000e+02   0.000000e+00   0.000000e+00   0.000000e+00   0.000000e+00   4.915074e-09   0.000000e+00
  6.460000e+02   0.000000e+00   0.000000e+00   0.000000e+00   0.000000e+00   2.752441e-09   0.000000e+00
  6.470000e+02   7.867105e-09   0.000000e+00   5.263158e-02   0.000000e+00   2.752441e-09   0.000000e+00
  6.480000e+02   0.000000e+00   0.000000e+00   0.000000e+00   0.000000e+00   2.949044e-09   0.000000e+00
  6.490000e+02   0.000000e+00   0.000000e+00   0.000000e+00   0.000000e+00   1.769427e-09   0.000000e+00
  6.500000e+02   0.000000e+00   0.000000e+00   0.000000e+00   0.000000e+00   3.342250e-09   0.000000e+00
  6.510000e+02   0.000000e+00   0.000000e+00   0.000000e+00   0.000000e+00   3.538853e-09   0.000000e+00
  6.520000e+02   0.000000e+00   0.000000e+00   0.000000e+00   0.000000e+00   2.359235e-09   0.000000e+00
  6.530000e+02   0.000000e+00   0.000000e+00   0.000000e+00   0.000000e+00   3.735456e-09   0.000000e+00
  6.540000e+02   0.000000e+00   0.000000e+00   0.000000e+00   0.000000e+00   2.752441e-09   0.000000e+00
  6.550000e+02   7.867105e-09   0.000000e+00   5.555556e-02   0.000000e+00   3.145647e-09   0.000000e+00
  6.560000e+02   0.000000e+00   0.000000e+00   0.000000e+00   0.000000e+00   2.752441e-09   0.000000e+00
  6.570000e+02   0.000000e+00   0.000000e+00   0.000000e+00   0.000000e+00   1.966029e-09   0.000000e+00
  6.580000e+02   0.000000e+00   0.000000e+00   0.000000e+00   0.000000e+00   3.932059e-09   0.000000e+00
  6.590000e+02   0.000000e+00   0.000000e+00   0.000000e+00   0.000000e+00   3.145647e-09   0.000000e+00
  6.600000e+02   0.000000e+00   0.000000e+00   0.000000e+00   0.000000e+00   3.538853e-09   0.000000e+00
  6.610000e+02   7.867105e-09   0.000000e+00   5.882353e-02   0.000000e+00   3.538853e-09   0.000000e+00
  6.620000e+02   0.000000e+00   0.000000e+00   0.000000e+00   0.000000e+00   3.342250e-09   0.000000e+00
  6.630000e+02   0.000000e+00   0.000000e+00   0.000000e+00   0.000000e+00   3.538853e-09   0.000000e+00
  6.640000e+02   0.000000e+00   0.000000e+00   0.000000e+00   0.000000e+00   2.752441e-09   0.000000e+00
  6.650000e+02   7.867105e-09   0.000000e+00   6.250000e-02   0.000000e+00   3.145647e-09   0.000000e+00
  6.660000e+02   0.000000e+00   0.000000e+00   0.000000e+00   0.000000e+00   2.359235e-09   0.000000e+00
  6.670000e+02   0.000000e+00   0.000000e+00   0.000000e+00   0.000000e+00   3.342250e-09   0.000000e+00
  6.680000e+02   7.867105e-09   0.000000e+00   6.666667e-02   0.000000e+00   3.538853e-09   0.000000e+00
  6.690000e+02   0.000000e+00   0.000000e+00   0.000000e+00   0.000000e+00   3.342250e-09   0.000000e+00
  6.700000e+02   7.867105e-09   0.000000e+00   7.142857e-02   0.000000e+00   2.752441e-09   0.000000e+00
  6.710000e+02   0.000000e+00   0.000000e+00   0.000000e+00   0.000000e+00   2.359235e-09   0.000000e+00
  6.720000e+02   0.000000e+00   0.000000e+00   0.000000e+00   0.000000e+00   2.359235e-09   0.000000e+00
  6.730000e+02   0.000000e+00   0.000000e+00   0.000000e+00   0.000000e+00   9.830147e-10   0.000000e+00
  6.740000e+02   0.000000e+00   0.000000e+00   0.000000e+00   0.000000e+00   1.966029e-09   0.000000e+00
  6.750000e+02   7.867105e-09   0.000000e+00   7.692308e-02   0.000000e+00   2.162632e-09   0.000000e+00
  6.760000e+02   7.867105e-09   0.000000e+00   8.333333e-02   0.000000e+00   2.162632e-09   0.000000e+00
  6.770000e+02   0.000000e+00   0.000000e+00   0.000000e+00   0.000000e+00   9.830147e-10   0.000000e+00
  6.780000e+02   0.000000e+00   0.000000e+00   0.000000e+00   0.000000e+00   2.359235e-09   0.000000e+00
  6.790000e+02   7.867105e-09   0.000000e+00   9.090909e-02   0.000000e+00   1.376221e-09   0.000000e+00
  6.800000e+02   0.000000e+00   0.000000e+00   0.000000e+00   0.000000e+00   1.376221e-09   0.000000e+00
  6.810000e+02   0.000000e+00   0.000000e+00   0.000000e+00   0.000000e+00   1.769427e-09   0.000000e+00
  6.820000e+02   1.573421e-08   0.000000e+00   2.000000e-01   0.000000e+00   9.830147e-10   0.000000e+00
  6.830000e+02   0.000000e+00   0.000000e+00   0.000000e+00   0.000000e+00   9.830147e-10   0.000000e+00
  6.840000e+02   0.000000e+00   0.000000e+00   0.000000e+00   0.000000e+00   1.572824e-09   0.000000e+00
  6.850000e+02   0.000000e+00   0.000000e+00   0.000000e+00   0.000000e+00   9.830147e-10   0.000000e+00
  6.860000e+02   0.000000e+00   0.000000e+00   0.000000e+00   0.000000e+00   2.359235e-09   0.000000e+00
  6.870000e+02   0.000000e+00   0.000000e+00   0.000000e+00   0.000000e+00   1.769427e-09   0.000000e+00
  6.880000e+02   0.000000e+00   0.000000e+00   0.000000e+00   0.000000e+00   9.830147e-10   0.000000e+00
  6.890000e+02   0.000000e+00   0.000000e+00   0.000000e+00   0.000000e+00   1.179618e-09   0.000000e+00
  6.900000e+02   0.000000e+00   0.000000e+00   0.000000e+00   0.000000e+00   7.864118e-10   0.000000e+00
  6.910000e+02   0.000000e+00   0.000000e+00   0.000000e+00   0.000000e+00   1.966029e-09   0.000000e+00
  6.920000e+02   0.000000e+00   0.000000e+00   0.000000e+00   0.000000e+00   9.830147e-10   0.000000e+00
  6.930000e+02   0.000000e+00   0.000000e+00   0.000000e+00   0.000000e+00   1.179618e-09   0.000000e+00
  6.940000e+02   0.000000e+00   0.000000e+00   0.000000e+00   0.000000e+00   1.376221e-09   0.000000e+00
  6.950000e+02   0.000000e+00   0.000000e+00   0.000000e+00   0.000000e+00   9.830147e-10   0.000000e+00
  6.960000e+02   7.867105e-09   0.000000e+00   1.250000e-01   0.000000e+00   9.830147e-10   0.000000e+00
  6.970000e+02   0.000000e+00   0.000000e+00   0.000000e+00   0.000000e+00   1.769427e-09   0.000000e+00
  6.980000e+02   0.000000e+00   0.000000e+00   0.000000e+00   0.000000e+00   1.769427e-09   0.000000e+00
  6.990000e+02   0.000000e+00   0.000000e+00   0.000000e+00   0.000000e+00   9.830147e-10   0.000000e+00
  7.000000e+02   0.000000e+00   0.000000e+00   0.000000e+00   0.000000e+00   1.572824e-09   0.000000e+00
  7.010000e+02   0.000000e+00   0.000000e+00   0.000000e+00   0.000000e+00   1.966029e-09   0.000000e+00
  7.020000e+02   0.000000e+00   0.000000e+00   0.000000e+00   0.000000e+00   1.376221e-09   0.000000e+00
  7.030000e+02   7.867105e-09   0.000000e+00   1.428571e-01   0.000000e+00   3.932059e-10   0.000000e+00
  7.040000e+02   0.000000e+00   0.000000e+00   0.000000e+00   0.000000e+00   9.830147e-10   0.000000e+00
  7.050000e+02   0.000000e+00   0.000000e+00   0.000000e+00   0.000000e+00   1.179618e-09   0.000000e+00
  7.060000e+02   0.000000e+00   0.000000e+00   0.000000e+00   0.000000e+00   3.932059e-10   0.000000e+00
  7.070000e+02   7.867105e-09   0.000000e+00   1.666667e-01   0.000000e+00   3.932059e-10   0.000000e+00
  7.080000e+02   0.000000e+00   0.000000e+00   0.000000e+00   0.000000e+00   1.966029e-10   0.000000e+00
  7.090000e+02   0.000000e+00   0.000000e+00   0.000000e+00   0.000000e+00   3.932059e-10   0.000000e+00
  7.100000e+02   0.000000e+00   0.000000e+00   0.000000e+00   0.000000e+00   7.864118e-10   0.000000e+00
  7.110000e+02   0.000000e+00   0.000000e+00   0.000000e+00   0.000000e+00   3.932059e-10   0.000000e+00
  7.120000e+02   0.000000e+00   0.000000e+00   0.000000e+00   0.000000e+00   7.864118e-10   0.000000e+00
  7.130000e+02   0.000000e+00   0.000000e+00   0.000000e+00   0.000000e+00   5.898088e-10   0.000000e+00
  7.140000e+02   0.000000e+00   0.000000e+00   0.000000e+00   0.000000e+00   1.966029e-10   0.000000e+00
  7.150000e+02   0.000000e+00   0.000000e+00   0.000000e+00   0.000000e+00   1.179618e-09   0.000000e+00
  7.160000e+02   0.000000e+00   0.000000e+00   0.000000e+00   0.000000e+00   5.898088e-10   0.000000e+00
  7.170000e+02   0.000000e+00   0.000000e+00   0.000000e+00   0.000000e+00   1.572824e-09   0.000000e+00
  7.180000e+02   0.000000e+00   0.000000e+00   0.000000e+00   0.000000e+00   7.864118e-10   0.000000e+00
  7.190000e+02   0.000000e+00   0.000000e+00   0.000000e+00   0.000000e+00   3.932059e-10   0.000000e+00
  7.200000e+02   0.000000e+00   0.000000e+00   0.000000e+00   0.000000e+00   3.932059e-10   0.000000e+00
  7.210000e+02   0.000000e+00   0.000000e+00   0.000000e+00   0.000000e+00   9.830147e-10   0.000000e+00
  7.220000e+02   0.000000e+00   0.000000e+00   0.000000e+00   0.000000e+00   1.966029e-10   0.000000e+00
  7.230000e+02   0.000000e+00   0.000000e+00   0.000000e+00   0.000000e+00   5.898088e-10   0.000000e+00
  7.240000e+02   0.000000e+00   0.000000e+00   0.000000e+00   0.000000e+00   1.376221e-09   0.000000e+00
  7.250000e+02   0.000000e+00   0.000000e+00   0.000000e+00   0.000000e+00   9.830147e-10   0.000000e+00
  7.260000e+02   0.000000e+00   0.000000e+00   0.000000e+00   0.000000e+00   0.000000e+00   0.000000e+00
  7.270000e+02   0.000000e+00   0.000000e+00   0.000000e+00   0.000000e+00   7.864118e-10   0.000000e+00
  7.280000e+02   0.000000e+00   0.000000e+00   0.000000e+00   0.000000e+00   7.864118e-10   0.000000e+00
  7.290000e+02   0.000000e+00   0.000000e+00   0.000000e+00   0.000000e+00   5.898088e-10   0.000000e+00
  7.300000e+02   0.000000e+00   0.000000e+00   0.000000e+00   0.000000e+00   3.932059e-10   0.000000e+00
  7.310000e+02   0.000000e+00   0.000000e+00   0.000000e+00   0.000000e+00   3.932059e-10   0.000000e+00
  7.320000e+02   0.000000e+00   0.000000e+00   0.000000e+00   0.000000e+00   9.830147e-10   0.000000e+00
  7.330000e+02   0.000000e+00   0.000000e+00   0.000000e+00   0.000000e+00   3.932059e-10   0.000000e+00
  7.340000e+02   0.000000e+00   0.000000e+00   0.000000e+00   0.000000e+00   7.864118e-10   0.000000e+00
  7.350000e+02   7.867105e-09   0.000000e+00   2.000000e-01   0.000000e+00   5.898088e-10   0.000000e+00
  7.360000e+02   7.867105e-09   0.000000e+00   2.500000e-01   0.000000e+00   3.932059e-10   0.000000e+00
  7.370000e+02   0.000000e+00   0.000000e+00   0.000000e+00   0.000000e+00   1.966029e-10   0.000000e+00
  7.380000e+02   0.000000e+00   0.000000e+00   0.000000e+00   0.000000e+00   1.966029e-10   0.000000e+00
  7.390000e+02   0.000000e+00   0.000000e+00   0.000000e+00   0.000000e+00   3.932059e-10   0.000000e+00
  7.400000e+02   0.000000e+00   0.000000e+00   0.000000e+00   0.000000e+00   0.000000e+00   0.000000e+00
  7.410000e+02   0.000000e+00   0.000000e+00   0.000000e+00   0.000000e+00   5.898088e-10   0.000000e+00
  7.420000e+02   0.000000e+00   0.000000e+00   0.000000e+00   0.000000e+00   3.932059e-10   0.000000e+00
  7.430000e+02   0.000000e+00   0.000000e+00   0.000000e+00   0.000000e+00   1.966029e-10   0.000000e+00
  7.440000e+02   0.000000e+00   0.000000e+00   0.000000e+00   0.000000e+00   0.000000e+00   0.000000e+00
  7.450000e+02   0.000000e+00   0.000000e+00   0.000000e+00   0.000000e+00   1.376221e-09   0.000000e+00
  7.460000e+02   0.000000e+00   0.000000e+00   0.000000e+00   0.000000e+00   1.966029e-10   0.000000e+00
  7.470000e+02   0.000000e+00   0.000000e+00   0.000000e+00   0.000000e+00   5.898088e-10   0.000000e+00
  7.480000e+02   0.000000e+00   0.000000e+00   0.000000e+00   0.000000e+00   9.830147e-10   0.000000e+00
  7.490000e+02   0.000000e+00   0.000000e+00   0.000000e+00   0.000000e+00   5.898088e-10   0.000000e+00
  7.500000e+02   0.000000e+00   0.000000e+00   0.000000e+00   0.000000e+00   1.966029e-10   0.000000e+00
  7.510000e+02   0.000000e+00   0.000000e+00   0.000000e+00   0.000000e+00   5.898088e-10   0.000000e+00
  7.520000e+02   0.000000e+00   0.000000e+00   0.000000e+00   0.000000e+00   5.898088e-10   0.000000e+00
  7.530000e+02   0.000000e+00   0.000000e+00   0.000000e+00   0.000000e+00   0.000000e+00   0.000000e+00
  7.540000e+02   0.000000e+00   0.000000e+00   0.000000e+00   0.000000e+00   3.932059e-10   0.000000e+00
  7.550000e+02   0.000000e+00   0.000000e+00   0.000000e+00   0.000000e+00   5.898088e-10   0.000000e+00
  7.560000e+02   0.000000e+00   0.000000e+00   0.000000e+00   0.000000e+00   5.898088e-10   0.000000e+00
  7.570000e+02   0.000000e+00   0.000000e+00   0.000000e+00   0.000000e+00   5.898088e-10   0.000000e+00
  7.580000e+02   0.000000e+00   0.000000e+00   0.000000e+00   0.000000e+00   5.898088e-10   0.000000e+00
  7.590000e+02   0.000000e+00   0.000000e+00   0.000000e+00   0.000000e+00   1.966029e-10   0.000000e+00
  7.600000e+02   0.000000e+00   0.000000e+00   0.000000e+00   0.000000e+00   9.830147e-10   0.000000e+00
  7.610000e+02   0.000000e+00   0.000000e+00   0.000000e+00   0.000000e+00   3.932059e-10   0.000000e+00
  7.620000e+02   0.000000e+00   0.000000e+00   0.000000e+00   0.000000e+00   9.830147e-10   0.000000e+00
  7.630000e+02   0.000000e+00   0.000000e+00   0.000000e+00   0.000000e+00   0.000000e+00   0.000000e+00
  7.640000e+02   0.000000e+00   0.000000e+00   0.000000e+00   0.000000e+00   1.966029e-10   0.000000e+00
  7.650000e+02   7.867105e-09   0.000000e+00   3.333333e-01   0.000000e+00   3.932059e-10   0.000000e+00
  7.660000e+02   0.000000e+00   0.000000e+00   0.000000e+00   0.000000e+00   1.966029e-10   0.000000e+00
  7.670000e+02   0.000000e+00   0.000000e+00   0.000000e+00   0.000000e+00   3.932059e-10   0.000000e+00
  7.680000e+02   7.867105e-09   0.000000e+00   5.000000e-01   0.000000e+00   0.000000e+00   0.000000e+00
  7.690000e+02   0.000000e+00   0.000000e+00   0.000000e+00   0.000000e+00   0.000000e+00   0.000000e+00
  7.700000e+02   0.000000e+00   0.000000e+00   0.000000e+00   0.000000e+00   0.000000e+00   0.000000e+00
  7.710000e+02   0.000000e+00   0.000000e+00   0.000000e+00   0.000000e+00   0.000000e+00   0.000000e+00
  7.720000e+02   0.000000e+00   0.000000e+00   0.000000e+00   0.000000e+00   0.000000e+00   0.000000e+00
  7.730000e+02   0.000000e+00   0.000000e+00   0.000000e+00   0.000000e+00   1.966029e-10   0.000000e+00
  7.740000e+02   0.000000e+00   0.000000e+00   0.000000e+00   0.000000e+00   0.000000e+00   0.000000e+00
  7.750000e+02   0.000000e+00   0.000000e+00   0.000000e+00   0.000000e+00   1.966029e-10   0.000000e+00
  7.760000e+02   0.000000e+00   0.000000e+00   0.000000e+00   0.000000e+00   0.000000e+00   0.000000e+00
  7.770000e+02   0.000000e+00   0.000000e+00   0.000000e+00   0.000000e+00   0.000000e+00   0.000000e+00
  7.780000e+02   0.000000e+00   0.000000e+00   0.000000e+00   0.000000e+00   0.000000e+00   0.000000e+00
  7.790000e+02   0.000000e+00   0.000000e+00   0.000000e+00   0.000000e+00   0.000000e+00   0.000000e+00
  7.800000e+02   0.000000e+00   0.000000e+00   0.000000e+00   0.000000e+00   3.932059e-10   0.000000e+00
  7.810000e+02   0.000000e+00   0.000000e+00   0.000000e+00   0.000000e+00   1.966029e-10   0.000000e+00
  7.820000e+02   0.000000e+00   0.000000e+00   0.000000e+00   0.000000e+00   1.966029e-10   0.000000e+00
  7.830000e+02   0.000000e+00   0.000000e+00   0.000000e+00   0.000000e+00   1.966029e-10   0.000000e+00
  7.840000e+02   0.000000e+00   0.000000e+00   0.000000e+00   0.000000e+00   0.000000e+00   0.000000e+00
  7.850000e+02   0.000000e+00   0.000000e+00   0.000000e+00   0.000000e+00   0.000000e+00   0.000000e+00
  7.860000e+02   0.000000e+00   0.000000e+00   0.000000e+00   0.000000e+00   0.000000e+00   0.000000e+00
  7.870000e+02   0.000000e+00   0.000000e+00   0.000000e+00   0.000000e+00   1.966029e-10   0.000000e+00
  7.880000e+02   0.000000e+00   0.000000e+00   0.000000e+00   0.000000e+00   1.966029e-10   0.000000e+00
  7.890000e+02   0.000000e+00   0.000000e+00   0.000000e+00   0.000000e+00   1.966029e-10   0.000000e+00
  7.900000e+02   0.000000e+00   0.000000e+00   0.000000e+00   0.000000e+00   0.000000e+00   0.000000e+00
  7.910000e+02   0.000000e+00   0.000000e+00   0.000000e+00   0.000000e+00   1.966029e-10   0.000000e+00
  7.920000e+02   0.000000e+00   0.000000e+00   0.000000e+00   0.000000e+00   0.000000e+00   0.000000e+00
  7.930000e+02   0.000000e+00   0.000000e+00   0.000000e+00   0.000000e+00   0.000000e+00   0.000000e+00
  7.940000e+02   0.000000e+00   0.000000e+00   0.000000e+00   0.000000e+00   1.966029e-10   0.000000e+00
  7.950000e+02   0.000000e+00   0.000000e+00   0.000000e+00   0.000000e+00   1.966029e-10   0.000000e+00
  7.960000e+02   0.000000e+00   0.000000e+00   0.000000e+00   0.000000e+00   0.000000e+00   0.000000e+00
  7.970000e+02   0.000000e+00   0.000000e+00   0.000000e+00   0.000000e+00   0.000000e+00   0.000000e+00
  7.980000e+02   0.000000e+00   0.000000e+00   0.000000e+00   0.000000e+00   1.966029e-10   0.000000e+00
  7.990000e+02   0.000000e+00   0.000000e+00   0.000000e+00   0.000000e+00   0.000000e+00   0.000000e+00
  8.000000e+02   0.000000e+00   0.000000e+00   0.000000e+00   0.000000e+00   1.966029e-10   0.000000e+00
  8.010000e+02   0.000000e+00   0.000000e+00   0.000000e+00   0.000000e+00   0.000000e+00   0.000000e+00
  8.020000e+02   0.000000e+00   0.000000e+00   0.000000e+00   0.000000e+00   1.966029e-10   0.000000e+00
  8.030000e+02   0.000000e+00   0.000000e+00   0.000000e+00   0.000000e+00   3.932059e-10   0.000000e+00
  8.040000e+02   0.000000e+00   0.000000e+00   0.000000e+00   0.000000e+00   1.966029e-10   0.000000e+00
  8.050000e+02   0.000000e+00   0.000000e+00   0.000000e+00   0.000000e+00   0.000000e+00   0.000000e+00
  8.060000e+02   0.000000e+00   0.000000e+00   0.000000e+00   0.000000e+00   3.932059e-10   0.000000e+00
  8.070000e+02   0.000000e+00   0.000000e+00   0.000000e+00   0.000000e+00   0.000000e+00   0.000000e+00
  8.080000e+02   0.000000e+00   0.000000e+00   0.000000e+00   0.000000e+00   3.932059e-10   0.000000e+00
  8.090000e+02   0.000000e+00   0.000000e+00   0.000000e+00   0.000000e+00   1.966029e-10   0.000000e+00
  8.100000e+02   7.867105e-09   0.000000e+00   1.000000e+00   0.000000e+00   0.000000e+00   0.000000e+00
