#            n        P[xf,n]        P[sf,n]        P[xf|n]        P[sf|n]     P[xf,n|sf]     P[sf,n|xf]  
  0.000000e+00   0.000000e+00   0.000000e+00   0.000000e+00   0.000000e+00   0.000000e+00   0.000000e+00
  1.000000e+00   3.015732e-02   1.846001e-01   3.015515e-02   1.845943e-01   1.209403e-01   2.395815e-01
  2.000000e+00   4.117391e-02   1.279739e-01   4.245123e-02   1.569407e-01   4.748979e-02   1.686981e-01
  3.000000e+00   4.506199e-02   9.343083e-02   4.851983e-02   1.359089e-01   4.540488e-02   1.216633e-01
  4.000000e+00   4.578342e-02   7.197538e-02   5.181065e-02   1.211669e-01   4.315280e-02   8.952669e-02
  5.000000e+00   4.493191e-02   5.788960e-02   5.362564e-02   1.108909e-01   4.087528e-02   6.731112e-02
  6.000000e+00   4.333732e-02   4.809770e-02   5.465354e-02   1.036254e-01   3.865411e-02   5.143834e-02
  7.000000e+00   4.146148e-02   4.099081e-02   5.531105e-02   9.852370e-02   3.651510e-02   3.998202e-02
  8.000000e+00   3.936363e-02   3.551421e-02   5.558725e-02   9.468999e-02   3.447328e-02   3.153559e-02
  9.000000e+00   3.728465e-02   3.117086e-02   5.575069e-02   9.180266e-02   3.254229e-02   2.528028e-02
  1.000000e+01   3.522048e-02   2.765940e-02   5.577386e-02   8.969555e-02   3.070995e-02   2.057451e-02
  1.100000e+01   3.323776e-02   2.470957e-02   5.574332e-02   8.802553e-02   2.898386e-02   1.696755e-02
  1.200000e+01   3.130835e-02   2.221354e-02   5.560744e-02   8.677210e-02   2.735954e-02   1.421419e-02
  1.300000e+01   2.953360e-02   2.005400e-02   5.554416e-02   8.577995e-02   2.582565e-02   1.203363e-02
  1.400000e+01   2.784321e-02   1.816012e-02   5.544488e-02   8.496786e-02   2.437520e-02   1.028901e-02
  1.500000e+01   2.622655e-02   1.647584e-02   5.529142e-02   8.424592e-02   2.302214e-02   8.916019e-03
  1.600000e+01   2.474720e-02   1.499843e-02   5.522635e-02   8.374707e-02   2.174409e-02   7.778302e-03
  1.700000e+01   2.332405e-02   1.368592e-02   5.509323e-02   8.340351e-02   2.053391e-02   6.873210e-03
  1.800000e+01   2.200438e-02   1.247385e-02   5.500678e-02   8.293438e-02   1.940032e-02   6.078491e-03
  1.900000e+01   2.073538e-02   1.141531e-02   5.485196e-02   8.276048e-02   1.832087e-02   5.439337e-03
  2.000000e+01   1.957116e-02   1.044192e-02   5.477708e-02   8.253427e-02   1.731376e-02   4.881192e-03
  2.100000e+01   1.850179e-02   9.541772e-03   5.478522e-02   8.220436e-02   1.636162e-02   4.389826e-03
  2.200000e+01   1.744640e-02   8.758223e-03   5.465463e-02   8.221245e-02   1.546281e-02   3.972983e-03
  2.300000e+01   1.650797e-02   8.011085e-03   5.470486e-02   8.193558e-02   1.461060e-02   3.597238e-03
  2.400000e+01   1.554694e-02   7.343117e-03   5.450188e-02   8.180692e-02   1.381161e-02   3.259885e-03
  2.500000e+01   1.470512e-02   6.727991e-03   5.452258e-02   8.163245e-02   1.305803e-02   2.971497e-03
  2.600000e+01   1.388441e-02   6.175667e-03   5.444854e-02   8.159181e-02   1.234343e-02   2.711938e-03
  2.700000e+01   1.312155e-02   5.672298e-03   5.442025e-02   8.159960e-02   1.166787e-02   2.484034e-03
  2.800000e+01   1.240142e-02   5.189957e-03   5.439394e-02   8.129471e-02   1.103048e-02   2.260500e-03
  2.900000e+01   1.170114e-02   4.762339e-03   5.427492e-02   8.119782e-02   1.042951e-02   2.075892e-03
  3.000000e+01   1.106338e-02   4.374316e-03   5.426196e-02   8.117343e-02   9.860900e-03   1.899512e-03
  3.100000e+01   1.044914e-02   4.009651e-03   5.418997e-02   8.098008e-02   9.325957e-03   1.736233e-03
  3.200000e+01   9.889149e-03   3.675836e-03   5.422442e-02   8.078007e-02   8.821946e-03   1.586772e-03
  3.300000e+01   9.326347e-03   3.379467e-03   5.407058e-02   8.079384e-02   8.337108e-03   1.454086e-03
  3.400000e+01   8.817824e-03   3.102613e-03   5.404476e-02   8.069507e-02   7.889211e-03   1.343155e-03
  3.500000e+01   8.344265e-03   2.851796e-03   5.406444e-02   8.068255e-02   7.460038e-03   1.228489e-03
  3.600000e+01   7.884007e-03   2.613968e-03   5.400211e-02   8.044478e-02   7.059007e-03   1.126335e-03
  3.700000e+01   7.457828e-03   2.401081e-03   5.399921e-02   8.035791e-02   6.676077e-03   1.029597e-03
  3.800000e+01   7.057845e-03   2.207030e-03   5.402033e-02   8.031801e-02   6.316051e-03   9.487097e-04
  3.900000e+01   6.661368e-03   2.030873e-03   5.389745e-02   8.036211e-02   5.972456e-03   8.752319e-04
  4.000000e+01   6.295128e-03   1.864684e-03   5.383601e-02   8.023401e-02   5.650458e-03   8.034042e-04
  4.100000e+01   5.949766e-03   1.712469e-03   5.377784e-02   8.011246e-02   5.346957e-03   7.381229e-04
  4.200000e+01   5.644511e-03   1.577500e-03   5.391852e-02   8.022557e-02   5.059049e-03   6.792124e-04
  4.300000e+01   5.329149e-03   1.444658e-03   5.380745e-02   7.987831e-02   4.784768e-03   6.191103e-04
  4.400000e+01   5.032130e-03   1.329757e-03   5.369801e-02   7.990836e-02   4.525710e-03   5.722844e-04
  4.500000e+01   4.765072e-03   1.218826e-03   5.373382e-02   7.960348e-02   4.284740e-03   5.226474e-04
  4.600000e+01   4.510038e-03   1.122024e-03   5.374604e-02   7.961942e-02   4.054689e-03   4.849346e-04
  4.700000e+01   4.271498e-03   1.030808e-03   5.379485e-02   7.947473e-02   3.835948e-03   4.432343e-04
  4.800000e+01   4.022454e-03   9.474861e-04   5.353870e-02   7.935777e-02   3.629497e-03   4.077979e-04
  4.900000e+01   3.813983e-03   8.746192e-04   5.363572e-02   7.956944e-02   3.434736e-03   3.753253e-04
  5.000000e+01   3.608941e-03   8.042212e-04   5.362888e-02   7.949018e-02   3.249931e-03   3.451214e-04
  5.100000e+01   3.416268e-03   7.385831e-04   5.364274e-02   7.930694e-02   3.077364e-03   3.170794e-04
  5.200000e+01   3.228194e-03   6.778613e-04   5.356305e-02   7.905687e-02   2.909643e-03   2.896790e-04
  5.300000e+01   3.054337e-03   6.235286e-04   5.354665e-02   7.896305e-02   2.755074e-03   2.694208e-04
  5.400000e+01   2.886629e-03   5.745322e-04   5.346979e-02   7.899633e-02   2.608822e-03   2.477342e-04
  5.500000e+01   2.731763e-03   5.279369e-04   5.345980e-02   7.881588e-02   2.466922e-03   2.255359e-04
  5.600000e+01   2.583673e-03   4.873360e-04   5.341760e-02   7.897961e-02   2.336085e-03   2.115721e-04
  5.700000e+01   2.441443e-03   4.469413e-04   5.332575e-02   7.864464e-02   2.211834e-03   1.921390e-04
  5.800000e+01   2.311856e-03   4.126513e-04   5.333991e-02   7.880900e-02   2.094128e-03   1.766628e-04
  5.900000e+01   2.189259e-03   3.789944e-04   5.335762e-02   7.857367e-02   1.982257e-03   1.620803e-04
  6.000000e+01   2.063278e-03   3.483898e-04   5.312174e-02   7.838829e-02   1.876362e-03   1.494610e-04
  6.100000e+01   1.956854e-03   3.199019e-04   5.320838e-02   7.810098e-02   1.777248e-03   1.358257e-04
  6.200000e+01   1.856197e-03   2.967786e-04   5.330811e-02   7.859473e-02   1.682607e-03   1.275147e-04
  6.300000e+01   1.756923e-03   2.728016e-04   5.329843e-02   7.840762e-02   1.591330e-03   1.163162e-04
  6.400000e+01   1.662775e-03   2.512080e-04   5.328233e-02   7.834429e-02   1.509535e-03   1.081350e-04
  6.500000e+01   1.573058e-03   2.308061e-04   5.324457e-02   7.810045e-02   1.427711e-03   9.855593e-05
  6.600000e+01   1.488391e-03   2.111513e-04   5.321220e-02   7.750293e-02   1.351035e-03   9.041296e-05
  6.700000e+01   1.407016e-03   1.941503e-04   5.313033e-02   7.725005e-02   1.278239e-03   8.380539e-05
  6.800000e+01   1.336680e-03   1.815037e-04   5.330677e-02   7.826435e-02   1.211717e-03   7.849641e-05
  6.900000e+01   1.258346e-03   1.673237e-04   5.300873e-02   7.827634e-02   1.146310e-03   7.099510e-05
  7.000000e+01   1.186887e-03   1.536561e-04   5.279729e-02   7.798710e-02   1.085903e-03   6.616737e-05
  7.100000e+01   1.125535e-03   1.407426e-04   5.285908e-02   7.747501e-02   1.028976e-03   6.062924e-05
  7.200000e+01   1.071074e-03   1.296826e-04   5.310878e-02   7.738241e-02   9.744339e-04   5.466332e-05
  7.300000e+01   1.011945e-03   1.195688e-04   5.299132e-02   7.733173e-02   9.222896e-04   5.146266e-05
  7.400000e+01   9.573764e-04   1.109029e-04   5.293924e-02   7.773868e-02   8.744713e-04   4.726896e-05
  7.500000e+01   9.055126e-04   1.017105e-04   5.287038e-02   7.730473e-02   8.273112e-04   4.293011e-05
  7.600000e+01   8.580414e-04   9.403712e-05   5.289543e-02   7.746068e-02   7.829658e-04   4.021833e-05
  7.700000e+01   8.127169e-04   8.477357e-05   5.289957e-02   7.569357e-02   7.422768e-04   3.622324e-05
  7.800000e+01   7.679959e-04   7.957261e-05   5.278088e-02   7.686836e-02   7.030846e-04   3.382465e-05
  7.900000e+01   7.254903e-04   7.232256e-05   5.263814e-02   7.568228e-02   6.662365e-04   3.002052e-05
  8.000000e+01   6.893407e-04   6.730659e-05   5.279457e-02   7.620030e-02   6.309179e-04   2.914970e-05
  8.100000e+01   6.572094e-04   6.257520e-05   5.313929e-02   7.668732e-02   5.974489e-04   2.662889e-05
  8.200000e+01   6.147038e-04   5.741693e-05   5.249197e-02   7.621008e-02   5.658578e-04   2.465044e-05
  8.300000e+01   5.820530e-04   5.347885e-05   5.245757e-02   7.683933e-02   5.358202e-04   2.274838e-05
  8.400000e+01   5.536727e-04   4.917081e-05   5.266252e-02   7.653039e-02   5.078294e-04   2.102964e-05
  8.500000e+01   5.224581e-04   4.539637e-05   5.245634e-02   7.651122e-02   4.815716e-04   1.939494e-05
  8.600000e+01   4.970953e-04   4.216267e-05   5.267316e-02   7.694905e-02   4.561499e-04   1.802759e-05
  8.700000e+01   4.704415e-04   3.808941e-05   5.262070e-02   7.531072e-02   4.318473e-04   1.601858e-05
  8.800000e+01   4.459802e-04   3.558498e-05   5.265546e-02   7.608985e-02   4.096019e-04   1.523943e-05
  8.900000e+01   4.212362e-04   3.289556e-05   5.249849e-02   7.613269e-02   3.877287e-04   1.491860e-05
  9.000000e+01   4.001820e-04   2.984329e-05   5.263830e-02   7.476028e-02   3.677208e-04   1.251237e-05
  9.100000e+01   3.769124e-04   2.840964e-05   5.233230e-02   7.692011e-02   3.477675e-04   1.212279e-05
  9.200000e+01   3.534289e-04   2.584118e-05   5.178170e-02   7.579615e-02   3.299031e-04   1.133599e-05
  9.300000e+01   3.401669e-04   2.377787e-05   5.256051e-02   7.546488e-02   3.133671e-04   1.030475e-05
  9.400000e+01   3.210990e-04   2.190666e-05   5.236686e-02   7.520211e-02   2.967303e-04   9.449208e-06
  9.500000e+01   3.024512e-04   2.006035e-05   5.205178e-02   7.446584e-02   2.810826e-04   8.563106e-06
  9.600000e+01   2.884711e-04   1.873343e-05   5.237222e-02   7.513733e-02   2.661336e-04   7.944362e-06
  9.700000e+01   2.722527e-04   1.742429e-05   5.215968e-02   7.556426e-02   2.516789e-04   7.738115e-06
  9.800000e+01   2.564239e-04   1.623256e-05   5.183066e-02   7.615026e-02   2.388099e-04   6.775625e-06
  9.900000e+01   2.438953e-04   1.484872e-05   5.199319e-02   7.540148e-02   2.267836e-04   6.011744e-06
  1.000000e+02   2.311528e-04   1.314826e-05   5.197951e-02   7.221148e-02   2.149152e-04   5.667997e-06
  1.010000e+02   2.178373e-04   1.292770e-05   5.167146e-02   7.652621e-02   2.036152e-04   5.530498e-06
  1.020000e+02   2.092812e-04   1.141579e-05   5.234687e-02   7.317796e-02   1.937693e-04   5.079809e-06
  1.030000e+02   1.984944e-04   1.059759e-05   5.239142e-02   7.329856e-02   1.832403e-04   4.606202e-06
  1.040000e+02   1.847817e-04   1.039837e-05   5.146865e-02   7.760932e-02   1.736854e-04   4.384677e-06
  1.050000e+02   1.773256e-04   9.028759e-06   5.207205e-02   7.305699e-02   1.645250e-04   4.071486e-06
  1.060000e+02   1.679215e-04   8.402651e-06   5.201926e-02   7.334948e-02   1.558694e-04   3.567324e-06
  1.070000e+02   1.583494e-04   7.648476e-06   5.174652e-02   7.205094e-02   1.484188e-04   3.093718e-06
  1.080000e+02   1.516496e-04   7.267831e-06   5.226175e-02   7.378115e-02   1.407771e-04   3.238855e-06
  1.090000e+02   1.425816e-04   6.951219e-06   5.184675e-02   7.619122e-02   1.328938e-04   3.002052e-06
  1.100000e+02   1.331317e-04   6.243291e-06   5.105781e-02   7.407564e-02   1.268085e-04   2.719416e-06
  1.110000e+02   1.306795e-04   5.528247e-06   5.281406e-02   7.083922e-02   1.196405e-04   2.306921e-06
  1.120000e+02   1.217032e-04   5.247210e-06   5.192888e-02   7.237133e-02   1.135792e-04   2.230533e-06
  1.130000e+02   1.149270e-04   4.927041e-06   5.172355e-02   7.325717e-02   1.076314e-04   2.131228e-06
  1.140000e+02   1.087009e-04   4.478805e-06   5.159005e-02   7.185663e-02   1.020293e-04   1.970813e-06
  1.150000e+02   1.039340e-04   4.204883e-06   5.201106e-02   7.268479e-02   9.681526e-05   1.940258e-06
  1.160000e+02   9.969409e-05   4.030569e-06   5.262649e-02   7.513263e-02   9.180981e-05   1.848592e-06
  1.170000e+02   9.178731e-05   3.770876e-06   5.114420e-02   7.600201e-02   8.675909e-05   1.565956e-06
  1.180000e+02   8.708145e-05   3.361772e-06   5.113769e-02   7.332971e-02   8.228206e-05   1.573595e-06
  1.190000e+02   8.232211e-05   3.034488e-06   5.094843e-02   7.142857e-02   7.791692e-05   1.214571e-06
  1.200000e+02   7.948789e-05   3.009586e-06   5.183554e-02   7.629182e-02   7.440457e-05   1.313875e-06
  1.210000e+02   7.598141e-05   2.742779e-06   5.225798e-02   7.527092e-02   7.056980e-05   1.260404e-06
  1.220000e+02   7.038173e-05   2.166475e-06   5.107579e-02   6.429476e-02   6.681781e-05   8.708243e-07
  1.230000e+02   6.757044e-05   2.205607e-06   5.167528e-02   6.995374e-02   6.347912e-05   1.038878e-06
  1.240000e+02   6.333821e-05   2.152245e-06   5.107843e-02   7.339561e-02   6.000848e-05   9.013796e-07
  1.250000e+02   6.120682e-05   2.006391e-06   5.201652e-02   7.384132e-02   5.717558e-05   8.631855e-07
  1.260000e+02   5.809759e-05   1.792945e-06   5.208369e-02   7.124682e-02   5.409851e-05   7.104093e-07
  1.270000e+02   5.317018e-05   1.792945e-06   5.028538e-02   7.671233e-02   5.128209e-05   8.784632e-07
  1.280000e+02   5.163466e-05   1.618631e-06   5.141879e-02   7.500824e-02   4.857563e-05   7.180481e-07
  1.290000e+02   4.893032e-05   1.479891e-06   5.136698e-02   7.414008e-02   4.630801e-05   6.722153e-07
  1.300000e+02   4.693643e-05   1.401628e-06   5.194234e-02   7.584216e-02   4.394758e-05   6.111048e-07
  1.310000e+02   4.463698e-05   1.255773e-06   5.210405e-02   7.352635e-02   4.153217e-05   5.805496e-07
  1.320000e+02   4.234516e-05   1.117033e-06   5.214585e-02   7.059353e-02   3.941719e-05   5.270779e-07
  1.330000e+02   3.763929e-05   1.063672e-06   4.890080e-02   7.232704e-02   3.747555e-05   5.347167e-07
  1.340000e+02   3.684480e-05   9.462765e-07   5.033028e-02   6.936115e-02   3.550222e-05   3.972181e-07
  1.350000e+02   3.569889e-05   8.075367e-07   5.134939e-02   6.360325e-02   3.378048e-05   3.131912e-07
  1.360000e+02   3.323900e-05   7.897496e-07   5.040021e-02   6.642729e-02   3.224696e-05   3.819405e-07
  1.370000e+02   3.086315e-05   7.328307e-07   4.928151e-02   6.602564e-02   3.031664e-05   3.208300e-07
  1.380000e+02   2.998462e-05   6.972564e-07   5.036054e-02   6.726150e-02   2.898233e-05   3.131912e-07
  1.390000e+02   2.901442e-05   7.114861e-07   5.131531e-02   7.358352e-02   2.743264e-05   3.208300e-07
  1.400000e+02   2.710457e-05   6.759118e-07   5.053051e-02   7.545671e-02   2.606825e-05   2.673584e-07
  1.410000e+02   2.569128e-05   5.798612e-07   5.044475e-02   7.001718e-02   2.469707e-05   2.215255e-07
  1.420000e+02   2.472108e-05   4.873680e-07   5.111841e-02   6.327945e-02   2.343811e-05   2.138867e-07
  1.430000e+02   2.275011e-05   4.695808e-07   4.957797e-02   6.508876e-02   2.222830e-05   2.215255e-07
  1.440000e+02   2.188686e-05   4.980403e-07   5.018480e-02   7.383966e-02   2.120800e-05   2.520807e-07
  1.450000e+02   2.116876e-05   4.482363e-07   5.110283e-02   7.175399e-02   1.992575e-05   1.604150e-07
  1.460000e+02   2.052705e-05   4.019897e-07   5.222242e-02   6.932515e-02   1.901476e-05   1.756926e-07
  1.470000e+02   1.826579e-05   4.019897e-07   4.903006e-02   7.448912e-02   1.801289e-05   1.756926e-07
  1.480000e+02   1.766992e-05   3.877599e-07   4.987709e-02   7.763533e-02   1.716820e-05   1.222210e-07
  1.490000e+02   1.698237e-05   3.557431e-07   5.045393e-02   7.722008e-02   1.631574e-05   2.444419e-07
  1.500000e+02   1.600453e-05   2.917093e-07   5.007529e-02   6.861925e-02   1.555706e-05   1.986091e-07
  1.510000e+02   1.511072e-05   2.881519e-07   4.977102e-02   7.277628e-02   1.466935e-05   1.222210e-07
  1.520000e+02   1.395717e-05   2.596924e-07   4.837941e-02   7.073643e-02   1.399508e-05   9.166572e-08
  1.530000e+02   1.374327e-05   2.596924e-07   5.005983e-02   7.612096e-02   1.324481e-05   8.402691e-08
  1.540000e+02   1.313212e-05   1.707567e-07   5.035444e-02   5.417607e-02   1.267920e-05   7.638810e-08
  1.550000e+02   1.208552e-05   2.632499e-07   4.879854e-02   8.830549e-02   1.202045e-05   9.930453e-08
  1.560000e+02   1.151257e-05   2.454627e-07   4.886986e-02   9.031414e-02   1.144385e-05   9.166572e-08
  1.570000e+02   1.099309e-05   1.245101e-07   4.906239e-02   5.035971e-02   1.094356e-05   6.111048e-08
  1.580000e+02   1.051181e-05   1.992161e-07   4.933491e-02   8.484848e-02   1.031133e-05   6.874929e-08
  1.590000e+02   1.018331e-05   1.351824e-07   5.027343e-02   6.291391e-02   9.871195e-06   8.402691e-08
  1.600000e+02   9.022124e-06   1.849864e-07   4.689858e-02   9.187279e-02   9.419418e-06   5.347167e-08
  1.610000e+02   9.404094e-06   1.494121e-07   5.128953e-02   8.171206e-02   8.773929e-06   5.347167e-08
  1.620000e+02   8.701269e-06   1.173952e-07   5.002196e-02   6.991525e-02   8.483523e-06   6.111048e-08
  1.630000e+02   8.151233e-06   7.114861e-08   4.932735e-02   4.555809e-02   7.953485e-06   3.055524e-08
  1.640000e+02   7.624115e-06   9.605063e-08   4.853141e-02   6.443914e-02   7.715792e-06   4.583286e-08
  1.650000e+02   7.448409e-06   1.031655e-07   4.983134e-02   7.397959e-02   7.319315e-06   4.583286e-08
  1.660000e+02   6.447648e-06   1.209526e-07   4.539831e-02   9.366391e-02   6.906667e-06   4.583286e-08
  1.670000e+02   6.737945e-06   9.249319e-08   4.969854e-02   7.902736e-02   6.598152e-06   5.347167e-08
  1.680000e+02   6.042760e-06   8.893576e-08   4.690465e-02   8.250825e-02   6.289960e-06   3.819405e-08
  1.690000e+02   6.302500e-06   7.826347e-08   5.132831e-02   7.913669e-02   5.964305e-06   7.638810e-09
  1.700000e+02   5.905251e-06   6.047632e-08   5.069517e-02   6.640625e-02   5.679721e-06   1.527762e-08
  1.710000e+02   5.210066e-06   6.403375e-08   4.711572e-02   7.531381e-02   5.383818e-06   3.819405e-08
  1.720000e+02   5.049639e-06   5.691889e-08   4.792286e-02   7.239819e-02   5.112816e-06   1.527762e-08
  1.730000e+02   5.011442e-06   4.624660e-08   4.995431e-02   6.341463e-02   4.857337e-06   3.055524e-08
  1.740000e+02   4.637112e-06   4.980403e-08   4.865341e-02   7.291667e-02   4.611236e-06   1.527762e-08
  1.750000e+02   4.522521e-06   3.557431e-08   4.987783e-02   5.617978e-02   4.428520e-06   2.291643e-08
  1.760000e+02   4.232224e-06   2.490201e-08   4.912654e-02   4.166667e-02   4.191474e-06   7.638810e-09
  1.770000e+02   3.643991e-06   3.557431e-08   4.448382e-02   6.211180e-02   4.068909e-06   3.055524e-08
  1.780000e+02   3.957206e-06   4.268917e-08   5.055631e-02   7.947020e-02   3.772359e-06   1.527762e-08
  1.790000e+02   3.842615e-06   4.624660e-08   5.170641e-02   9.352518e-02   3.604843e-06   3.055524e-08
  1.800000e+02   3.605794e-06   2.845944e-08   5.117086e-02   6.349206e-02   3.455436e-06   7.638810e-09
  1.810000e+02   3.239103e-06   2.490201e-08   4.844607e-02   5.932203e-02   3.230679e-06   7.638810e-09
  1.820000e+02   2.987003e-06   1.778715e-08   4.695005e-02   4.504505e-02   3.071247e-06   0.000000e+00
  1.830000e+02   2.895330e-06   3.201688e-08   4.775104e-02   8.490566e-02   2.961617e-06   1.527762e-08
  1.840000e+02   2.925888e-06   1.067229e-08   5.067478e-02   3.092784e-02   2.822559e-06   7.638810e-09
  1.850000e+02   2.880051e-06   3.557431e-08   5.254355e-02   1.063830e-01   2.640813e-06   0.000000e+00
  1.860000e+02   2.696706e-06   1.067229e-08   5.192704e-02   3.571429e-02   2.532477e-06   0.000000e+00
  1.870000e+02   2.345294e-06   2.134458e-08   4.763382e-02   7.407407e-02   2.392772e-06   7.638810e-09
  1.880000e+02   2.131391e-06   2.134458e-08   4.545455e-02   8.000000e-02   2.274087e-06   7.638810e-09
  1.890000e+02   2.245982e-06   1.067229e-08   5.017921e-02   4.347826e-02   2.157020e-06   0.000000e+00
  1.900000e+02   1.879291e-06   7.114861e-09   4.420485e-02   3.030303e-02   2.044480e-06   7.638810e-09
  1.910000e+02   2.032079e-06   1.778715e-08   5.000940e-02   7.812500e-02   1.942611e-06   0.000000e+00
  1.920000e+02   1.909848e-06   3.557431e-09   4.947556e-02   1.694915e-02   1.878257e-06   0.000000e+00
  1.930000e+02   1.917488e-06   7.114861e-09   5.225900e-02   3.448276e-02   1.768303e-06   7.638810e-09
  1.940000e+02   1.734142e-06   1.422972e-08   4.986819e-02   7.142857e-02   1.652853e-06   7.638810e-09
  1.950000e+02   1.787618e-06   0.000000e+00   5.410405e-02   0.000000e+00   1.592055e-06   0.000000e+00
  1.960000e+02   1.688306e-06   1.422972e-08   5.402102e-02   7.692308e-02   1.546134e-06   7.638810e-09
  1.970000e+02   1.367451e-06   2.134458e-08   4.625323e-02   1.250000e-01   1.447176e-06   0.000000e+00
  1.980000e+02   1.153548e-06   1.067229e-08   4.091032e-02   7.142857e-02   1.366005e-06   7.638810e-09
  1.990000e+02   1.237582e-06   3.557431e-09   4.577564e-02   2.564103e-02   1.320407e-06   0.000000e+00
  2.000000e+02   1.329254e-06   7.114861e-09   5.152502e-02   5.263158e-02   1.225653e-06   7.638810e-09
  2.010000e+02   1.176467e-06   0.000000e+00   4.807993e-02   0.000000e+00   1.211100e-06   0.000000e+00
  2.020000e+02   1.031318e-06   1.067229e-08   4.427681e-02   8.333333e-02   1.129929e-06   7.638810e-09
  2.030000e+02   1.069515e-06   7.114861e-09   4.804393e-02   6.060606e-02   1.057813e-06   1.527762e-08
  2.040000e+02   1.100073e-06   1.067229e-08   5.191060e-02   9.677419e-02   1.010921e-06   0.000000e+00
  2.050000e+02   9.702030e-07   3.557431e-09   4.828897e-02   3.571429e-02   9.714674e-07   7.638810e-09
  2.060000e+02   1.023679e-06   1.067229e-08   5.353576e-02   1.111111e-01   9.268394e-07   7.638810e-09
  2.070000e+02   8.174151e-07   3.557431e-09   4.516674e-02   4.166667e-02   8.637781e-07   0.000000e+00
  2.080000e+02   8.174151e-07   3.557431e-09   4.730327e-02   4.347826e-02   8.576337e-07   7.638810e-09
  2.090000e+02   7.639394e-07   1.067229e-08   4.640371e-02   1.363636e-01   8.007168e-07   0.000000e+00
  2.100000e+02   7.944969e-07   0.000000e+00   5.060827e-02   0.000000e+00   7.923086e-07   0.000000e+00
  2.110000e+02   6.111515e-07   7.114861e-09   4.100461e-02   1.052632e-01   7.082269e-07   7.638810e-09
  2.120000e+02   5.882333e-07   3.557431e-09   4.115446e-02   5.882353e-02   7.027292e-07   0.000000e+00
  2.130000e+02   6.264303e-07   0.000000e+00   4.570792e-02   0.000000e+00   6.833258e-07   0.000000e+00
  2.140000e+02   5.805939e-07   0.000000e+00   4.439252e-02   0.000000e+00   6.474293e-07   0.000000e+00
  2.150000e+02   6.646272e-07   3.557431e-09   5.317848e-02   6.250000e-02   6.180007e-07   0.000000e+00
  2.160000e+02   5.347576e-07   0.000000e+00   4.519045e-02   0.000000e+00   5.804873e-07   0.000000e+00
  2.170000e+02   5.729545e-07   0.000000e+00   5.070994e-02   0.000000e+00   5.491184e-07   0.000000e+00
  2.180000e+02   5.729545e-07   7.114861e-09   5.341880e-02   1.333333e-01   5.174260e-07   0.000000e+00
  2.190000e+02   5.347576e-07   3.557431e-09   5.267118e-02   7.692308e-02   4.837933e-07   7.638810e-09
  2.200000e+02   4.507242e-07   0.000000e+00   4.686259e-02   0.000000e+00   4.608326e-07   0.000000e+00
  2.210000e+02   4.660030e-07   3.557431e-09   5.083333e-02   8.333333e-02   4.611560e-07   7.638810e-09
  2.220000e+02   4.048879e-07   7.114861e-09   4.653205e-02   1.818182e-01   4.501607e-07   0.000000e+00
  2.230000e+02   3.055757e-07   0.000000e+00   3.683241e-02   0.000000e+00   3.968011e-07   0.000000e+00
  2.240000e+02   3.743303e-07   7.114861e-09   4.684512e-02   2.222222e-01   3.757807e-07   0.000000e+00
  2.250000e+02   4.048879e-07   0.000000e+00   5.315948e-02   0.000000e+00   3.744871e-07   0.000000e+00
  2.260000e+02   3.284939e-07   0.000000e+00   4.555085e-02   0.000000e+00   3.434415e-07   0.000000e+00
  2.270000e+02   3.819697e-07   0.000000e+00   5.549390e-02   0.000000e+00   3.395608e-07   0.000000e+00
  2.280000e+02   2.368212e-07   0.000000e+00   3.642773e-02   0.000000e+00   3.101322e-07   0.000000e+00
  2.290000e+02   3.132151e-07   3.557431e-09   5.000000e-02   1.428571e-01   3.014007e-07   0.000000e+00
  2.300000e+02   3.514121e-07   7.114861e-09   5.905006e-02   3.333333e-01   2.868481e-07   7.638810e-09
  2.310000e+02   2.521000e-07   0.000000e+00   4.502046e-02   0.000000e+00   2.645341e-07   0.000000e+00
  2.320000e+02   2.673788e-07   0.000000e+00   5.000000e-02   0.000000e+00   2.577428e-07   0.000000e+00
  2.330000e+02   2.215424e-07   3.557431e-09   4.360902e-02   2.500000e-01   2.470709e-07   0.000000e+00
  2.340000e+02   2.215424e-07   0.000000e+00   4.559748e-02   0.000000e+00   2.257271e-07   0.000000e+00
  2.350000e+02   2.597394e-07   0.000000e+00   5.601318e-02   0.000000e+00   2.396329e-07   0.000000e+00
  2.360000e+02   1.527879e-07   0.000000e+00   3.490401e-02   0.000000e+00   2.056769e-07   0.000000e+00
  2.370000e+02   1.680667e-07   0.000000e+00   3.978300e-02   0.000000e+00   2.060002e-07   0.000000e+00
  2.380000e+02   2.062636e-07   0.000000e+00   5.084746e-02   0.000000e+00   1.982389e-07   0.000000e+00
  2.390000e+02   1.527879e-07   0.000000e+00   3.968254e-02   0.000000e+00   1.888605e-07   0.000000e+00
  2.400000e+02   1.757061e-07   0.000000e+00   4.752066e-02   0.000000e+00   1.765716e-07   0.000000e+00
  2.410000e+02   1.909848e-07   0.000000e+00   5.422993e-02   0.000000e+00   1.801289e-07   0.000000e+00
  2.420000e+02   1.069515e-07   0.000000e+00   3.211009e-02   0.000000e+00   1.684869e-07   0.000000e+00
  2.430000e+02   1.757061e-07   0.000000e+00   5.450237e-02   0.000000e+00   1.610489e-07   0.000000e+00
  2.440000e+02   1.069515e-07   0.000000e+00   3.508772e-02   0.000000e+00   1.481132e-07   0.000000e+00
  2.450000e+02   1.375091e-07   0.000000e+00   4.675325e-02   0.000000e+00   1.364711e-07   0.000000e+00
  2.460000e+02   1.298697e-07   3.557431e-09   4.632153e-02   3.333333e-01   1.338840e-07   0.000000e+00
  2.470000e+02   1.222303e-07   0.000000e+00   4.571429e-02   0.000000e+00   1.322670e-07   0.000000e+00
  2.480000e+02   1.145909e-07   0.000000e+00   4.491018e-02   0.000000e+00   1.251524e-07   0.000000e+00
  2.490000e+02   9.931212e-08   0.000000e+00   4.075235e-02   0.000000e+00   1.138337e-07   0.000000e+00
  2.500000e+02   1.375091e-07   0.000000e+00   5.882353e-02   0.000000e+00   1.063957e-07   0.000000e+00
  2.510000e+02   1.069515e-07   0.000000e+00   4.861111e-02   0.000000e+00   1.093063e-07   0.000000e+00
  2.520000e+02   7.639394e-08   0.000000e+00   3.649635e-02   0.000000e+00   1.044554e-07   0.000000e+00
  2.530000e+02   8.403333e-08   0.000000e+00   4.166667e-02   0.000000e+00   1.002513e-07   0.000000e+00
  2.540000e+02   1.145909e-07   0.000000e+00   5.928854e-02   0.000000e+00   1.008981e-07   0.000000e+00
  2.550000e+02   4.583636e-08   0.000000e+00   2.521008e-02   0.000000e+00   8.634547e-08   0.000000e+00
  2.560000e+02   9.167272e-08   0.000000e+00   5.172414e-02   0.000000e+00   8.925599e-08   0.000000e+00
  2.570000e+02   5.347576e-08   0.000000e+00   3.181818e-02   0.000000e+00   8.634547e-08   0.000000e+00
  2.580000e+02   8.403333e-08   0.000000e+00   5.164319e-02   0.000000e+00   8.343495e-08   0.000000e+00
  2.590000e+02   9.167272e-08   0.000000e+00   5.940594e-02   0.000000e+00   7.114608e-08   0.000000e+00
  2.600000e+02   9.167272e-08   0.000000e+00   6.315789e-02   0.000000e+00   6.629521e-08   0.000000e+00
  2.610000e+02   5.347576e-08   0.000000e+00   3.932584e-02   0.000000e+00   6.403147e-08   0.000000e+00
  2.620000e+02   1.527879e-08   0.000000e+00   1.169591e-02   0.000000e+00   6.532504e-08   0.000000e+00
  2.630000e+02   9.931212e-08   0.000000e+00   7.692308e-02   0.000000e+00   5.950399e-08   0.000000e+00
  2.640000e+02   7.639394e-08   0.000000e+00   6.410256e-02   0.000000e+00   5.788704e-08   0.000000e+00
  2.650000e+02   6.111515e-08   0.000000e+00   5.479452e-02   0.000000e+00   5.853382e-08   0.000000e+00
  2.660000e+02   3.819697e-08   0.000000e+00   3.623188e-02   0.000000e+00   5.400634e-08   0.000000e+00
  2.670000e+02   1.527879e-08   0.000000e+00   1.503759e-02   0.000000e+00   4.689173e-08   0.000000e+00
  2.680000e+02   2.291818e-08   0.000000e+00   2.290076e-02   0.000000e+00   5.465313e-08   0.000000e+00
  2.690000e+02   3.055757e-08   0.000000e+00   3.125000e-02   0.000000e+00   4.527478e-08   0.000000e+00
  2.700000e+02   3.819697e-08   0.000000e+00   4.032258e-02   0.000000e+00   4.624495e-08   0.000000e+00
  2.710000e+02   8.403333e-08   0.000000e+00   9.243697e-02   0.000000e+00   5.174260e-08   0.000000e+00
  2.720000e+02   3.055757e-08   0.000000e+00   3.703704e-02   0.000000e+00   4.689173e-08   0.000000e+00
  2.730000e+02   3.819697e-08   0.000000e+00   4.807692e-02   0.000000e+00   3.621982e-08   0.000000e+00
  2.740000e+02   1.527879e-08   0.000000e+00   2.020202e-02   0.000000e+00   3.816017e-08   0.000000e+00
  2.750000e+02   3.055757e-08   0.000000e+00   4.123711e-02   0.000000e+00   3.945374e-08   0.000000e+00
  2.760000e+02   5.347576e-08   0.000000e+00   7.526882e-02   0.000000e+00   3.233913e-08   0.000000e+00
  2.770000e+02   6.111515e-08   0.000000e+00   9.302326e-02   0.000000e+00   3.136895e-08   0.000000e+00
  2.780000e+02   0.000000e+00   0.000000e+00   0.000000e+00   0.000000e+00   2.716487e-08   0.000000e+00
  2.790000e+02   0.000000e+00   0.000000e+00   0.000000e+00   0.000000e+00   3.298591e-08   0.000000e+00
  2.800000e+02   3.055757e-08   0.000000e+00   5.128205e-02   0.000000e+00   3.169234e-08   0.000000e+00
  2.810000e+02   3.819697e-08   0.000000e+00   6.756757e-02   0.000000e+00   2.619469e-08   0.000000e+00
  2.820000e+02   2.291818e-08   0.000000e+00   4.347826e-02   0.000000e+00   2.651808e-08   0.000000e+00
  2.830000e+02   3.055757e-08   0.000000e+00   6.060606e-02   0.000000e+00   2.199061e-08   0.000000e+00
  2.840000e+02   4.583636e-08   0.000000e+00   9.677419e-02   0.000000e+00   2.393095e-08   0.000000e+00
  2.850000e+02   2.291818e-08   0.000000e+00   5.357143e-02   0.000000e+00   2.619469e-08   0.000000e+00
  2.860000e+02   3.055757e-08   0.000000e+00   7.547170e-02   0.000000e+00   1.940348e-08   0.000000e+00
  2.870000e+02   7.639394e-09   0.000000e+00   2.040816e-02   0.000000e+00   1.519939e-08   0.000000e+00
  2.880000e+02   2.291818e-08   0.000000e+00   6.250000e-02   0.000000e+00   1.649295e-08   0.000000e+00
  2.890000e+02   2.291818e-08   0.000000e+00   6.666667e-02   0.000000e+00   1.455261e-08   0.000000e+00
  2.900000e+02   1.527879e-08   0.000000e+00   4.761905e-02   0.000000e+00   1.940348e-08   0.000000e+00
  2.910000e+02   1.527879e-08   0.000000e+00   5.000000e-02   0.000000e+00   1.552278e-08   0.000000e+00
  2.920000e+02   3.055757e-08   3.557431e-09   1.052632e-01   5.000000e-01   1.131869e-08   0.000000e+00
  2.930000e+02   1.527879e-08   0.000000e+00   5.882353e-02   0.000000e+00   1.390582e-08   0.000000e+00
  2.940000e+02   7.639394e-09   0.000000e+00   3.125000e-02   0.000000e+00   9.701738e-09   0.000000e+00
  2.950000e+02   1.527879e-08   0.000000e+00   6.451613e-02   0.000000e+00   1.390582e-08   0.000000e+00
  2.960000e+02   0.000000e+00   0.000000e+00   0.000000e+00   0.000000e+00   1.099530e-08   0.000000e+00
  2.970000e+02   1.527879e-08   0.000000e+00   6.896552e-02   0.000000e+00   1.099530e-08   0.000000e+00
  2.980000e+02   0.000000e+00   0.000000e+00   0.000000e+00   0.000000e+00   1.034852e-08   0.000000e+00
  2.990000e+02   0.000000e+00   0.000000e+00   0.000000e+00   0.000000e+00   1.099530e-08   0.000000e+00
  3.000000e+02   1.527879e-08   0.000000e+00   7.407407e-02   0.000000e+00   8.408173e-09   0.000000e+00
  3.010000e+02   7.639394e-09   0.000000e+00   4.000000e-02   0.000000e+00   8.084782e-09   0.000000e+00
  3.020000e+02   2.291818e-08   0.000000e+00   1.250000e-01   0.000000e+00   1.067191e-08   0.000000e+00
  3.030000e+02   7.639394e-09   0.000000e+00   4.761905e-02   0.000000e+00   6.467825e-09   0.000000e+00
  3.040000e+02   7.639394e-09   0.000000e+00   5.000000e-02   0.000000e+00   6.144434e-09   0.000000e+00
  3.050000e+02   7.639394e-09   0.000000e+00   5.263158e-02   0.000000e+00   7.437999e-09   0.000000e+00
  3.060000e+02   7.639394e-09   0.000000e+00   5.555556e-02   0.000000e+00   6.467825e-09   0.000000e+00
  3.070000e+02   1.527879e-08   0.000000e+00   1.176471e-01   0.000000e+00   7.761391e-09   0.000000e+00
  3.080000e+02   0.000000e+00   0.000000e+00   0.000000e+00   0.000000e+00   4.850869e-09   0.000000e+00
  3.090000e+02   7.639394e-09   0.000000e+00   6.666667e-02   0.000000e+00   4.527478e-09   0.000000e+00
  3.100000e+02   0.000000e+00   0.000000e+00   0.000000e+00   0.000000e+00   3.557304e-09   0.000000e+00
  3.110000e+02   7.639394e-09   0.000000e+00   7.142857e-02   0.000000e+00   7.761391e-09   0.000000e+00
  3.120000e+02   0.000000e+00   0.000000e+00   0.000000e+00   0.000000e+00   4.850869e-09   0.000000e+00
  3.130000e+02   0.000000e+00   0.000000e+00   0.000000e+00   0.000000e+00   3.880695e-09   0.000000e+00
  3.140000e+02   0.000000e+00   0.000000e+00   0.000000e+00   0.000000e+00   6.144434e-09   0.000000e+00
  3.150000e+02   0.000000e+00   0.000000e+00   0.000000e+00   0.000000e+00   3.233913e-09   0.000000e+00
  3.160000e+02   7.639394e-09   0.000000e+00   7.692308e-02   0.000000e+00   3.557304e-09   0.000000e+00
  3.170000e+02   0.000000e+00   0.000000e+00   0.000000e+00   0.000000e+00   3.557304e-09   0.000000e+00
  3.180000e+02   0.000000e+00   0.000000e+00   0.000000e+00   0.000000e+00   4.850869e-09   0.000000e+00
  3.190000e+02   0.000000e+00   0.000000e+00   0.000000e+00   0.000000e+00   2.910521e-09   0.000000e+00
  3.200000e+02   0.000000e+00   3.557431e-09   0.000000e+00   1.000000e+00   4.527478e-09   0.000000e+00
  3.210000e+02   0.000000e+00   0.000000e+00   0.000000e+00   0.000000e+00   3.880695e-09   0.000000e+00
  3.220000e+02   0.000000e+00   0.000000e+00   0.000000e+00   0.000000e+00   2.587130e-09   0.000000e+00
  3.230000e+02   0.000000e+00   0.000000e+00   0.000000e+00   0.000000e+00   3.233913e-09   0.000000e+00
  3.240000e+02   1.527879e-08   0.000000e+00   1.666667e-01   0.000000e+00   3.880695e-09   0.000000e+00
  3.250000e+02   7.639394e-09   0.000000e+00   1.000000e-01   0.000000e+00   3.233913e-09   0.000000e+00
  3.260000e+02   0.000000e+00   0.000000e+00   0.000000e+00   0.000000e+00   1.940348e-09   0.000000e+00
  3.270000e+02   0.000000e+00   0.000000e+00   0.000000e+00   0.000000e+00   1.616956e-09   0.000000e+00
  3.280000e+02   0.000000e+00   0.000000e+00   0.000000e+00   0.000000e+00   3.557304e-09   0.000000e+00
  3.290000e+02   0.000000e+00   0.000000e+00   0.000000e+00   0.000000e+00   2.263739e-09   0.000000e+00
  3.300000e+02   0.000000e+00   0.000000e+00   0.000000e+00   0.000000e+00   3.880695e-09   0.000000e+00
  3.310000e+02   0.000000e+00   0.000000e+00   0.000000e+00   0.000000e+00   2.587130e-09   0.000000e+00
  3.320000e+02   0.000000e+00   0.000000e+00   0.000000e+00   0.000000e+00   2.910521e-09   0.000000e+00
  3.330000e+02   0.000000e+00   0.000000e+00   0.000000e+00   0.000000e+00   4.204087e-09   0.000000e+00
  3.340000e+02   0.000000e+00   0.000000e+00   0.000000e+00   0.000000e+00   3.233913e-09   0.000000e+00
  3.350000e+02   7.639394e-09   0.000000e+00   1.111111e-01   0.000000e+00   3.233913e-09   0.000000e+00
  3.360000e+02   0.000000e+00   0.000000e+00   0.000000e+00   0.000000e+00   2.263739e-09   0.000000e+00
  3.370000e+02   0.000000e+00   0.000000e+00   0.000000e+00   0.000000e+00   9.701738e-10   0.000000e+00
  3.380000e+02   7.639394e-09   0.000000e+00   1.250000e-01   0.000000e+00   1.940348e-09   0.000000e+00
  3.390000e+02   0.000000e+00   0.000000e+00   0.000000e+00   0.000000e+00   1.940348e-09   0.000000e+00
  3.400000e+02   0.000000e+00   0.000000e+00   0.000000e+00   0.000000e+00   9.701738e-10   0.000000e+00
  3.410000e+02   0.000000e+00   0.000000e+00   0.000000e+00   0.000000e+00   1.616956e-09   0.000000e+00
  3.420000e+02   0.000000e+00   0.000000e+00   0.000000e+00   0.000000e+00   2.263739e-09   0.000000e+00
  3.430000e+02   0.000000e+00   0.000000e+00   0.000000e+00   0.000000e+00   3.233913e-09   0.000000e+00
  3.440000e+02   0.000000e+00   0.000000e+00   0.000000e+00   0.000000e+00   1.616956e-09   0.000000e+00
  3.450000e+02   7.639394e-09   0.000000e+00   1.428571e-01   0.000000e+00   1.940348e-09   0.000000e+00
  3.460000e+02   0.000000e+00   0.000000e+00   0.000000e+00   0.000000e+00   2.910521e-09   0.000000e+00
  3.470000e+02   0.000000e+00   0.000000e+00   0.000000e+00   0.000000e+00   1.293565e-09   0.000000e+00
  3.480000e+02   7.639394e-09   0.000000e+00   1.666667e-01   0.000000e+00   2.263739e-09   0.000000e+00
  3.490000e+02   0.000000e+00   0.000000e+00   0.000000e+00   0.000000e+00   2.910521e-09   0.000000e+00
  3.500000e+02   0.000000e+00   0.000000e+00   0.000000e+00   0.000000e+00   1.616956e-09   0.000000e+00
  3.510000e+02   0.000000e+00   0.000000e+00   0.000000e+00   0.000000e+00   1.293565e-09   0.000000e+00
  3.520000e+02   0.000000e+00   0.000000e+00   0.000000e+00   0.000000e+00   6.467825e-10   0.000000e+00
  3.530000e+02   7.639394e-09   0.000000e+00   2.000000e-01   0.000000e+00   9.701738e-10   0.000000e+00
  3.540000e+02   7.639394e-09   0.000000e+00   2.500000e-01   0.000000e+00   6.467825e-10   0.000000e+00
  3.550000e+02   0.000000e+00   0.000000e+00   0.000000e+00   0.000000e+00   6.467825e-10   0.000000e+00
  3.560000e+02   0.000000e+00   0.000000e+00   0.000000e+00   0.000000e+00   6.467825e-10   0.000000e+00
  3.570000e+02   0.000000e+00   0.000000e+00   0.000000e+00   0.000000e+00   9.701738e-10   0.000000e+00
  3.580000e+02   0.000000e+00   0.000000e+00   0.000000e+00   0.000000e+00   9.701738e-10   0.000000e+00
  3.590000e+02   7.639394e-09   0.000000e+00   3.333333e-01   0.000000e+00   1.293565e-09   0.000000e+00
  3.600000e+02   0.000000e+00   0.000000e+00   0.000000e+00   0.000000e+00   6.467825e-10   0.000000e+00
  3.610000e+02   0.000000e+00   0.000000e+00   0.000000e+00   0.000000e+00   3.233913e-10   0.000000e+00
  3.620000e+02   0.000000e+00   0.000000e+00   0.000000e+00   0.000000e+00   6.467825e-10   0.000000e+00
  3.630000e+02   7.639394e-09   0.000000e+00   5.000000e-01   0.000000e+00   3.233913e-10   0.000000e+00
  3.640000e+02   0.000000e+00   0.000000e+00   0.000000e+00   0.000000e+00   0.000000e+00   0.000000e+00
  3.650000e+02   0.000000e+00   0.000000e+00   0.000000e+00   0.000000e+00   0.000000e+00   0.000000e+00
  3.660000e+02   0.000000e+00   0.000000e+00   0.000000e+00   0.000000e+00   0.000000e+00   0.000000e+00
  3.670000e+02   0.000000e+00   0.000000e+00   0.000000e+00   0.000000e+00   6.467825e-10   0.000000e+00
  3.680000e+02   0.000000e+00   0.000000e+00   0.000000e+00   0.000000e+00   3.233913e-10   0.000000e+00
  3.690000e+02   0.000000e+00   0.000000e+00   0.000000e+00   0.000000e+00   3.233913e-10   0.000000e+00
  3.700000e+02   0.000000e+00   0.000000e+00   0.000000e+00   0.000000e+00   0.000000e+00   0.000000e+00
  3.710000e+02   0.000000e+00   0.000000e+00   0.000000e+00   0.000000e+00   0.000000e+00   0.000000e+00
  3.720000e+02   0.000000e+00   0.000000e+00   0.000000e+00   0.000000e+00   3.233913e-10   0.000000e+00
  3.730000e+02   0.000000e+00   0.000000e+00   0.000000e+00   0.000000e+00   3.233913e-10   0.000000e+00
  3.740000e+02   0.000000e+00   0.000000e+00   0.000000e+00   0.000000e+00   3.233913e-10   0.000000e+00
  3.750000e+02   0.000000e+00   0.000000e+00   0.000000e+00   0.000000e+00   0.000000e+00   0.000000e+00
  3.760000e+02   0.000000e+00   0.000000e+00   0.000000e+00   0.000000e+00   3.233913e-10   0.000000e+00
  3.770000e+02   0.000000e+00   0.000000e+00   0.000000e+00   0.000000e+00   0.000000e+00   0.000000e+00
  3.780000e+02   0.000000e+00   0.000000e+00   0.000000e+00   0.000000e+00   9.701738e-10   0.000000e+00
  3.790000e+02   0.000000e+00   0.000000e+00   0.000000e+00   0.000000e+00   0.000000e+00   0.000000e+00
  3.800000e+02   0.000000e+00   0.000000e+00   0.000000e+00   0.000000e+00   9.701738e-10   0.000000e+00
  3.810000e+02   0.000000e+00   0.000000e+00   0.000000e+00   0.000000e+00   3.233913e-10   0.000000e+00
  3.820000e+02   0.000000e+00   0.000000e+00   0.000000e+00   0.000000e+00   3.233913e-10   0.000000e+00
  3.830000e+02   0.000000e+00   0.000000e+00   0.000000e+00   0.000000e+00   0.000000e+00   0.000000e+00
  3.840000e+02   0.000000e+00   0.000000e+00   0.000000e+00   0.000000e+00   0.000000e+00   0.000000e+00
  3.850000e+02   0.000000e+00   0.000000e+00   0.000000e+00   0.000000e+00   0.000000e+00   0.000000e+00
  3.860000e+02   0.000000e+00   0.000000e+00   0.000000e+00   0.000000e+00   0.000000e+00   0.000000e+00
  3.870000e+02   0.000000e+00   0.000000e+00   0.000000e+00   0.000000e+00   0.000000e+00   0.000000e+00
  3.880000e+02   0.000000e+00   0.000000e+00   0.000000e+00   0.000000e+00   0.000000e+00   0.000000e+00
  3.890000e+02   0.000000e+00   0.000000e+00   0.000000e+00   0.000000e+00   3.233913e-10   0.000000e+00
  3.900000e+02   0.000000e+00   0.000000e+00   0.000000e+00   0.000000e+00   0.000000e+00   0.000000e+00
  3.910000e+02   0.000000e+00   0.000000e+00   0.000000e+00   0.000000e+00   0.000000e+00   0.000000e+00
  3.920000e+02   0.000000e+00   0.000000e+00   0.000000e+00   0.000000e+00   0.000000e+00   0.000000e+00
  3.930000e+02   0.000000e+00   0.000000e+00   0.000000e+00   0.000000e+00   0.000000e+00   0.000000e+00
  3.940000e+02   0.000000e+00   0.000000e+00   0.000000e+00   0.000000e+00   0.000000e+00   0.000000e+00
  3.950000e+02   0.000000e+00   0.000000e+00   0.000000e+00   0.000000e+00   3.233913e-10   0.000000e+00
  3.960000e+02   0.000000e+00   0.000000e+00   0.000000e+00   0.000000e+00   0.000000e+00   0.000000e+00
  3.970000e+02   0.000000e+00   0.000000e+00   0.000000e+00   0.000000e+00   3.233913e-10   0.000000e+00
  3.980000e+02   0.000000e+00   0.000000e+00   0.000000e+00   0.000000e+00   3.233913e-10   0.000000e+00
  3.990000e+02   0.000000e+00   0.000000e+00   0.000000e+00   0.000000e+00   3.233913e-10   0.000000e+00
  4.000000e+02   0.000000e+00   0.000000e+00   0.000000e+00   0.000000e+00   0.000000e+00   0.000000e+00
  4.010000e+02   0.000000e+00   0.000000e+00   0.000000e+00   0.000000e+00   0.000000e+00   0.000000e+00
  4.020000e+02   0.000000e+00   0.000000e+00   0.000000e+00   0.000000e+00   0.000000e+00   0.000000e+00
  4.030000e+02   0.000000e+00   0.000000e+00   0.000000e+00   0.000000e+00   0.000000e+00   0.000000e+00
  4.040000e+02   0.000000e+00   0.000000e+00   0.000000e+00   0.000000e+00   3.233913e-10   0.000000e+00
  4.050000e+02   0.000000e+00   0.000000e+00   0.000000e+00   0.000000e+00   0.000000e+00   0.000000e+00
  4.060000e+02   7.639394e-09   0.000000e+00   1.000000e+00   0.000000e+00   0.000000e+00   0.000000e+00
