#            n        P[xf,n]        P[sf,n]        P[xf|n]        P[sf|n]     P[xf,n|sf]     P[sf,n|xf]  
  0.000000e+00   0.000000e+00   0.000000e+00   0.000000e+00   0.000000e+00   0.000000e+00   0.000000e+00
  1.000000e+00   8.722189e-03   1.070003e-01   8.721503e-03   1.069969e-01   1.036864e-01   1.471158e-01
  2.000000e+00   1.369280e-02   8.857684e-02   1.381222e-02   9.918692e-02   2.282569e-02   1.209206e-01
  3.000000e+00   1.689932e-02   7.341396e-02   1.728548e-02   9.125970e-02   2.247993e-02   1.001609e-01
  4.000000e+00   1.899729e-02   6.135557e-02   1.977322e-02   8.392965e-02   2.207017e-02   8.349651e-02
  5.000000e+00   2.027535e-02   5.188466e-02   2.152922e-02   7.747692e-02   2.161801e-02   7.007594e-02
  6.000000e+00   2.104512e-02   4.452764e-02   2.283833e-02   7.207532e-02   2.113673e-02   5.915982e-02
  7.000000e+00   2.140030e-02   3.866865e-02   2.376660e-02   6.745342e-02   2.063979e-02   5.024241e-02
  8.000000e+00   2.153767e-02   3.400763e-02   2.450153e-02   6.361386e-02   2.013901e-02   4.288696e-02
  9.000000e+00   2.146705e-02   3.023888e-02   2.503463e-02   6.040697e-02   1.963574e-02   3.678719e-02
  1.000000e+01   2.129861e-02   2.715750e-02   2.547603e-02   5.773940e-02   1.913244e-02   3.162066e-02
  1.100000e+01   2.102789e-02   2.457179e-02   2.580979e-02   5.544332e-02   1.863952e-02   2.731107e-02
  1.200000e+01   2.068192e-02   2.241830e-02   2.605775e-02   5.355350e-02   1.815389e-02   2.367817e-02
  1.300000e+01   2.030539e-02   2.058055e-02   2.626787e-02   5.194538e-02   1.767153e-02   2.057449e-02
  1.400000e+01   1.987663e-02   1.898862e-02   2.640692e-02   5.055346e-02   1.720105e-02   1.796243e-02
  1.500000e+01   1.943634e-02   1.760664e-02   2.652241e-02   4.937015e-02   1.674358e-02   1.570652e-02
  1.600000e+01   1.897539e-02   1.639329e-02   2.659893e-02   4.835522e-02   1.629592e-02   1.378775e-02
  1.700000e+01   1.851024e-02   1.531315e-02   2.665597e-02   4.746440e-02   1.585606e-02   1.214607e-02
  1.800000e+01   1.802172e-02   1.434692e-02   2.666325e-02   4.668548e-02   1.542791e-02   1.070765e-02
  1.900000e+01   1.755788e-02   1.348186e-02   2.668867e-02   4.601905e-02   1.501401e-02   9.485025e-03
  2.000000e+01   1.713344e-02   1.269028e-02   2.675768e-02   4.540672e-02   1.460757e-02   8.431042e-03
  2.100000e+01   1.665169e-02   1.197818e-02   2.672034e-02   4.489751e-02   1.421629e-02   7.510475e-03
  2.200000e+01   1.620059e-02   1.132841e-02   2.671024e-02   4.445816e-02   1.383349e-02   6.701649e-03
  2.300000e+01   1.578305e-02   1.072507e-02   2.673601e-02   4.404877e-02   1.346279e-02   6.007046e-03
  2.400000e+01   1.533955e-02   1.016913e-02   2.669858e-02   4.369004e-02   1.309925e-02   5.392832e-03
  2.500000e+01   1.492164e-02   9.653591e-03   2.668368e-02   4.337004e-02   1.274481e-02   4.862974e-03
  2.600000e+01   1.452975e-02   9.177966e-03   2.669527e-02   4.310268e-02   1.240505e-02   4.399497e-03
  2.700000e+01   1.410622e-02   8.744134e-03   2.662801e-02   4.291509e-02   1.207210e-02   4.000185e-03
  2.800000e+01   1.371326e-02   8.325910e-03   2.659444e-02   4.269485e-02   1.174924e-02   3.630547e-03
  2.900000e+01   1.335369e-02   7.911951e-03   2.660471e-02   4.238164e-02   1.143211e-02   3.312880e-03
  3.000000e+01   1.297756e-02   7.561138e-03   2.656206e-02   4.229507e-02   1.112407e-02   3.032154e-03
  3.100000e+01   1.260541e-02   7.203984e-03   2.650441e-02   4.207698e-02   1.082522e-02   2.782691e-03
  3.200000e+01   1.228425e-02   6.878768e-03   2.653243e-02   4.194235e-02   1.054144e-02   2.560339e-03
  3.300000e+01   1.193780e-02   6.575240e-03   2.648694e-02   4.184685e-02   1.025897e-02   2.359921e-03
  3.400000e+01   1.160729e-02   6.277458e-03   2.645436e-02   4.169661e-02   9.984510e-03   2.175428e-03
  3.500000e+01   1.125965e-02   6.000226e-03   2.635941e-02   4.158939e-02   9.719632e-03   2.021836e-03
  3.600000e+01   1.098612e-02   5.741538e-03   2.641543e-02   4.152334e-02   9.460437e-03   1.885679e-03
  3.700000e+01   1.067254e-02   5.488014e-03   2.635773e-02   4.140936e-02   9.211806e-03   1.753085e-03
  3.800000e+01   1.040161e-02   5.248245e-03   2.638411e-02   4.131095e-02   8.963550e-03   1.637063e-03
  3.900000e+01   1.011578e-02   5.026224e-03   2.635448e-02   4.126824e-02   8.731718e-03   1.527620e-03
  4.000000e+01   9.827547e-03   4.810129e-03   2.629664e-02   4.119407e-02   8.499184e-03   1.435209e-03
  4.100000e+01   9.575395e-03   4.596901e-03   2.631395e-02   4.105946e-02   8.275068e-03   1.345128e-03
  4.200000e+01   9.314952e-03   4.406744e-03   2.629009e-02   4.104643e-02   8.053837e-03   1.269795e-03
  4.300000e+01   9.066687e-03   4.221818e-03   2.628036e-02   4.100721e-02   7.841933e-03   1.196689e-03
  4.400000e+01   8.805446e-03   4.044805e-03   2.621206e-02   4.096792e-02   7.632216e-03   1.128025e-03
  4.500000e+01   8.578818e-03   3.872527e-03   2.622490e-02   4.089862e-02   7.433145e-03   1.064377e-03
  4.600000e+01   8.341335e-03   3.714733e-03   2.618570e-02   4.090515e-02   7.237499e-03   1.008955e-03
  4.700000e+01   8.131030e-03   3.561518e-03   2.621193e-02   4.089072e-02   7.047201e-03   9.562414e-04
  4.800000e+01   7.915490e-03   3.407496e-03   2.620401e-02   4.079041e-02   6.863847e-03   9.052699e-04
  4.900000e+01   7.705217e-03   3.272139e-03   2.619435e-02   4.083584e-02   6.682235e-03   8.640073e-04
  5.000000e+01   7.493266e-03   3.129813e-03   2.615909e-02   4.072267e-02   6.506342e-03   8.164629e-04
  5.100000e+01   7.299251e-03   3.000352e-03   2.616632e-02   4.069553e-02   6.335306e-03   7.801273e-04
  5.200000e+01   7.108986e-03   2.876740e-03   2.616905e-02   4.067425e-02   6.169738e-03   7.432433e-04
  5.300000e+01   6.903874e-03   2.757667e-03   2.609699e-02   4.064393e-02   6.008457e-03   7.043354e-04
  5.400000e+01   6.720746e-03   2.643105e-03   2.608556e-02   4.060595e-02   5.849685e-03   6.740395e-04
  5.500000e+01   6.542311e-03   2.532034e-03   2.607318e-02   4.054607e-02   5.699089e-03   6.441711e-04
  5.600000e+01   6.380908e-03   2.426063e-03   2.611079e-02   4.049095e-02   5.548446e-03   6.171895e-04
  5.700000e+01   6.207207e-03   2.329634e-03   2.608104e-02   4.052244e-02   5.402520e-03   5.883452e-04
  5.800000e+01   6.030716e-03   2.234238e-03   2.601811e-02   4.050451e-02   5.260958e-03   5.581381e-04
  5.900000e+01   5.885943e-03   2.138866e-03   2.607191e-02   4.041249e-02   5.122773e-03   5.323258e-04
  6.000000e+01   5.727129e-03   2.048031e-03   2.604760e-02   4.032597e-02   4.990490e-03   5.083359e-04
  6.100000e+01   5.579855e-03   1.970390e-03   2.605654e-02   4.042755e-02   4.860433e-03   4.890633e-04
  6.200000e+01   5.436001e-03   1.888107e-03   2.606396e-02   4.037155e-02   4.732810e-03   4.655250e-04
  6.300000e+01   5.277719e-03   1.807085e-03   2.598231e-02   4.026477e-02   4.609500e-03   4.444945e-04
  6.400000e+01   5.145325e-03   1.735029e-03   2.600627e-02   4.028122e-02   4.491328e-03   4.266493e-04
  6.500000e+01   5.010124e-03   1.667491e-03   2.599911e-02   4.033818e-02   4.373430e-03   4.096749e-04
  6.600000e+01   4.887826e-03   1.595926e-03   2.604157e-02   4.022984e-02   4.258851e-03   3.937408e-04
  6.700000e+01   4.742375e-03   1.531957e-03   2.594227e-02   4.023609e-02   4.146015e-03   3.741537e-04
  6.800000e+01   4.631569e-03   1.470623e-03   2.601096e-02   4.024453e-02   4.038517e-03   3.620338e-04
  6.900000e+01   4.493005e-03   1.409108e-03   2.590669e-02   4.017815e-02   3.935958e-03   3.443740e-04
  7.000000e+01   4.382852e-03   1.351539e-03   2.594370e-02   4.014988e-02   3.832286e-03   3.272061e-04
  7.100000e+01   4.261974e-03   1.296736e-03   2.590019e-02   4.013330e-02   3.731316e-03   3.183681e-04
  7.200000e+01   4.151982e-03   1.244879e-03   2.590270e-02   4.013937e-02   3.636699e-03   3.028291e-04
  7.300000e+01   4.046289e-03   1.195869e-03   2.591463e-02   4.017166e-02   3.538921e-03   2.898867e-04
  7.400000e+01   3.939233e-03   1.144220e-03   2.590023e-02   4.004545e-02   3.449033e-03   2.766942e-04
  7.500000e+01   3.836290e-03   1.099429e-03   2.589411e-02   4.008311e-02   3.360117e-03   2.664612e-04
  7.600000e+01   3.734339e-03   1.055880e-03   2.587604e-02   4.010287e-02   3.276305e-03   2.569056e-04
  7.700000e+01   3.639799e-03   1.010682e-03   2.589095e-02   3.999001e-02   3.186864e-03   2.445196e-04
  7.800000e+01   3.544146e-03   9.691693e-04   2.588065e-02   3.994490e-02   3.106076e-03   2.331979e-04
  7.900000e+01   3.433437e-03   9.330442e-04   2.573837e-02   4.005607e-02   3.024473e-03   2.247148e-04
  8.000000e+01   3.356978e-03   8.926953e-04   2.583008e-02   3.992309e-02   2.948808e-03   2.165219e-04
  8.100000e+01   3.278954e-03   8.546674e-04   2.589876e-02   3.981185e-02   2.868092e-03   2.041681e-04
  8.200000e+01   3.193083e-03   8.224685e-04   2.589109e-02   3.990058e-02   2.796008e-03   1.995073e-04
  8.300000e+01   3.104317e-03   7.901694e-04   2.584043e-02   3.992682e-02   2.722903e-03   1.922014e-04
  8.400000e+01   3.018382e-03   7.580407e-04   2.579163e-02   3.989634e-02   2.653669e-03   1.830812e-04
  8.500000e+01   2.953754e-03   7.291193e-04   2.590762e-02   3.996885e-02   2.584576e-03   1.749932e-04
  8.600000e+01   2.863036e-03   6.954590e-04   2.577989e-02   3.971097e-02   2.517807e-03   1.670423e-04
  8.700000e+01   2.787416e-03   6.689388e-04   2.576319e-02   3.977629e-02   2.452348e-03   1.625426e-04
  8.800000e+01   2.715134e-03   6.400307e-04   2.575879e-02   3.963399e-02   2.388794e-03   1.549788e-04
  8.900000e+01   2.650787e-03   6.176273e-04   2.581331e-02   3.982517e-02   2.327935e-03   1.492212e-04
  9.000000e+01   2.579021e-03   5.903680e-04   2.577995e-02   3.964646e-02   2.267980e-03   1.408106e-04
  9.100000e+01   2.510465e-03   5.671452e-04   2.575878e-02   3.965940e-02   2.209121e-03   1.357385e-04
  9.200000e+01   2.436143e-03   5.459792e-04   2.565713e-02   3.975605e-02   2.150942e-03   1.319243e-04
  9.300000e+01   2.384022e-03   5.244820e-04   2.576943e-02   3.977192e-02   2.096207e-03   1.262151e-04
  9.400000e+01   2.322869e-03   5.033662e-04   2.577263e-02   3.975178e-02   2.042683e-03   1.229170e-04
  9.500000e+01   2.265144e-03   4.808591e-04   2.579705e-02   3.954647e-02   1.988992e-03   1.171272e-04
  9.600000e+01   2.197628e-03   4.645858e-04   2.569093e-02   3.978140e-02   1.937140e-03   1.143935e-04
  9.700000e+01   2.147176e-03   4.437475e-04   2.576307e-02   3.957137e-02   1.888179e-03   1.067571e-04
  9.800000e+01   2.087265e-03   4.270728e-04   2.570657e-02   3.965364e-02   1.839534e-03   1.032493e-04
  9.900000e+01   2.040580e-03   4.086391e-04   2.579475e-02   3.950882e-02   1.793016e-03   9.912868e-05
  1.000000e+02   1.975508e-03   3.914628e-04   2.563346e-02   3.940510e-02   1.746182e-03   9.555640e-05
  1.010000e+02   1.925806e-03   3.750457e-04   2.564601e-02   3.930129e-02   1.701526e-03   9.100034e-05
  1.020000e+02   1.880476e-03   3.621467e-04   2.570153e-02   3.950218e-02   1.658729e-03   8.729098e-05
  1.030000e+02   1.832895e-03   3.460908e-04   2.571210e-02   3.930346e-02   1.615326e-03   8.311391e-05
  1.040000e+02   1.786662e-03   3.331718e-04   2.572502e-02   3.938431e-02   1.573343e-03   8.172693e-05
  1.050000e+02   1.743702e-03   3.208213e-04   2.576945e-02   3.947930e-02   1.533141e-03   7.695314e-05
  1.060000e+02   1.695404e-03   3.083739e-04   2.571848e-02   3.950733e-02   1.494227e-03   7.536457e-05
  1.070000e+02   1.644001e-03   2.956388e-04   2.559708e-02   3.943377e-02   1.455411e-03   7.227612e-05
  1.080000e+02   1.605501e-03   2.823386e-04   2.565435e-02   3.920582e-02   1.418351e-03   6.796197e-05
  1.090000e+02   1.569155e-03   2.708877e-04   2.573382e-02   3.915077e-02   1.382402e-03   6.612342e-05
  1.100000e+02   1.523042e-03   2.607946e-04   2.563737e-02   3.922788e-02   1.345622e-03   6.221246e-05
  1.110000e+02   1.480453e-03   2.508387e-04   2.557625e-02   3.927095e-02   1.311595e-03   5.930142e-05
  1.120000e+02   1.445268e-03   2.419328e-04   2.562380e-02   3.942500e-02   1.279179e-03   5.817248e-05
  1.130000e+02   1.411454e-03   2.296593e-04   2.568241e-02   3.896096e-02   1.245564e-03   5.679356e-05
  1.140000e+02   1.372599e-03   2.222650e-04   2.563380e-02   3.923533e-02   1.214731e-03   5.293905e-05
  1.150000e+02   1.335680e-03   2.134628e-04   2.560063e-02   3.922040e-02   1.182546e-03   5.065699e-05
  1.160000e+02   1.300970e-03   2.043597e-04   2.559054e-02   3.908077e-02   1.153269e-03   4.870554e-05
  1.170000e+02   1.269204e-03   1.974470e-04   2.562142e-02   3.929454e-02   1.123957e-03   4.744758e-05
  1.180000e+02   1.238438e-03   1.897953e-04   2.565776e-02   3.931670e-02   1.094577e-03   4.507682e-05
  1.190000e+02   1.203196e-03   1.818258e-04   2.558411e-02   3.920741e-02   1.066332e-03   4.415754e-05
  1.200000e+02   1.171834e-03   1.744651e-04   2.557151e-02   3.915552e-02   1.039046e-03   4.194805e-05
  1.210000e+02   1.141221e-03   1.673350e-04   2.555706e-02   3.908586e-02   1.012398e-03   4.035948e-05
  1.220000e+02   1.113737e-03   1.599107e-04   2.559577e-02   3.887110e-02   9.861448e-04   3.777905e-05
  1.230000e+02   1.083149e-03   1.562554e-04   2.554673e-02   3.951880e-02   9.619648e-04   3.803709e-05
  1.240000e+02   1.058568e-03   1.476171e-04   2.562159e-02   3.887031e-02   9.378049e-04   3.583567e-05
  1.250000e+02   1.025996e-03   1.429384e-04   2.548626e-02   3.916066e-02   9.128841e-04   3.456158e-05
  1.260000e+02   1.007092e-03   1.364839e-04   2.567101e-02   3.891636e-02   8.887020e-04   3.257788e-05
  1.270000e+02   9.784474e-04   1.324841e-04   2.559800e-02   3.930551e-02   8.666818e-04   3.174730e-05
  1.280000e+02   9.481814e-04   1.261266e-04   2.545791e-02   3.895044e-02   8.435899e-04   3.011035e-05
  1.290000e+02   9.241009e-04   1.221971e-04   2.545957e-02   3.926641e-02   8.237240e-04   2.957007e-05
  1.300000e+02   9.022784e-04   1.168161e-04   2.550781e-02   3.907163e-02   8.017366e-04   2.771539e-05
  1.310000e+02   8.759156e-04   1.118365e-04   2.541072e-02   3.892716e-02   7.812097e-04   2.705415e-05
  1.320000e+02   8.539641e-04   1.069672e-04   2.541991e-02   3.874040e-02   7.615985e-04   2.556235e-05
  1.330000e+02   8.347948e-04   1.031714e-04   2.549749e-02   3.887168e-02   7.427237e-04   2.511883e-05
  1.340000e+02   8.181255e-04   9.934221e-05   2.564226e-02   3.894272e-02   7.229000e-04   2.394958e-05
  1.350000e+02   7.926982e-04   9.472709e-05   2.549918e-02   3.863835e-02   7.053397e-04   2.298192e-05
  1.360000e+02   7.724644e-04   9.116876e-05   2.549855e-02   3.868175e-02   6.874380e-04   2.112724e-05
  1.370000e+02   7.485694e-04   8.704525e-05   2.535642e-02   3.841851e-02   6.692408e-04   2.124820e-05
  1.380000e+02   7.331743e-04   8.422266e-05   2.548112e-02   3.865796e-02   6.522599e-04   2.007088e-05
  1.390000e+02   7.141018e-04   8.120277e-05   2.546725e-02   3.877063e-02   6.357558e-04   1.955479e-05
  1.400000e+02   7.000373e-04   7.842700e-05   2.561813e-02   3.895586e-02   6.193240e-04   1.950641e-05
  1.410000e+02   6.778842e-04   7.460782e-05   2.545972e-02   3.856106e-02   6.033975e-04   1.781300e-05
  1.420000e+02   6.573036e-04   7.246747e-05   2.533178e-02   3.895712e-02   5.879553e-04   1.772430e-05
  1.430000e+02   6.457472e-04   6.892252e-05   2.553325e-02   3.855335e-02   5.724611e-04   1.684534e-05
  1.440000e+02   6.277393e-04   6.692933e-05   2.547165e-02   3.893974e-02   5.583991e-04   1.629700e-05
  1.450000e+02   6.113200e-04   6.376228e-05   2.545381e-02   3.860022e-02   5.438410e-04   1.573254e-05
  1.460000e+02   5.916910e-04   6.144469e-05   2.528000e-02   3.869067e-02   5.310985e-04   1.432136e-05
  1.470000e+02   5.800298e-04   5.888296e-05   2.542455e-02   3.857006e-02   5.171809e-04   1.403913e-05
  1.480000e+02   5.625782e-04   5.727770e-05   2.530297e-02   3.902380e-02   5.040814e-04   1.370045e-05
  1.490000e+02   5.536751e-04   5.373609e-05   2.554907e-02   3.809777e-02   4.917779e-04   1.262796e-05
  1.500000e+02   5.376751e-04   5.195358e-05   2.546139e-02   3.829288e-02   4.781382e-04   1.294245e-05
  1.510000e+02   5.207639e-04   5.065934e-05   2.530491e-02   3.882569e-02   4.666445e-04   1.207156e-05
  1.520000e+02   5.078365e-04   4.887349e-05   2.531745e-02   3.897004e-02   4.546970e-04   1.178126e-05
  1.530000e+02   4.967076e-04   4.652914e-05   2.540590e-02   3.860519e-02   4.431775e-04   1.141032e-05
  1.540000e+02   4.849818e-04   4.422492e-05   2.545281e-02   3.816682e-02   4.323302e-04   1.048298e-05
  1.550000e+02   4.682803e-04   4.323167e-05   2.521819e-02   3.879012e-02   4.217744e-04   1.039428e-05
  1.560000e+02   4.572480e-04   4.094417e-05   2.526116e-02   3.822020e-02   4.104003e-04   1.014430e-05
  1.570000e+02   4.452642e-04   3.905130e-05   2.523666e-02   3.790188e-02   3.998394e-04   9.289534e-06
  1.580000e+02   4.353852e-04   3.846271e-05   2.531568e-02   3.880125e-02   3.903081e-04   9.160512e-06
  1.590000e+02   4.241030e-04   3.636584e-05   2.530023e-02   3.816684e-02   3.798779e-04   8.378321e-06
  1.600000e+02   4.104902e-04   3.497461e-05   2.512379e-02   3.816343e-02   3.704370e-04   8.467023e-06
  1.610000e+02   4.044660e-04   3.371381e-05   2.539312e-02   3.824747e-02   3.614059e-04   7.983193e-06
  1.620000e+02   3.912806e-04   3.232259e-05   2.520543e-02   3.812744e-02   3.521580e-04   7.628385e-06
  1.630000e+02   3.824419e-04   3.100828e-05   2.527313e-02   3.802696e-02   3.430746e-04   7.450980e-06
  1.640000e+02   3.741113e-04   2.994145e-05   2.536366e-02   3.817048e-02   3.345114e-04   7.563874e-06
  1.650000e+02   3.643210e-04   2.856026e-05   2.534270e-02   3.785461e-02   3.256712e-04   6.483320e-06
  1.660000e+02   3.519985e-04   2.762386e-05   2.512224e-02   3.805434e-02   3.177267e-04   6.483320e-06
  1.670000e+02   3.442405e-04   2.646339e-05   2.520171e-02   3.789787e-02   3.095209e-04   6.660725e-06
  1.680000e+02   3.370469e-04   2.551695e-05   2.531304e-02   3.798193e-02   3.023203e-04   6.370427e-06
  1.690000e+02   3.278857e-04   2.404546e-05   2.526456e-02   3.720473e-02   2.941079e-04   6.007554e-06
  1.700000e+02   3.187728e-04   2.347024e-05   2.519908e-02   3.771800e-02   2.866443e-04   5.959171e-06
  1.710000e+02   3.101358e-04   2.263417e-05   2.515017e-02   3.780013e-02   2.789335e-04   5.297937e-06
  1.720000e+02   2.999907e-04   2.198203e-05   2.495512e-02   3.815323e-02   2.725532e-04   5.435022e-06
  1.730000e+02   2.965471e-04   2.044366e-05   2.530010e-02   3.689064e-02   2.661989e-04   4.781852e-06
  1.740000e+02   2.884665e-04   2.022963e-05   2.524953e-02   3.790266e-02   2.595409e-04   5.104405e-06
  1.750000e+02   2.776359e-04   1.940359e-05   2.493108e-02   3.778721e-02   2.523148e-04   4.677022e-06
  1.760000e+02   2.720230e-04   1.858758e-05   2.505164e-02   3.761963e-02   2.463570e-04   4.588320e-06
  1.770000e+02   2.658295e-04   1.773144e-05   2.511032e-02   3.728971e-02   2.396935e-04   4.048043e-06
  1.780000e+02   2.589263e-04   1.701910e-05   2.508826e-02   3.717801e-02   2.341775e-04   4.136746e-06
  1.790000e+02   2.542650e-04   1.644389e-05   2.527065e-02   3.730851e-02   2.281415e-04   4.322214e-06
  1.800000e+02   2.466764e-04   1.592552e-05   2.515208e-02   3.753271e-02   2.221187e-04   3.999660e-06
  1.810000e+02   2.409022e-04   1.520984e-05   2.519721e-02   3.724419e-02   2.169814e-04   3.435192e-06
  1.820000e+02   2.350554e-04   1.494564e-05   2.522119e-02   3.801334e-02   2.114273e-04   3.652916e-06
  1.830000e+02   2.277732e-04   1.416308e-05   2.507221e-02   3.744639e-02   2.060727e-04   3.765809e-06
  1.840000e+02   2.246442e-04   1.343068e-05   2.536383e-02   3.689176e-02   2.009941e-04   3.265852e-06
  1.850000e+02   2.183539e-04   1.292235e-05   2.529522e-02   3.685511e-02   1.959897e-04   2.870724e-06
  1.860000e+02   2.120072e-04   1.277854e-05   2.519742e-02   3.783955e-02   1.908667e-04   3.040064e-06
  1.870000e+02   2.046927e-04   1.176188e-05   2.495693e-02   3.619877e-02   1.862955e-04   2.951362e-06
  1.880000e+02   2.013540e-04   1.197591e-05   2.517837e-02   3.824180e-02   1.814756e-04   2.725575e-06
  1.890000e+02   1.965959e-04   1.108633e-05   2.521840e-02   3.680879e-02   1.765475e-04   2.588490e-06
  1.900000e+02   1.912089e-04   1.073518e-05   2.516200e-02   3.700501e-02   1.727917e-04   2.661064e-06
  1.910000e+02   1.843379e-04   1.049773e-05   2.488401e-02   3.757706e-02   1.680083e-04   2.580426e-06
  1.920000e+02   1.813137e-04   9.942582e-06   2.510037e-02   3.697945e-02   1.639406e-04   2.556235e-06
  1.930000e+02   1.769589e-04   9.805466e-06   2.512829e-02   3.786988e-02   1.593618e-04   2.572362e-06
  1.940000e+02   1.732412e-04   9.333920e-06   2.523450e-02   3.746761e-02   1.558628e-04   2.024022e-06
  1.950000e+02   1.682009e-04   8.852342e-06   2.513470e-02   3.691771e-02   1.521131e-04   1.975639e-06
  1.960000e+02   1.633541e-04   8.574766e-06   2.503987e-02   3.713090e-02   1.481545e-04   2.048213e-06
  1.970000e+02   1.573864e-04   8.310567e-06   2.474474e-02   3.737460e-02   1.447936e-04   1.935320e-06
  1.980000e+02   1.535155e-04   7.798890e-06   2.474853e-02   3.643522e-02   1.404261e-04   1.685341e-06
  1.990000e+02   1.519268e-04   7.685184e-06   2.511398e-02   3.726285e-02   1.368025e-04   1.733724e-06
  2.000000e+02   1.478139e-04   7.471149e-06   2.506359e-02   3.762780e-02   1.340463e-04   1.814362e-06
  2.010000e+02   1.453542e-04   7.230360e-06   2.528017e-02   3.783888e-02   1.308207e-04   1.765979e-06
  2.020000e+02   1.409913e-04   6.615011e-06   2.515742e-02   3.597999e-02   1.272166e-04   1.661149e-06
  2.030000e+02   1.355236e-04   6.514682e-06   2.480597e-02   3.675749e-02   1.240746e-04   1.604702e-06
  2.040000e+02   1.327333e-04   6.534748e-06   2.491331e-02   3.827770e-02   1.213022e-04   1.475681e-06
  2.050000e+02   1.297817e-04   6.156842e-06   2.498180e-02   3.750025e-02   1.179614e-04   1.459553e-06
  2.060000e+02   1.277253e-04   5.969562e-06   2.521589e-02   3.777618e-02   1.149088e-04   1.540192e-06
  2.070000e+02   1.232817e-04   5.772249e-06   2.496823e-02   3.796160e-02   1.117300e-04   1.451490e-06
  2.080000e+02   1.196447e-04   5.457885e-06   2.485221e-02   3.731053e-02   1.091534e-04   1.241830e-06
  2.090000e+02   1.172334e-04   5.427787e-06   2.497200e-02   3.854283e-02   1.066058e-04   1.128936e-06
  2.100000e+02   1.134753e-04   4.969619e-06   2.479065e-02   3.670405e-02   1.042518e-04   1.193447e-06
  2.110000e+02   1.125479e-04   4.899389e-06   2.521309e-02   3.756410e-02   1.011706e-04   1.249894e-06
  2.120000e+02   1.077334e-04   4.762273e-06   2.475883e-02   3.793792e-02   9.880625e-05   1.096681e-06
  2.130000e+02   1.035157e-04   4.484696e-06   2.439349e-02   3.713550e-02   9.635770e-05   1.233766e-06
  2.140000e+02   1.040721e-04   4.421155e-06   2.513786e-02   3.802128e-02   9.394746e-05   9.837874e-07
  2.150000e+02   1.006286e-04   4.019840e-06   2.493296e-02   3.593638e-02   9.163329e-05   7.580002e-07
  2.160000e+02   9.790281e-05   3.976364e-06   2.487797e-02   3.687279e-02   8.953132e-05   1.072490e-06
  2.170000e+02   9.695120e-05   4.019840e-06   2.526474e-02   3.870303e-02   8.714570e-05   9.354044e-07
  2.180000e+02   9.328186e-05   3.819182e-06   2.493861e-02   3.825283e-02   8.494310e-05   8.789576e-07
  2.190000e+02   9.124961e-05   3.528229e-06   2.501924e-02   3.674422e-02   8.278671e-05   8.144470e-07
  2.200000e+02   8.839478e-05   3.651967e-06   2.485848e-02   3.948368e-02   8.086654e-05   9.273406e-07
  2.210000e+02   8.597544e-05   3.327571e-06   2.479446e-02   3.745530e-02   7.891719e-05   7.902555e-07
  2.220000e+02   8.390287e-05   2.892813e-06   2.481195e-02   3.382871e-02   7.693166e-05   6.854257e-07
  2.230000e+02   8.189481e-05   2.892813e-06   2.483438e-02   3.501457e-02   7.491725e-05   7.015533e-07
  2.240000e+02   7.850773e-05   2.973076e-06   2.441367e-02   3.729183e-02   7.296729e-05   7.580002e-07
  2.250000e+02   7.802386e-05   2.621925e-06   2.487044e-02   3.416122e-02   7.111339e-05   6.370427e-07
  2.260000e+02   7.671741e-05   2.949666e-06   2.507770e-02   3.979067e-02   6.973833e-05   7.257448e-07
  2.270000e+02   7.444323e-05   2.595171e-06   2.496032e-02   3.645931e-02   6.767588e-05   5.160852e-07
  2.280000e+02   7.097550e-05   2.578450e-06   2.440688e-02   3.759508e-02   6.601777e-05   6.370427e-07
  2.290000e+02   6.991099e-05   2.628614e-06   2.464233e-02   3.982368e-02   6.459680e-05   6.128512e-07
  2.300000e+02   6.838681e-05   2.304218e-06   2.471410e-02   3.635692e-02   6.282803e-05   4.999575e-07
  2.310000e+02   6.642714e-05   2.290840e-06   2.461429e-02   3.750958e-02   6.120033e-05   4.273831e-07
  2.320000e+02   6.542714e-05   2.200544e-06   2.485562e-02   3.743528e-02   5.992103e-05   6.047874e-07
  2.330000e+02   6.264489e-05   2.103560e-06   2.440542e-02   3.717714e-02   5.835109e-05   4.838299e-07
  2.340000e+02   6.169329e-05   2.023297e-06   2.463601e-02   3.713935e-02   5.679817e-05   4.838299e-07
  2.350000e+02   6.129813e-05   1.882837e-06   2.509658e-02   3.589417e-02   5.545199e-05   4.273831e-07
  2.360000e+02   6.026587e-05   1.849394e-06   2.530912e-02   3.656924e-02   5.423136e-05   4.193192e-07
  2.370000e+02   5.737072e-05   1.822639e-06   2.471890e-02   3.740820e-02   5.269425e-05   4.677022e-07
  2.380000e+02   5.628202e-05   1.809262e-06   2.486453e-02   3.857673e-02   5.154325e-05   4.354469e-07
  2.390000e+02   5.387074e-05   1.658769e-06   2.440611e-02   3.678707e-02   5.040349e-05   3.790001e-07
  2.400000e+02   5.435461e-05   1.662113e-06   2.524146e-02   3.826904e-02   4.888523e-05   4.435107e-07
  2.410000e+02   5.206429e-05   1.417980e-06   2.480406e-02   3.394716e-02   4.807594e-05   3.306171e-07
  2.420000e+02   5.207236e-05   1.538375e-06   2.543899e-02   3.812365e-02   4.631903e-05   3.628724e-07
  2.430000e+02   5.012882e-05   1.494899e-06   2.512876e-02   3.851456e-02   4.542796e-05   5.241490e-07
  2.440000e+02   4.781431e-05   1.451423e-06   2.458636e-02   3.889237e-02   4.431191e-05   3.951277e-07
  2.450000e+02   4.784657e-05   1.294241e-06   2.522330e-02   3.608392e-02   4.321867e-05   3.064256e-07
  2.460000e+02   4.546755e-05   1.260798e-06   2.458938e-02   3.646740e-02   4.211996e-05   3.628724e-07
  2.470000e+02   4.500787e-05   1.190568e-06   2.495462e-02   3.573938e-02   4.097533e-05   3.790001e-07
  2.480000e+02   4.408852e-05   1.063485e-06   2.507062e-02   3.310776e-02   4.009581e-05   2.338511e-07
  2.490000e+02   4.197563e-05   1.123682e-06   2.448317e-02   3.617961e-02   3.890316e-05   3.144894e-07
  2.500000e+02   4.124176e-05   9.564677e-07   2.465897e-02   3.195174e-02   3.795311e-05   2.580426e-07
  2.510000e+02   3.993531e-05   1.036731e-06   2.448176e-02   3.577611e-02   3.714199e-05   2.257873e-07
  2.520000e+02   3.789500e-05   9.029590e-07   2.381399e-02   3.231598e-02   3.626034e-05   2.015958e-07
  2.530000e+02   3.851596e-05   9.932549e-07   2.479468e-02   3.673469e-02   3.525587e-05   2.661064e-07
  2.540000e+02   3.787081e-05   9.430905e-07   2.499920e-02   3.620955e-02   3.449492e-05   2.580426e-07
  2.550000e+02   3.605630e-05   8.862375e-07   2.441168e-02   3.530509e-02   3.365097e-05   2.822341e-07
  2.560000e+02   3.354824e-05   7.725316e-07   2.328197e-02   3.190167e-02   3.277175e-05   1.370851e-07
  2.570000e+02   3.445953e-05   8.895818e-07   2.448444e-02   3.794579e-02   3.193784e-05   2.177234e-07
  2.580000e+02   3.433856e-05   7.792202e-07   2.501101e-02   3.454923e-02   3.131704e-05   2.177234e-07
  2.590000e+02   3.261276e-05   7.223672e-07   2.436335e-02   3.317463e-02   3.057524e-05   1.854681e-07
  2.600000e+02   3.229825e-05   7.691873e-07   2.473108e-02   3.653693e-02   2.984256e-05   2.419149e-07
  2.610000e+02   3.208051e-05   7.691873e-07   2.518726e-02   3.792251e-02   2.885481e-05   1.693405e-07
  2.620000e+02   3.172567e-05   6.722028e-07   2.555226e-02   3.444730e-02   2.821364e-05   1.290213e-07
  2.630000e+02   2.995149e-05   5.986284e-07   2.475604e-02   3.177139e-02   2.753507e-05   1.612766e-07
  2.640000e+02   2.933858e-05   6.120055e-07   2.486518e-02   3.354720e-02   2.689998e-05   1.451490e-07
  2.650000e+02   2.794343e-05   6.354156e-07   2.428665e-02   3.603945e-02   2.609160e-05   1.693405e-07
  2.660000e+02   2.862891e-05   6.287270e-07   2.550177e-02   3.699331e-02   2.559636e-05   1.612766e-07
  2.670000e+02   2.704021e-05   5.484640e-07   2.471693e-02   3.351042e-02   2.497465e-05   1.209575e-07
  2.680000e+02   2.639505e-05   5.919398e-07   2.473867e-02   3.742072e-02   2.423649e-05   8.870215e-08
  2.690000e+02   2.534667e-05   5.283982e-07   2.435868e-02   3.470239e-02   2.366585e-05   1.774043e-07
  2.700000e+02   2.552408e-05   5.852512e-07   2.514160e-02   3.981797e-02   2.330499e-05   1.209575e-07
  2.710000e+02   2.334667e-05   5.016439e-07   2.358990e-02   3.554502e-02   2.256592e-05   1.048298e-07
  2.720000e+02   2.383054e-05   4.615124e-07   2.466055e-02   3.390663e-02   2.193904e-05   9.676598e-08
  2.730000e+02   2.299990e-05   5.451197e-07   2.440277e-02   4.145473e-02   2.143620e-05   1.209575e-07
  2.740000e+02   2.241926e-05   4.180366e-07   2.438169e-02   3.316530e-02   2.104280e-05   8.063831e-08
  2.750000e+02   2.197571e-05   3.745608e-07   2.449680e-02   3.073546e-02   2.046821e-05   8.870215e-08
  2.760000e+02   2.066927e-05   4.080037e-07   2.361907e-02   3.454134e-02   1.990760e-05   9.676598e-08
  2.770000e+02   2.057249e-05   3.745608e-07   2.407717e-02   3.284457e-02   1.948776e-05   7.257448e-08
  2.780000e+02   2.046765e-05   3.411178e-07   2.454545e-02   3.092784e-02   1.892989e-05   8.063831e-08
  2.790000e+02   2.005637e-05   3.979708e-07   2.465745e-02   3.723404e-02   1.868455e-05   1.532128e-07
  2.800000e+02   1.987895e-05   3.344293e-07   2.505718e-02   3.249919e-02   1.809323e-05   8.870215e-08
  2.810000e+02   1.846766e-05   3.478064e-07   2.387655e-02   3.493450e-02   1.777675e-05   1.048298e-07
  2.820000e+02   1.880637e-05   3.310850e-07   2.490921e-02   3.445875e-02   1.733654e-05   4.031916e-08
  2.830000e+02   1.813702e-05   2.976420e-07   2.463659e-02   3.208363e-02   1.680208e-05   1.048298e-07
  2.840000e+02   1.777412e-05   2.575105e-07   2.475348e-02   2.867784e-02   1.644151e-05   5.644682e-08
  2.850000e+02   1.745960e-05   3.645279e-07   2.493263e-02   4.179448e-02   1.602562e-05   8.063831e-08
  2.860000e+02   1.641928e-05   3.177078e-07   2.404658e-02   3.801521e-02   1.551031e-05   7.257448e-08
  2.870000e+02   1.600800e-05   2.842649e-07   2.402188e-02   3.535774e-02   1.525676e-05   8.063831e-08
  2.880000e+02   1.580638e-05   2.742320e-07   2.430345e-02   3.536007e-02   1.487340e-05   5.644682e-08
  2.890000e+02   1.570155e-05   2.742320e-07   2.474360e-02   3.665624e-02   1.449398e-05   3.225533e-08
  2.900000e+02   1.549993e-05   2.809206e-07   2.504561e-02   3.897912e-02   1.411761e-05   7.257448e-08
  2.910000e+02   1.504026e-05   2.641991e-07   2.492716e-02   3.814582e-02   1.386132e-05   8.870215e-08
  2.920000e+02   1.520155e-05   2.441334e-07   2.583891e-02   3.664659e-02   1.353329e-05   8.063831e-08
  2.930000e+02   1.413704e-05   2.207233e-07   2.466686e-02   3.439291e-02   1.308547e-05   1.612766e-08
  2.940000e+02   1.418542e-05   2.106904e-07   2.537727e-02   3.399892e-02   1.284287e-05   4.031916e-08
  2.950000e+02   1.311285e-05   2.307562e-07   2.406963e-02   3.854749e-02   1.232543e-05   4.838299e-08
  2.960000e+02   1.309672e-05   2.541662e-07   2.463293e-02   4.416037e-02   1.234003e-05   4.031916e-08
  2.970000e+02   1.270962e-05   2.006576e-07   2.450858e-02   3.647416e-02   1.190741e-05   4.838299e-08
  2.980000e+02   1.193543e-05   1.772475e-07   2.359393e-02   3.343849e-02   1.156843e-05   4.031916e-08
  2.990000e+02   1.201608e-05   1.504932e-07   2.432732e-02   2.937337e-02   1.129330e-05   3.225533e-08
  3.000000e+02   1.192737e-05   1.872804e-07   2.474982e-02   3.765972e-02   1.093334e-05   8.063831e-08
  3.010000e+02   1.090318e-05   1.805918e-07   2.319875e-02   3.773585e-02   1.073117e-05   1.612766e-08
  3.020000e+02   1.182253e-05   1.605260e-07   2.575228e-02   3.485839e-02   1.054238e-05   3.225533e-08
  3.030000e+02   1.069350e-05   1.638703e-07   2.390869e-02   3.686983e-02   1.026451e-05   3.225533e-08
  3.040000e+02   1.054834e-05   1.973133e-07   2.416182e-02   4.609375e-02   9.953194e-06   3.225533e-08
  3.050000e+02   1.062092e-05   1.170502e-07   2.493043e-02   2.866503e-02   9.797841e-06   8.063831e-09
  3.060000e+02   9.887055e-06   1.170502e-07   2.380120e-02   2.951096e-02   9.428157e-06   4.031916e-08
  3.070000e+02   9.895119e-06   1.270831e-07   2.440140e-02   3.301477e-02   9.299862e-06   4.031916e-08
  3.080000e+02   9.806410e-06   1.304274e-07   2.478749e-02   3.504043e-02   9.016519e-06   1.612766e-08
  3.090000e+02   9.451573e-06   1.504932e-07   2.449782e-02   4.189944e-02   8.752937e-06   1.612766e-08
  3.100000e+02   9.137058e-06   1.371160e-07   2.427788e-02   3.984451e-02   8.633154e-06   6.451065e-08
  3.110000e+02   9.475766e-06   7.691873e-08   2.580433e-02   2.327935e-02   8.461081e-06   8.063831e-09
  3.120000e+02   8.467706e-06   1.070174e-07   2.366997e-02   3.316062e-02   8.197499e-06   3.225533e-08
  3.130000e+02   8.604802e-06   1.036731e-07   2.463634e-02   3.322615e-02   8.040930e-06   4.031916e-08
  3.140000e+02   7.806418e-06   1.337717e-07   2.291558e-02   4.434590e-02   7.787685e-06   3.225533e-08
  3.150000e+02   7.701580e-06   1.070174e-07   2.313861e-02   3.712297e-02   7.657870e-06   1.612766e-08
  3.160000e+02   8.008030e-06   1.070174e-07   2.462920e-02   3.855422e-02   7.435938e-06   1.612766e-08
  3.170000e+02   7.677387e-06   1.137059e-07   2.420852e-02   4.260652e-02   7.277241e-06   1.612766e-08
  3.180000e+02   7.548355e-06   7.023014e-08   2.439279e-02   2.748691e-02   7.056829e-06   1.612766e-08
  3.190000e+02   7.193518e-06   9.698448e-08   2.382733e-02   3.903096e-02   6.941303e-06   1.612766e-08
  3.200000e+02   6.798358e-06   7.023014e-08   2.306808e-02   2.941176e-02   6.773486e-06   8.063831e-09
  3.210000e+02   7.056422e-06   6.688585e-08   2.450912e-02   2.886003e-02   6.628166e-06   8.063831e-09
  3.220000e+02   6.612875e-06   8.360731e-08   2.354563e-02   3.714710e-02   6.443932e-06   8.063831e-09
  3.230000e+02   7.064486e-06   7.357444e-08   2.576016e-02   3.395062e-02   6.232641e-06   1.612766e-08
  3.240000e+02   6.435456e-06   1.103617e-07   2.408766e-02   5.271565e-02   6.088233e-06   4.838299e-08
  3.250000e+02   6.209651e-06   6.688585e-08   2.381615e-02   3.372681e-02   5.968754e-06   8.063831e-09
  3.260000e+02   5.782233e-06   5.685297e-08   2.271863e-02   2.966841e-02   5.843500e-06   0.000000e+00
  3.270000e+02   6.298360e-06   6.688585e-08   2.532261e-02   3.597122e-02   5.645281e-06   0.000000e+00
  3.280000e+02   5.580621e-06   6.688585e-08   2.301986e-02   3.731343e-02   5.634032e-06   4.838299e-08
  3.290000e+02   5.661266e-06   4.682010e-08   2.390275e-02   2.713178e-02   5.412708e-06   1.612766e-08
  3.300000e+02   5.395138e-06   7.023014e-08   2.333775e-02   4.183267e-02   5.308127e-06   5.644682e-08
  3.310000e+02   4.967721e-06   6.019727e-08   2.200236e-02   3.742204e-02   5.212970e-06   8.063831e-09
  3.320000e+02   5.387074e-06   3.344293e-08   2.439648e-02   2.159827e-02   5.044545e-06   0.000000e+00
  3.330000e+02   5.419332e-06   4.347580e-08   2.515629e-02   2.869757e-02   4.967628e-06   8.063831e-09
  3.340000e+02   4.943527e-06   6.019727e-08   2.353980e-02   4.090909e-02   4.800115e-06   8.063831e-09
  3.350000e+02   4.556432e-06   2.675434e-08   2.221960e-02   1.895735e-02   4.718335e-06   1.612766e-08
  3.360000e+02   4.959656e-06   3.009863e-08   2.473555e-02   2.173913e-02   4.634426e-06   0.000000e+00
  3.370000e+02   4.604819e-06   4.013151e-08   2.354833e-02   2.962963e-02   4.555686e-06   1.612766e-08
  3.380000e+02   4.846754e-06   4.013151e-08   2.538328e-02   3.053435e-02   4.364764e-06   0.000000e+00
  3.390000e+02   4.572561e-06   2.675434e-08   2.457098e-02   2.099738e-02   4.348347e-06   0.000000e+00
  3.400000e+02   4.387078e-06   4.347580e-08   2.416811e-02   3.485255e-02   4.175058e-06   8.063831e-09
  3.410000e+02   4.040305e-06   3.344293e-08   2.280901e-02   2.777778e-02   4.111518e-06   1.612766e-08
  3.420000e+02   3.935467e-06   4.347580e-08   2.273574e-02   3.714286e-02   3.978359e-06   0.000000e+00
  3.430000e+02   3.951596e-06   1.337717e-08   2.336003e-02   1.186944e-02   3.919380e-06   0.000000e+00
  3.440000e+02   4.161273e-06   5.016439e-08   2.518793e-02   4.504505e-02   3.809326e-06   8.063831e-09
  3.450000e+02   3.524179e-06   4.013151e-08   2.188282e-02   3.773585e-02   3.747306e-06   0.000000e+00
  3.460000e+02   3.524179e-06   3.678722e-08   2.237240e-02   3.594771e-02   3.652757e-06   2.419149e-08
  3.470000e+02   3.516114e-06   3.344293e-08   2.283201e-02   3.389831e-02   3.532063e-06   8.063831e-09
  3.480000e+02   3.637081e-06   3.678722e-08   2.417064e-02   3.859649e-02   3.465179e-06   8.063831e-09
  3.490000e+02   3.645146e-06   4.682010e-08   2.482562e-02   5.109489e-02   3.385831e-06   1.612766e-08
  3.500000e+02   3.443534e-06   3.009863e-08   2.404956e-02   3.461538e-02   3.276385e-06   8.063831e-09
  3.510000e+02   3.249986e-06   3.678722e-08   2.325716e-02   4.382470e-02   3.219534e-06   1.612766e-08
  3.520000e+02   3.225793e-06   2.675434e-08   2.363368e-02   3.333333e-02   3.188220e-06   0.000000e+00
  3.530000e+02   3.016116e-06   1.337717e-08   2.263238e-02   1.724138e-02   3.104616e-06   8.063831e-09
  3.540000e+02   3.129019e-06   1.672146e-08   2.402328e-02   2.192982e-02   2.964160e-06   0.000000e+00
  3.550000e+02   3.096761e-06   3.344293e-08   2.436085e-02   4.484305e-02   2.958688e-06   1.612766e-08
  3.560000e+02   3.080632e-06   2.675434e-08   2.483907e-02   3.755869e-02   2.857754e-06   0.000000e+00
  3.570000e+02   2.991923e-06   1.337717e-08   2.473828e-02   1.951220e-02   2.758645e-06   0.000000e+00
  3.580000e+02   2.959665e-06   2.675434e-08   2.509230e-02   3.980100e-02   2.655887e-06   1.612766e-08
  3.590000e+02   2.838698e-06   4.013151e-08   2.468616e-02   6.217617e-02   2.707874e-06   2.419149e-08
  3.600000e+02   2.709666e-06   1.337717e-08   2.416049e-02   2.209945e-02   2.613629e-06   8.063831e-09
  3.610000e+02   2.370958e-06   3.678722e-08   2.166384e-02   6.214689e-02   2.493239e-06   0.000000e+00
  3.620000e+02   2.588699e-06   2.341005e-08   2.417715e-02   4.216867e-02   2.476518e-06   8.063831e-09
  3.630000e+02   2.266119e-06   1.337717e-08   2.168879e-02   2.515723e-02   2.434260e-06   0.000000e+00
  3.640000e+02   2.580634e-06   2.006576e-08   2.524655e-02   3.870968e-02   2.398690e-06   1.612766e-08
  3.650000e+02   2.572570e-06   3.344293e-08   2.581951e-02   6.711409e-02   2.311133e-06   8.063831e-09
  3.660000e+02   2.330635e-06   2.006576e-08   2.401130e-02   4.316547e-02   2.229352e-06   0.000000e+00
  3.670000e+02   2.185475e-06   1.672146e-08   2.306972e-02   3.759398e-02   2.185878e-06   0.000000e+00
  3.680000e+02   2.427409e-06   1.672146e-08   2.622865e-02   3.906250e-02   2.101666e-06   8.063831e-09
  3.690000e+02   2.008056e-06   1.672146e-08   2.228188e-02   4.065041e-02   2.115346e-06   0.000000e+00
  3.700000e+02   1.991927e-06   2.675434e-08   2.260663e-02   6.779661e-02   2.055455e-06   0.000000e+00
  3.710000e+02   1.975798e-06   3.344293e-09   2.294222e-02   9.090909e-03   1.903751e-06   0.000000e+00
  3.720000e+02   1.991927e-06   6.688585e-09   2.367261e-02   1.834862e-02   1.934761e-06   0.000000e+00
  3.730000e+02   2.072572e-06   1.003288e-08   2.522823e-02   2.803738e-02   1.928680e-06   8.063831e-09
  3.740000e+02   2.112894e-06   6.688585e-09   2.638469e-02   1.923077e-02   1.892198e-06   0.000000e+00
  3.750000e+02   1.975798e-06   1.003288e-08   2.534133e-02   2.941176e-02   1.760559e-06   0.000000e+00
  3.760000e+02   1.645154e-06   3.344293e-09   2.164916e-02   1.010101e-02   1.705228e-06   8.063831e-09
  3.770000e+02   1.685477e-06   3.344293e-09   2.267057e-02   1.020408e-02   1.698236e-06   0.000000e+00
  3.780000e+02   1.782250e-06   6.688585e-09   2.452830e-02   2.061856e-02   1.640473e-06   0.000000e+00
  3.790000e+02   1.766121e-06   1.003288e-08   2.491751e-02   3.157895e-02   1.610071e-06   0.000000e+00
  3.800000e+02   1.548380e-06   1.337717e-08   2.240373e-02   4.347826e-02   1.605815e-06   0.000000e+00
  3.810000e+02   1.814508e-06   6.688585e-09   2.685605e-02   2.272727e-02   1.545011e-06   0.000000e+00
  3.820000e+02   1.604832e-06   1.003288e-08   2.440819e-02   3.488372e-02   1.496977e-06   0.000000e+00
  3.830000e+02   1.346768e-06   1.003288e-08   2.099573e-02   3.614458e-02   1.489376e-06   8.063831e-09
  3.840000e+02   1.612896e-06   1.003288e-08   2.568383e-02   3.750000e-02   1.472960e-06   0.000000e+00
  3.850000e+02   1.669348e-06   3.344293e-09   2.728351e-02   1.298701e-02   1.441342e-06   0.000000e+00
  3.860000e+02   1.274188e-06   3.344293e-09   2.140921e-02   1.315789e-02   1.388747e-06   0.000000e+00
  3.870000e+02   1.298382e-06   3.344293e-09   2.229299e-02   1.333333e-02   1.357433e-06   0.000000e+00
  3.880000e+02   1.379026e-06   1.337717e-08   2.421753e-02   5.405405e-02   1.341928e-06   0.000000e+00
  3.890000e+02   1.233866e-06   6.688585e-09   2.220610e-02   2.857143e-02   1.285077e-06   0.000000e+00
  3.900000e+02   1.403220e-06   0.000000e+00   2.582752e-02   0.000000e+00   1.288118e-06   0.000000e+00
  3.910000e+02   1.249995e-06   3.344293e-09   2.361725e-02   1.470588e-02   1.232483e-06   0.000000e+00
  3.920000e+02   1.137092e-06   6.688585e-09   2.200375e-02   2.985075e-02   1.186880e-06   8.063831e-09
  3.930000e+02   1.153221e-06   1.003288e-08   2.281794e-02   4.615385e-02   1.170767e-06   0.000000e+00
  3.940000e+02   1.201608e-06   1.003288e-08   2.433050e-02   4.838710e-02   1.177456e-06   0.000000e+00
  3.950000e+02   1.088705e-06   0.000000e+00   2.259414e-02   0.000000e+00   1.118780e-06   0.000000e+00
  3.960000e+02   1.161285e-06   1.003288e-08   2.465753e-02   5.084746e-02   1.109356e-06   0.000000e+00
  3.970000e+02   1.048383e-06   0.000000e+00   2.282303e-02   0.000000e+00   1.065882e-06   0.000000e+00
  3.980000e+02   9.193509e-07   3.344293e-09   2.048149e-02   1.785714e-02   1.071962e-06   0.000000e+00
  3.990000e+02   1.129027e-06   6.688585e-09   2.567865e-02   3.636364e-02   1.014199e-06   8.063831e-09
  4.000000e+02   9.758023e-07   1.337717e-08   2.277861e-02   7.547170e-02   9.950458e-07   0.000000e+00
  4.010000e+02   9.354799e-07   0.000000e+00   2.234637e-02   0.000000e+00   9.895735e-07   0.000000e+00
  4.020000e+02   1.072576e-06   6.688585e-09   2.620690e-02   4.081633e-02   9.649481e-07   8.063831e-09
  4.030000e+02   9.032220e-07   1.003288e-08   2.266289e-02   6.382979e-02   9.591718e-07   0.000000e+00
  4.040000e+02   8.951575e-07   0.000000e+00   2.298137e-02   0.000000e+00   8.779994e-07   0.000000e+00
  4.050000e+02   8.387061e-07   3.344293e-09   2.203857e-02   2.272727e-02   8.956324e-07   0.000000e+00
  4.060000e+02   7.499968e-07   0.000000e+00   2.015168e-02   0.000000e+00   8.977605e-07   0.000000e+00
  4.070000e+02   8.709640e-07   1.003288e-08   2.388324e-02   6.976744e-02   8.439496e-07   0.000000e+00
  4.080000e+02   7.096744e-07   3.344293e-09   1.993657e-02   2.500000e-02   8.524621e-07   8.063831e-09
  4.090000e+02   7.419323e-07   0.000000e+00   2.126676e-02   0.000000e+00   8.290528e-07   0.000000e+00
  4.100000e+02   7.903192e-07   6.688585e-09   2.314596e-02   5.128205e-02   7.858825e-07   0.000000e+00
  4.110000e+02   9.193509e-07   3.344293e-09   2.756286e-02   2.702703e-02   7.852744e-07   0.000000e+00
  4.120000e+02   7.338678e-07   3.344293e-09   2.262556e-02   2.777778e-02   7.411920e-07   8.063831e-09
  4.130000e+02   7.661258e-07   0.000000e+00   2.416688e-02   0.000000e+00   7.755459e-07   0.000000e+00
  4.140000e+02   7.258034e-07   6.688585e-09   2.346194e-02   5.714286e-02   7.323756e-07   0.000000e+00
  4.150000e+02   7.580613e-07   3.344293e-09   2.509343e-02   3.030303e-02   7.363278e-07   0.000000e+00
  4.160000e+02   6.774165e-07   6.688585e-09   2.300110e-02   6.250000e-02   6.861651e-07   0.000000e+00
  4.170000e+02   6.451585e-07   1.003288e-08   2.242152e-02   1.000000e-01   7.010619e-07   0.000000e+00
  4.180000e+02   6.370941e-07   3.344293e-09   2.264908e-02   3.703704e-02   6.527233e-07   0.000000e+00
  4.190000e+02   6.451585e-07   0.000000e+00   2.346729e-02   0.000000e+00   6.499871e-07   0.000000e+00
  4.200000e+02   6.370941e-07   0.000000e+00   2.373085e-02   0.000000e+00   6.417787e-07   0.000000e+00
  4.210000e+02   5.161268e-07   3.344293e-09   1.969231e-02   3.846154e-02   6.110730e-07   0.000000e+00
  4.220000e+02   5.887072e-07   0.000000e+00   2.291274e-02   0.000000e+00   6.062087e-07   0.000000e+00
  4.230000e+02   6.370941e-07   0.000000e+00   2.537745e-02   0.000000e+00   5.928320e-07   0.000000e+00
  4.240000e+02   6.129006e-07   3.344293e-09   2.504944e-02   4.000000e-02   5.986083e-07   0.000000e+00
  4.250000e+02   4.354820e-07   3.344293e-09   1.825558e-02   4.166667e-02   5.630384e-07   0.000000e+00
  4.260000e+02   5.887072e-07   3.344293e-09   2.513774e-02   4.347826e-02   5.326368e-07   0.000000e+00
  4.270000e+02   5.967716e-07   3.344293e-09   2.613917e-02   4.545455e-02   5.207801e-07   0.000000e+00
  4.280000e+02   5.241913e-07   0.000000e+00   2.357635e-02   0.000000e+00   5.451014e-07   0.000000e+00
  4.290000e+02   5.564492e-07   0.000000e+00   2.563150e-02   0.000000e+00   5.116596e-07   0.000000e+00
  4.300000e+02   4.838689e-07   3.344293e-09   2.287457e-02   4.761905e-02   5.137878e-07   0.000000e+00
  4.310000e+02   4.838689e-07   3.344293e-09   2.341007e-02   5.000000e-02   4.785219e-07   0.000000e+00
  4.320000e+02   3.709662e-07   3.344293e-09   1.837795e-02   5.263158e-02   4.955468e-07   0.000000e+00
  4.330000e+02   3.467727e-07   3.344293e-09   1.750102e-02   5.555556e-02   4.818660e-07   0.000000e+00
  4.340000e+02   4.677399e-07   0.000000e+00   2.402651e-02   0.000000e+00   4.779138e-07   0.000000e+00
  4.350000e+02   4.999979e-07   0.000000e+00   2.631579e-02   0.000000e+00   4.429519e-07   0.000000e+00
  4.360000e+02   4.112886e-07   0.000000e+00   2.223191e-02   0.000000e+00   4.295752e-07   0.000000e+00
  4.370000e+02   3.951596e-07   0.000000e+00   2.184574e-02   0.000000e+00   4.286632e-07   0.000000e+00
  4.380000e+02   4.032241e-07   6.688585e-09   2.278943e-02   1.176471e-01   4.034298e-07   0.000000e+00
  4.390000e+02   4.596755e-07   3.344293e-09   2.658582e-02   6.666667e-02   4.140704e-07   0.000000e+00
  4.400000e+02   3.064503e-07   3.344293e-09   1.820795e-02   7.142857e-02   3.988695e-07   0.000000e+00
  4.410000e+02   3.225793e-07   3.344293e-09   1.952172e-02   7.692308e-02   4.128543e-07   0.000000e+00
  4.420000e+02   3.709662e-07   0.000000e+00   2.289696e-02   0.000000e+00   3.891410e-07   0.000000e+00
  4.430000e+02   2.983858e-07   0.000000e+00   1.884870e-02   0.000000e+00   3.891410e-07   0.000000e+00
  4.440000e+02   3.790306e-07   0.000000e+00   2.440291e-02   0.000000e+00   3.642117e-07   0.000000e+00
  4.450000e+02   2.661279e-07   3.344293e-09   1.756253e-02   8.333333e-02   3.590434e-07   0.000000e+00
  4.460000e+02   3.225793e-07   3.344293e-09   2.166847e-02   9.090909e-02   3.429305e-07   8.063831e-09
  4.470000e+02   3.548372e-07   3.344293e-09   2.436323e-02   1.000000e-01   3.508350e-07   0.000000e+00
  4.480000e+02   2.580634e-07   0.000000e+00   1.816118e-02   0.000000e+00   3.374582e-07   0.000000e+00
  4.490000e+02   2.903213e-07   0.000000e+00   2.080925e-02   0.000000e+00   3.240815e-07   0.000000e+00
  4.500000e+02   2.580634e-07   0.000000e+00   1.889020e-02   0.000000e+00   3.134409e-07   0.000000e+00
  4.510000e+02   2.983858e-07   0.000000e+00   2.226233e-02   0.000000e+00   3.028004e-07   0.000000e+00
  4.520000e+02   2.903213e-07   0.000000e+00   2.215385e-02   0.000000e+00   3.195213e-07   0.000000e+00
  4.530000e+02   3.387082e-07   0.000000e+00   2.643172e-02   0.000000e+00   3.061445e-07   0.000000e+00
  4.540000e+02   2.258055e-07   0.000000e+00   1.809955e-02   0.000000e+00   2.882076e-07   0.000000e+00
  4.550000e+02   2.580634e-07   0.000000e+00   2.106649e-02   0.000000e+00   2.897277e-07   0.000000e+00
  4.560000e+02   2.903213e-07   3.344293e-09   2.420982e-02   1.111111e-01   2.748308e-07   0.000000e+00
  4.570000e+02   2.499989e-07   0.000000e+00   2.136458e-02   0.000000e+00   2.799991e-07   0.000000e+00
  4.580000e+02   3.145148e-07   3.344293e-09   2.746479e-02   1.250000e-01   2.748308e-07   0.000000e+00
  4.590000e+02   3.467727e-07   3.344293e-09   3.113686e-02   1.428571e-01   2.778710e-07   0.000000e+00
  4.600000e+02   2.580634e-07   3.344293e-09   2.391629e-02   1.666667e-01   2.632782e-07   0.000000e+00
  4.610000e+02   2.580634e-07   0.000000e+00   2.450230e-02   0.000000e+00   2.474694e-07   0.000000e+00
  4.620000e+02   2.419345e-07   0.000000e+00   2.354788e-02   0.000000e+00   2.316605e-07   0.000000e+00
  4.630000e+02   2.258055e-07   0.000000e+00   2.250804e-02   0.000000e+00   2.502055e-07   0.000000e+00
  4.640000e+02   2.338700e-07   0.000000e+00   2.384868e-02   0.000000e+00   2.237561e-07   0.000000e+00
  4.650000e+02   1.693541e-07   3.344293e-09   1.769166e-02   2.000000e-01   2.201079e-07   0.000000e+00
  4.660000e+02   1.532252e-07   0.000000e+00   1.629503e-02   0.000000e+00   2.176758e-07   0.000000e+00
  4.670000e+02   1.935476e-07   0.000000e+00   2.092415e-02   0.000000e+00   2.067312e-07   0.000000e+00
  4.680000e+02   1.935476e-07   3.344293e-09   2.137133e-02   2.500000e-01   2.252762e-07   0.000000e+00
  4.690000e+02   1.612896e-07   0.000000e+00   1.819836e-02   0.000000e+00   1.890982e-07   0.000000e+00
  4.700000e+02   1.854831e-07   0.000000e+00   2.131603e-02   0.000000e+00   2.058191e-07   0.000000e+00
  4.710000e+02   2.419345e-07   0.000000e+00   2.840909e-02   0.000000e+00   2.070352e-07   0.000000e+00
  4.720000e+02   2.580634e-07   0.000000e+00   3.118908e-02   0.000000e+00   2.015629e-07   0.000000e+00
  4.730000e+02   1.451607e-07   0.000000e+00   1.810865e-02   0.000000e+00   1.748094e-07   0.000000e+00
  4.740000e+02   1.451607e-07   0.000000e+00   1.844262e-02   0.000000e+00   1.881862e-07   0.000000e+00
  4.750000e+02   2.580634e-07   0.000000e+00   3.340292e-02   0.000000e+00   1.793697e-07   0.000000e+00
  4.760000e+02   1.935476e-07   0.000000e+00   2.591793e-02   0.000000e+00   1.866661e-07   0.000000e+00
  4.770000e+02   1.532252e-07   0.000000e+00   2.106430e-02   0.000000e+00   1.760255e-07   0.000000e+00
  4.780000e+02   1.612896e-07   0.000000e+00   2.265006e-02   0.000000e+00   1.672090e-07   0.000000e+00
  4.790000e+02   2.016120e-07   0.000000e+00   2.896871e-02   0.000000e+00   1.656890e-07   0.000000e+00
  4.800000e+02   1.935476e-07   0.000000e+00   2.863962e-02   0.000000e+00   1.514002e-07   0.000000e+00
  4.810000e+02   1.532252e-07   0.000000e+00   2.334152e-02   0.000000e+00   1.529203e-07   0.000000e+00
  4.820000e+02   1.129027e-07   0.000000e+00   1.761006e-02   0.000000e+00   1.465359e-07   0.000000e+00
  4.830000e+02   1.935476e-07   3.344293e-09   3.072983e-02   3.333333e-01   1.498801e-07   0.000000e+00
  4.840000e+02   1.209672e-07   3.344293e-09   1.981506e-02   5.000000e-01   1.410636e-07   0.000000e+00
  4.850000e+02   1.451607e-07   0.000000e+00   2.425876e-02   0.000000e+00   1.489680e-07   0.000000e+00
  4.860000e+02   1.854831e-07   0.000000e+00   3.176796e-02   0.000000e+00   1.462319e-07   0.000000e+00
  4.870000e+02   9.677378e-08   0.000000e+00   1.711840e-02   0.000000e+00   1.377194e-07   0.000000e+00
  4.880000e+02   1.370962e-07   0.000000e+00   2.467344e-02   0.000000e+00   1.355913e-07   0.000000e+00
  4.890000e+02   8.870930e-08   0.000000e+00   1.636905e-02   0.000000e+00   1.355913e-07   0.000000e+00
  4.900000e+02   1.370962e-07   0.000000e+00   2.571861e-02   0.000000e+00   1.225186e-07   0.000000e+00
  4.910000e+02   1.129027e-07   3.344293e-09   2.173913e-02   1.000000e+00   1.203905e-07   0.000000e+00
  4.920000e+02   8.870930e-08   0.000000e+00   1.746032e-02   0.000000e+00   1.176544e-07   0.000000e+00
  4.930000e+02   1.290317e-07   0.000000e+00   2.584814e-02   0.000000e+00   1.194785e-07   0.000000e+00
  4.940000e+02   7.258034e-08   0.000000e+00   1.492537e-02   0.000000e+00   1.140062e-07   0.000000e+00
  4.950000e+02   5.645137e-08   0.000000e+00   1.178451e-02   0.000000e+00   1.100539e-07   0.000000e+00
  4.960000e+02   5.645137e-08   0.000000e+00   1.192504e-02   0.000000e+00   1.143102e-07   0.000000e+00
  4.970000e+02   1.532252e-07   0.000000e+00   3.275862e-02   0.000000e+00   1.130941e-07   0.000000e+00
  4.980000e+02   1.854831e-07   0.000000e+00   4.099822e-02   0.000000e+00   1.155262e-07   0.000000e+00
  4.990000e+02   1.129027e-07   0.000000e+00   2.602230e-02   0.000000e+00   1.082298e-07   0.000000e+00
  5.000000e+02   1.209672e-07   0.000000e+00   2.862595e-02   0.000000e+00   9.971739e-08   0.000000e+00
  5.010000e+02   3.225793e-08   0.000000e+00   7.858546e-03   0.000000e+00   1.048857e-07   0.000000e+00
  5.020000e+02   8.870930e-08   0.000000e+00   2.178218e-02   0.000000e+00   9.941337e-08   0.000000e+00
  5.030000e+02   1.129027e-07   0.000000e+00   2.834008e-02   0.000000e+00   9.758927e-08   0.000000e+00
  5.040000e+02   9.677378e-08   0.000000e+00   2.500000e-02   0.000000e+00   8.755673e-08   0.000000e+00
  5.050000e+02   4.838689e-08   0.000000e+00   1.282051e-02   0.000000e+00   9.242099e-08   0.000000e+00
  5.060000e+02   8.064482e-08   0.000000e+00   2.164502e-02   0.000000e+00   9.606919e-08   0.000000e+00
  5.070000e+02   8.870930e-08   0.000000e+00   2.433628e-02   0.000000e+00   8.269247e-08   0.000000e+00
  5.080000e+02   6.451585e-08   0.000000e+00   1.814059e-02   0.000000e+00   9.090091e-08   0.000000e+00
  5.090000e+02   8.064482e-08   0.000000e+00   2.309469e-02   0.000000e+00   8.299648e-08   0.000000e+00
  5.100000e+02   8.064482e-08   0.000000e+00   2.364066e-02   0.000000e+00   8.390853e-08   0.000000e+00
  5.110000e+02   6.451585e-08   0.000000e+00   1.937046e-02   0.000000e+00   8.117239e-08   0.000000e+00
  5.120000e+02   8.870930e-08   0.000000e+00   2.716049e-02   0.000000e+00   8.512460e-08   0.000000e+00
  5.130000e+02   1.129027e-07   0.000000e+00   3.553299e-02   0.000000e+00   6.961976e-08   0.000000e+00
  5.140000e+02   9.677378e-08   0.000000e+00   3.157895e-02   0.000000e+00   6.384345e-08   0.000000e+00
  5.150000e+02   5.645137e-08   0.000000e+00   1.902174e-02   0.000000e+00   7.357197e-08   0.000000e+00
  5.160000e+02   8.064482e-08   0.000000e+00   2.770083e-02   0.000000e+00   7.296394e-08   0.000000e+00
  5.170000e+02   6.451585e-08   0.000000e+00   2.279202e-02   0.000000e+00   7.174788e-08   0.000000e+00
  5.180000e+02   4.838689e-08   0.000000e+00   1.749271e-02   0.000000e+00   6.961976e-08   0.000000e+00
  5.190000e+02   4.032241e-08   0.000000e+00   1.483680e-02   0.000000e+00   6.262738e-08   0.000000e+00
  5.200000e+02   4.838689e-08   0.000000e+00   1.807229e-02   0.000000e+00   6.110730e-08   0.000000e+00
  5.210000e+02   7.258034e-08   0.000000e+00   2.760736e-02   0.000000e+00   7.235591e-08   0.000000e+00
  5.220000e+02   4.838689e-08   0.000000e+00   1.892744e-02   0.000000e+00   5.958722e-08   0.000000e+00
  5.230000e+02   5.645137e-08   0.000000e+00   2.250804e-02   0.000000e+00   5.989124e-08   0.000000e+00
  5.240000e+02   2.419345e-08   0.000000e+00   9.868421e-03   0.000000e+00   5.593902e-08   0.000000e+00
  5.250000e+02   7.258034e-08   0.000000e+00   2.990033e-02   0.000000e+00   5.897919e-08   0.000000e+00
  5.260000e+02   1.612896e-08   0.000000e+00   6.849315e-03   0.000000e+00   5.381091e-08   0.000000e+00
  5.270000e+02   4.032241e-08   0.000000e+00   1.724138e-02   0.000000e+00   5.168279e-08   0.000000e+00
  5.280000e+02   7.258034e-08   0.000000e+00   3.157895e-02   0.000000e+00   5.989124e-08   0.000000e+00
  5.290000e+02   4.032241e-08   0.000000e+00   1.811594e-02   0.000000e+00   4.985869e-08   0.000000e+00
  5.300000e+02   3.225793e-08   0.000000e+00   1.476015e-02   0.000000e+00   5.441894e-08   0.000000e+00
  5.310000e+02   7.258034e-08   0.000000e+00   3.370787e-02   0.000000e+00   5.685107e-08   0.000000e+00
  5.320000e+02   1.612896e-08   0.000000e+00   7.751938e-03   0.000000e+00   5.441894e-08   0.000000e+00
  5.330000e+02   5.645137e-08   0.000000e+00   2.734375e-02   0.000000e+00   5.320287e-08   0.000000e+00
  5.340000e+02   4.032241e-08   0.000000e+00   2.008032e-02   0.000000e+00   5.077074e-08   0.000000e+00
  5.350000e+02   6.451585e-08   0.000000e+00   3.278689e-02   0.000000e+00   3.982615e-08   0.000000e+00
  5.360000e+02   4.838689e-08   0.000000e+00   2.542373e-02   0.000000e+00   4.925066e-08   0.000000e+00
  5.370000e+02   3.225793e-08   0.000000e+00   1.739130e-02   0.000000e+00   4.742656e-08   0.000000e+00
  5.380000e+02   8.064482e-08   0.000000e+00   4.424779e-02   0.000000e+00   4.165025e-08   0.000000e+00
  5.390000e+02   3.225793e-08   0.000000e+00   1.851852e-02   0.000000e+00   4.377837e-08   0.000000e+00
  5.400000e+02   1.612896e-08   0.000000e+00   9.433962e-03   0.000000e+00   4.377837e-08   0.000000e+00
  5.410000e+02   7.258034e-08   0.000000e+00   4.285714e-02   0.000000e+00   3.891410e-08   0.000000e+00
  5.420000e+02   3.225793e-08   0.000000e+00   1.990050e-02   0.000000e+00   3.496189e-08   0.000000e+00
  5.430000e+02   3.225793e-08   0.000000e+00   2.030457e-02   0.000000e+00   3.830607e-08   0.000000e+00
  5.440000e+02   1.612896e-08   0.000000e+00   1.036269e-02   0.000000e+00   3.648197e-08   0.000000e+00
  5.450000e+02   4.032241e-08   0.000000e+00   2.617801e-02   0.000000e+00   3.648197e-08   0.000000e+00
  5.460000e+02   4.032241e-08   0.000000e+00   2.688172e-02   0.000000e+00   3.891410e-08   0.000000e+00
  5.470000e+02   1.612896e-08   0.000000e+00   1.104972e-02   0.000000e+00   3.040164e-08   0.000000e+00
  5.480000e+02   3.225793e-08   0.000000e+00   2.234637e-02   0.000000e+00   2.644943e-08   0.000000e+00
  5.490000e+02   4.032241e-08   0.000000e+00   2.857143e-02   0.000000e+00   3.952214e-08   0.000000e+00
  5.500000e+02   1.612896e-08   0.000000e+00   1.176471e-02   0.000000e+00   3.283377e-08   0.000000e+00
  5.510000e+02   3.225793e-08   0.000000e+00   2.380952e-02   0.000000e+00   3.161771e-08   0.000000e+00
  5.520000e+02   4.838689e-08   0.000000e+00   3.658537e-02   0.000000e+00   3.040164e-08   0.000000e+00
  5.530000e+02   8.064482e-09   0.000000e+00   6.329114e-03   0.000000e+00   2.766549e-08   0.000000e+00
  5.540000e+02   8.064482e-09   0.000000e+00   6.369427e-03   0.000000e+00   3.252976e-08   0.000000e+00
  5.550000e+02   4.838689e-08   0.000000e+00   3.846154e-02   0.000000e+00   2.584140e-08   0.000000e+00
  5.560000e+02   4.838689e-08   0.000000e+00   4.000000e-02   0.000000e+00   2.979361e-08   0.000000e+00
  5.570000e+02   2.419345e-08   0.000000e+00   2.083333e-02   0.000000e+00   3.009763e-08   0.000000e+00
  5.580000e+02   3.225793e-08   0.000000e+00   2.836879e-02   0.000000e+00   2.401730e-08   0.000000e+00
  5.590000e+02   6.451585e-08   0.000000e+00   5.839416e-02   0.000000e+00   2.553738e-08   0.000000e+00
  5.600000e+02   3.225793e-08   0.000000e+00   3.100775e-02   0.000000e+00   2.462533e-08   0.000000e+00
  5.610000e+02   5.645137e-08   0.000000e+00   5.600000e-02   0.000000e+00   2.401730e-08   0.000000e+00
  5.620000e+02   8.064482e-09   0.000000e+00   8.474576e-03   0.000000e+00   2.158517e-08   0.000000e+00
  5.630000e+02   4.032241e-08   0.000000e+00   4.273504e-02   0.000000e+00   2.584140e-08   0.000000e+00
  5.640000e+02   0.000000e+00   0.000000e+00   0.000000e+00   0.000000e+00   1.945705e-08   0.000000e+00
  5.650000e+02   4.838689e-08   0.000000e+00   5.357143e-02   0.000000e+00   2.219320e-08   0.000000e+00
  5.660000e+02   8.064482e-09   0.000000e+00   9.433962e-03   0.000000e+00   1.611287e-08   0.000000e+00
  5.670000e+02   8.064482e-09   0.000000e+00   9.523810e-03   0.000000e+00   2.097713e-08   0.000000e+00
  5.680000e+02   0.000000e+00   0.000000e+00   0.000000e+00   0.000000e+00   2.158517e-08   0.000000e+00
  5.690000e+02   8.064482e-09   0.000000e+00   9.615385e-03   0.000000e+00   1.945705e-08   0.000000e+00
  5.700000e+02   8.064482e-09   0.000000e+00   9.708738e-03   0.000000e+00   1.732894e-08   0.000000e+00
  5.710000e+02   8.064482e-09   0.000000e+00   9.803922e-03   0.000000e+00   1.641689e-08   0.000000e+00
  5.720000e+02   8.064482e-09   0.000000e+00   9.900990e-03   0.000000e+00   2.340926e-08   0.000000e+00
  5.730000e+02   2.419345e-08   0.000000e+00   3.000000e-02   0.000000e+00   1.824099e-08   0.000000e+00
  5.740000e+02   3.225793e-08   0.000000e+00   4.123711e-02   0.000000e+00   2.067312e-08   0.000000e+00
  5.750000e+02   8.064482e-09   0.000000e+00   1.075269e-02   0.000000e+00   1.732894e-08   0.000000e+00
  5.760000e+02   1.612896e-08   0.000000e+00   2.173913e-02   0.000000e+00   1.884902e-08   0.000000e+00
  5.770000e+02   8.064482e-09   0.000000e+00   1.111111e-02   0.000000e+00   1.641689e-08   0.000000e+00
  5.780000e+02   1.612896e-08   0.000000e+00   2.247191e-02   0.000000e+00   1.702492e-08   0.000000e+00
  5.790000e+02   1.612896e-08   0.000000e+00   2.298851e-02   0.000000e+00   1.580885e-08   0.000000e+00
  5.800000e+02   0.000000e+00   0.000000e+00   0.000000e+00   0.000000e+00   1.945705e-08   0.000000e+00
  5.810000e+02   3.225793e-08   0.000000e+00   4.705882e-02   0.000000e+00   2.128115e-08   0.000000e+00
  5.820000e+02   8.064482e-09   0.000000e+00   1.234568e-02   0.000000e+00   1.702492e-08   0.000000e+00
  5.830000e+02   4.838689e-08   0.000000e+00   7.500000e-02   0.000000e+00   1.307271e-08   0.000000e+00
  5.840000e+02   4.838689e-08   0.000000e+00   8.108108e-02   0.000000e+00   1.550484e-08   0.000000e+00
  5.850000e+02   8.064482e-09   0.000000e+00   1.470588e-02   0.000000e+00   1.611287e-08   0.000000e+00
  5.860000e+02   8.064482e-09   0.000000e+00   1.492537e-02   0.000000e+00   1.854500e-08   0.000000e+00
  5.870000e+02   0.000000e+00   0.000000e+00   0.000000e+00   0.000000e+00   1.398476e-08   0.000000e+00
  5.880000e+02   1.612896e-08   0.000000e+00   3.030303e-02   0.000000e+00   1.702492e-08   0.000000e+00
  5.890000e+02   8.064482e-09   0.000000e+00   1.562500e-02   0.000000e+00   1.003254e-08   0.000000e+00
  5.900000e+02   8.064482e-09   0.000000e+00   1.587302e-02   0.000000e+00   1.124861e-08   0.000000e+00
  5.910000e+02   1.612896e-08   0.000000e+00   3.225806e-02   0.000000e+00   8.816476e-09   0.000000e+00
  5.920000e+02   1.612896e-08   0.000000e+00   3.333333e-02   0.000000e+00   1.094459e-08   0.000000e+00
  5.930000e+02   8.064482e-09   0.000000e+00   1.724138e-02   0.000000e+00   1.428877e-08   0.000000e+00
  5.940000e+02   2.419345e-08   0.000000e+00   5.263158e-02   0.000000e+00   1.003254e-08   0.000000e+00
  5.950000e+02   1.612896e-08   0.000000e+00   3.703704e-02   0.000000e+00   7.904427e-09   0.000000e+00
  5.960000e+02   8.064482e-09   0.000000e+00   1.923077e-02   0.000000e+00   1.124861e-08   0.000000e+00
  5.970000e+02   0.000000e+00   0.000000e+00   0.000000e+00   0.000000e+00   1.003254e-08   0.000000e+00
  5.980000e+02   0.000000e+00   0.000000e+00   0.000000e+00   0.000000e+00   1.033656e-08   0.000000e+00
  5.990000e+02   0.000000e+00   0.000000e+00   0.000000e+00   0.000000e+00   9.728526e-09   0.000000e+00
  6.000000e+02   8.064482e-09   0.000000e+00   1.960784e-02   0.000000e+00   1.185664e-08   0.000000e+00
  6.010000e+02   0.000000e+00   0.000000e+00   0.000000e+00   0.000000e+00   9.424509e-09   0.000000e+00
  6.020000e+02   1.612896e-08   0.000000e+00   4.000000e-02   0.000000e+00   8.512460e-09   0.000000e+00
  6.030000e+02   8.064482e-09   0.000000e+00   2.083333e-02   0.000000e+00   1.489680e-08   0.000000e+00
  6.040000e+02   8.064482e-09   0.000000e+00   2.127660e-02   0.000000e+00   1.489680e-08   0.000000e+00
  6.050000e+02   1.612896e-08   0.000000e+00   4.347826e-02   0.000000e+00   8.208443e-09   0.000000e+00
  6.060000e+02   8.064482e-09   0.000000e+00   2.272727e-02   0.000000e+00   7.600411e-09   0.000000e+00
  6.070000e+02   0.000000e+00   0.000000e+00   0.000000e+00   0.000000e+00   6.992378e-09   0.000000e+00
  6.080000e+02   0.000000e+00   0.000000e+00   0.000000e+00   0.000000e+00   8.512460e-09   0.000000e+00
  6.090000e+02   8.064482e-09   0.000000e+00   2.325581e-02   0.000000e+00   1.155262e-08   0.000000e+00
  6.100000e+02   8.064482e-09   0.000000e+00   2.380952e-02   0.000000e+00   7.904427e-09   0.000000e+00
  6.110000e+02   1.612896e-08   0.000000e+00   4.878049e-02   0.000000e+00   9.120493e-09   0.000000e+00
  6.120000e+02   8.064482e-09   0.000000e+00   2.564103e-02   0.000000e+00   7.904427e-09   0.000000e+00
  6.130000e+02   0.000000e+00   0.000000e+00   0.000000e+00   0.000000e+00   9.120493e-09   0.000000e+00
  6.140000e+02   0.000000e+00   0.000000e+00   0.000000e+00   0.000000e+00   8.816476e-09   0.000000e+00
  6.150000e+02   1.612896e-08   0.000000e+00   5.263158e-02   0.000000e+00   8.208443e-09   0.000000e+00
  6.160000e+02   1.612896e-08   0.000000e+00   5.555556e-02   0.000000e+00   7.904427e-09   0.000000e+00
  6.170000e+02   0.000000e+00   0.000000e+00   0.000000e+00   0.000000e+00   6.992378e-09   0.000000e+00
  6.180000e+02   0.000000e+00   0.000000e+00   0.000000e+00   0.000000e+00   8.208443e-09   0.000000e+00
  6.190000e+02   0.000000e+00   0.000000e+00   0.000000e+00   0.000000e+00   8.208443e-09   0.000000e+00
  6.200000e+02   0.000000e+00   0.000000e+00   0.000000e+00   0.000000e+00   7.904427e-09   0.000000e+00
  6.210000e+02   8.064482e-09   0.000000e+00   2.941176e-02   0.000000e+00   7.600411e-09   0.000000e+00
  6.220000e+02   0.000000e+00   0.000000e+00   0.000000e+00   0.000000e+00   8.208443e-09   0.000000e+00
  6.230000e+02   0.000000e+00   0.000000e+00   0.000000e+00   0.000000e+00   6.688361e-09   0.000000e+00
  6.240000e+02   0.000000e+00   0.000000e+00   0.000000e+00   0.000000e+00   7.904427e-09   0.000000e+00
  6.250000e+02   8.064482e-09   0.000000e+00   3.030303e-02   0.000000e+00   6.384345e-09   0.000000e+00
  6.260000e+02   0.000000e+00   0.000000e+00   0.000000e+00   0.000000e+00   4.864263e-09   0.000000e+00
  6.270000e+02   1.612896e-08   0.000000e+00   6.250000e-02   0.000000e+00   6.080328e-09   0.000000e+00
  6.280000e+02   2.419345e-08   0.000000e+00   1.000000e-01   0.000000e+00   9.120493e-09   0.000000e+00
  6.290000e+02   2.419345e-08   0.000000e+00   1.111111e-01   0.000000e+00   5.776312e-09   0.000000e+00
  6.300000e+02   0.000000e+00   0.000000e+00   0.000000e+00   0.000000e+00   4.560246e-09   0.000000e+00
  6.310000e+02   0.000000e+00   0.000000e+00   0.000000e+00   0.000000e+00   4.864263e-09   0.000000e+00
  6.320000e+02   0.000000e+00   0.000000e+00   0.000000e+00   0.000000e+00   4.256230e-09   0.000000e+00
  6.330000e+02   8.064482e-09   0.000000e+00   4.166667e-02   0.000000e+00   5.472296e-09   0.000000e+00
  6.340000e+02   8.064482e-09   0.000000e+00   4.347826e-02   0.000000e+00   3.952214e-09   0.000000e+00
  6.350000e+02   8.064482e-09   0.000000e+00   4.545455e-02   0.000000e+00   3.648197e-09   0.000000e+00
  6.360000e+02   0.000000e+00   0.000000e+00   0.000000e+00   0.000000e+00   3.952214e-09   0.000000e+00
  6.370000e+02   0.000000e+00   0.000000e+00   0.000000e+00   0.000000e+00   3.344181e-09   0.000000e+00
  6.380000e+02   0.000000e+00   0.000000e+00   0.000000e+00   0.000000e+00   5.776312e-09   0.000000e+00
  6.390000e+02   0.000000e+00   0.000000e+00   0.000000e+00   0.000000e+00   4.864263e-09   0.000000e+00
  6.400000e+02   0.000000e+00   0.000000e+00   0.000000e+00   0.000000e+00   4.256230e-09   0.000000e+00
  6.410000e+02   0.000000e+00   0.000000e+00   0.000000e+00   0.000000e+00   4.560246e-09   0.000000e+00
  6.420000e+02   0.000000e+00   0.000000e+00   0.000000e+00   0.000000e+00   4.560246e-09   0.000000e+00
  6.430000e+02   8.064482e-09   0.000000e+00   4.761905e-02   0.000000e+00   6.688361e-09   0.000000e+00
  6.440000e+02   0.000000e+00   0.000000e+00   0.000000e+00   0.000000e+00   5.472296e-09   0.000000e+00
  6.450000e+02   8.064482e-09   0.000000e+00   5.000000e-02   0.000000e+00   2.432131e-09   0.000000e+00
  6.460000e+02   0.000000e+00   0.000000e+00   0.000000e+00   0.000000e+00   3.952214e-09   0.000000e+00
  6.470000e+02   0.000000e+00   0.000000e+00   0.000000e+00   0.000000e+00   3.952214e-09   0.000000e+00
  6.480000e+02   0.000000e+00   0.000000e+00   0.000000e+00   0.000000e+00   5.168279e-09   0.000000e+00
  6.490000e+02   0.000000e+00   0.000000e+00   0.000000e+00   0.000000e+00   3.648197e-09   0.000000e+00
  6.500000e+02   0.000000e+00   0.000000e+00   0.000000e+00   0.000000e+00   3.648197e-09   0.000000e+00
  6.510000e+02   0.000000e+00   0.000000e+00   0.000000e+00   0.000000e+00   4.256230e-09   0.000000e+00
  6.520000e+02   0.000000e+00   0.000000e+00   0.000000e+00   0.000000e+00   4.256230e-09   0.000000e+00
  6.530000e+02   0.000000e+00   0.000000e+00   0.000000e+00   0.000000e+00   6.080328e-09   0.000000e+00
  6.540000e+02   0.000000e+00   0.000000e+00   0.000000e+00   0.000000e+00   2.432131e-09   0.000000e+00
  6.550000e+02   8.064482e-09   0.000000e+00   5.263158e-02   0.000000e+00   3.344181e-09   0.000000e+00
  6.560000e+02   0.000000e+00   0.000000e+00   0.000000e+00   0.000000e+00   3.648197e-09   0.000000e+00
  6.570000e+02   1.612896e-08   0.000000e+00   1.111111e-01   0.000000e+00   3.952214e-09   0.000000e+00
  6.580000e+02   8.064482e-09   0.000000e+00   6.250000e-02   0.000000e+00   3.952214e-09   0.000000e+00
  6.590000e+02   0.000000e+00   0.000000e+00   0.000000e+00   0.000000e+00   1.520082e-09   0.000000e+00
  6.600000e+02   0.000000e+00   0.000000e+00   0.000000e+00   0.000000e+00   2.736148e-09   0.000000e+00
  6.610000e+02   2.419345e-08   0.000000e+00   2.000000e-01   0.000000e+00   1.824099e-09   0.000000e+00
  6.620000e+02   8.064482e-09   0.000000e+00   8.333333e-02   0.000000e+00   2.128115e-09   0.000000e+00
  6.630000e+02   8.064482e-09   0.000000e+00   9.090909e-02   0.000000e+00   2.128115e-09   0.000000e+00
  6.640000e+02   0.000000e+00   0.000000e+00   0.000000e+00   0.000000e+00   3.040164e-09   0.000000e+00
  6.650000e+02   8.064482e-09   0.000000e+00   1.000000e-01   0.000000e+00   1.824099e-09   0.000000e+00
  6.660000e+02   0.000000e+00   0.000000e+00   0.000000e+00   0.000000e+00   1.824099e-09   0.000000e+00
  6.670000e+02   0.000000e+00   0.000000e+00   0.000000e+00   0.000000e+00   2.736148e-09   0.000000e+00
  6.680000e+02   8.064482e-09   0.000000e+00   1.111111e-01   0.000000e+00   1.520082e-09   0.000000e+00
  6.690000e+02   0.000000e+00   0.000000e+00   0.000000e+00   0.000000e+00   1.824099e-09   0.000000e+00
  6.700000e+02   0.000000e+00   0.000000e+00   0.000000e+00   0.000000e+00   1.824099e-09   0.000000e+00
  6.710000e+02   0.000000e+00   0.000000e+00   0.000000e+00   0.000000e+00   2.736148e-09   0.000000e+00
  6.720000e+02   8.064482e-09   0.000000e+00   1.250000e-01   0.000000e+00   1.520082e-09   0.000000e+00
  6.730000e+02   0.000000e+00   0.000000e+00   0.000000e+00   0.000000e+00   1.520082e-09   0.000000e+00
  6.740000e+02   0.000000e+00   0.000000e+00   0.000000e+00   0.000000e+00   2.128115e-09   0.000000e+00
  6.750000e+02   0.000000e+00   0.000000e+00   0.000000e+00   0.000000e+00   1.216066e-09   0.000000e+00
  6.760000e+02   0.000000e+00   0.000000e+00   0.000000e+00   0.000000e+00   1.824099e-09   0.000000e+00
  6.770000e+02   0.000000e+00   0.000000e+00   0.000000e+00   0.000000e+00   1.520082e-09   0.000000e+00
  6.780000e+02   0.000000e+00   0.000000e+00   0.000000e+00   0.000000e+00   2.736148e-09   0.000000e+00
  6.790000e+02   0.000000e+00   0.000000e+00   0.000000e+00   0.000000e+00   1.216066e-09   0.000000e+00
  6.800000e+02   0.000000e+00   0.000000e+00   0.000000e+00   0.000000e+00   1.824099e-09   0.000000e+00
  6.810000e+02   0.000000e+00   0.000000e+00   0.000000e+00   0.000000e+00   2.432131e-09   0.000000e+00
  6.820000e+02   0.000000e+00   0.000000e+00   0.000000e+00   0.000000e+00   9.120493e-10   0.000000e+00
  6.830000e+02   0.000000e+00   0.000000e+00   0.000000e+00   0.000000e+00   2.128115e-09   0.000000e+00
  6.840000e+02   0.000000e+00   0.000000e+00   0.000000e+00   0.000000e+00   1.216066e-09   0.000000e+00
  6.850000e+02   0.000000e+00   0.000000e+00   0.000000e+00   0.000000e+00   1.216066e-09   0.000000e+00
  6.860000e+02   0.000000e+00   0.000000e+00   0.000000e+00   0.000000e+00   2.128115e-09   0.000000e+00
  6.870000e+02   0.000000e+00   0.000000e+00   0.000000e+00   0.000000e+00   2.736148e-09   0.000000e+00
  6.880000e+02   0.000000e+00   0.000000e+00   0.000000e+00   0.000000e+00   1.520082e-09   0.000000e+00
  6.890000e+02   0.000000e+00   0.000000e+00   0.000000e+00   0.000000e+00   1.824099e-09   0.000000e+00
  6.900000e+02   8.064482e-09   0.000000e+00   1.428571e-01   0.000000e+00   6.080328e-10   0.000000e+00
  6.910000e+02   0.000000e+00   0.000000e+00   0.000000e+00   0.000000e+00   1.216066e-09   0.000000e+00
  6.920000e+02   0.000000e+00   0.000000e+00   0.000000e+00   0.000000e+00   1.520082e-09   0.000000e+00
  6.930000e+02   0.000000e+00   0.000000e+00   0.000000e+00   0.000000e+00   1.216066e-09   0.000000e+00
  6.940000e+02   0.000000e+00   0.000000e+00   0.000000e+00   0.000000e+00   1.520082e-09   0.000000e+00
  6.950000e+02   0.000000e+00   0.000000e+00   0.000000e+00   0.000000e+00   1.216066e-09   0.000000e+00
  6.960000e+02   0.000000e+00   0.000000e+00   0.000000e+00   0.000000e+00   6.080328e-10   0.000000e+00
  6.970000e+02   0.000000e+00   0.000000e+00   0.000000e+00   0.000000e+00   2.736148e-09   0.000000e+00
  6.980000e+02   0.000000e+00   0.000000e+00   0.000000e+00   0.000000e+00   9.120493e-10   0.000000e+00
  6.990000e+02   0.000000e+00   0.000000e+00   0.000000e+00   0.000000e+00   9.120493e-10   0.000000e+00
  7.000000e+02   0.000000e+00   0.000000e+00   0.000000e+00   0.000000e+00   1.216066e-09   0.000000e+00
  7.010000e+02   0.000000e+00   0.000000e+00   0.000000e+00   0.000000e+00   6.080328e-10   0.000000e+00
  7.020000e+02   0.000000e+00   0.000000e+00   0.000000e+00   0.000000e+00   3.040164e-10   0.000000e+00
  7.030000e+02   0.000000e+00   0.000000e+00   0.000000e+00   0.000000e+00   1.824099e-09   0.000000e+00
  7.040000e+02   0.000000e+00   0.000000e+00   0.000000e+00   0.000000e+00   6.080328e-10   0.000000e+00
  7.050000e+02   0.000000e+00   0.000000e+00   0.000000e+00   0.000000e+00   1.216066e-09   0.000000e+00
  7.060000e+02   8.064482e-09   0.000000e+00   1.666667e-01   0.000000e+00   6.080328e-10   0.000000e+00
  7.070000e+02   0.000000e+00   0.000000e+00   0.000000e+00   0.000000e+00   3.040164e-10   0.000000e+00
  7.080000e+02   0.000000e+00   0.000000e+00   0.000000e+00   0.000000e+00   6.080328e-10   0.000000e+00
  7.090000e+02   0.000000e+00   0.000000e+00   0.000000e+00   0.000000e+00   6.080328e-10   0.000000e+00
  7.100000e+02   0.000000e+00   0.000000e+00   0.000000e+00   0.000000e+00   6.080328e-10   0.000000e+00
  7.110000e+02   0.000000e+00   0.000000e+00   0.000000e+00   0.000000e+00   9.120493e-10   0.000000e+00
  7.120000e+02   0.000000e+00   0.000000e+00   0.000000e+00   0.000000e+00   3.040164e-10   0.000000e+00
  7.130000e+02   0.000000e+00   0.000000e+00   0.000000e+00   0.000000e+00   0.000000e+00   0.000000e+00
  7.140000e+02   0.000000e+00   0.000000e+00   0.000000e+00   0.000000e+00   6.080328e-10   0.000000e+00
  7.150000e+02   8.064482e-09   0.000000e+00   2.000000e-01   0.000000e+00   6.080328e-10   0.000000e+00
  7.160000e+02   0.000000e+00   0.000000e+00   0.000000e+00   0.000000e+00   3.040164e-10   0.000000e+00
  7.170000e+02   8.064482e-09   0.000000e+00   2.500000e-01   0.000000e+00   3.040164e-10   0.000000e+00
  7.180000e+02   0.000000e+00   0.000000e+00   0.000000e+00   0.000000e+00   6.080328e-10   0.000000e+00
  7.190000e+02   0.000000e+00   0.000000e+00   0.000000e+00   0.000000e+00   0.000000e+00   0.000000e+00
  7.200000e+02   0.000000e+00   0.000000e+00   0.000000e+00   0.000000e+00   3.040164e-10   0.000000e+00
  7.210000e+02   0.000000e+00   0.000000e+00   0.000000e+00   0.000000e+00   0.000000e+00   0.000000e+00
  7.220000e+02   0.000000e+00   0.000000e+00   0.000000e+00   0.000000e+00   3.040164e-10   0.000000e+00
  7.230000e+02   0.000000e+00   0.000000e+00   0.000000e+00   0.000000e+00   6.080328e-10   0.000000e+00
  7.240000e+02   0.000000e+00   0.000000e+00   0.000000e+00   0.000000e+00   9.120493e-10   0.000000e+00
  7.250000e+02   0.000000e+00   0.000000e+00   0.000000e+00   0.000000e+00   6.080328e-10   0.000000e+00
  7.260000e+02   0.000000e+00   0.000000e+00   0.000000e+00   0.000000e+00   3.040164e-10   0.000000e+00
  7.270000e+02   0.000000e+00   0.000000e+00   0.000000e+00   0.000000e+00   9.120493e-10   0.000000e+00
  7.280000e+02   0.000000e+00   0.000000e+00   0.000000e+00   0.000000e+00   3.040164e-10   0.000000e+00
  7.290000e+02   0.000000e+00   0.000000e+00   0.000000e+00   0.000000e+00   9.120493e-10   0.000000e+00
  7.300000e+02   0.000000e+00   0.000000e+00   0.000000e+00   0.000000e+00   0.000000e+00   0.000000e+00
  7.310000e+02   0.000000e+00   0.000000e+00   0.000000e+00   0.000000e+00   9.120493e-10   0.000000e+00
  7.320000e+02   0.000000e+00   0.000000e+00   0.000000e+00   0.000000e+00   0.000000e+00   0.000000e+00
  7.330000e+02   0.000000e+00   0.000000e+00   0.000000e+00   0.000000e+00   6.080328e-10   0.000000e+00
  7.340000e+02   0.000000e+00   0.000000e+00   0.000000e+00   0.000000e+00   9.120493e-10   0.000000e+00
  7.350000e+02   0.000000e+00   0.000000e+00   0.000000e+00   0.000000e+00   9.120493e-10   0.000000e+00
  7.360000e+02   0.000000e+00   0.000000e+00   0.000000e+00   0.000000e+00   3.040164e-10   0.000000e+00
  7.370000e+02   0.000000e+00   0.000000e+00   0.000000e+00   0.000000e+00   6.080328e-10   0.000000e+00
  7.380000e+02   0.000000e+00   0.000000e+00   0.000000e+00   0.000000e+00   1.216066e-09   0.000000e+00
  7.390000e+02   0.000000e+00   0.000000e+00   0.000000e+00   0.000000e+00   3.040164e-10   0.000000e+00
  7.400000e+02   0.000000e+00   0.000000e+00   0.000000e+00   0.000000e+00   3.040164e-10   0.000000e+00
  7.410000e+02   0.000000e+00   0.000000e+00   0.000000e+00   0.000000e+00   9.120493e-10   0.000000e+00
  7.420000e+02   0.000000e+00   0.000000e+00   0.000000e+00   0.000000e+00   0.000000e+00   0.000000e+00
  7.430000e+02   0.000000e+00   0.000000e+00   0.000000e+00   0.000000e+00   0.000000e+00   0.000000e+00
  7.440000e+02   0.000000e+00   0.000000e+00   0.000000e+00   0.000000e+00   3.040164e-10   0.000000e+00
  7.450000e+02   0.000000e+00   0.000000e+00   0.000000e+00   0.000000e+00   0.000000e+00   0.000000e+00
  7.460000e+02   0.000000e+00   0.000000e+00   0.000000e+00   0.000000e+00   0.000000e+00   0.000000e+00
  7.470000e+02   0.000000e+00   0.000000e+00   0.000000e+00   0.000000e+00   3.040164e-10   0.000000e+00
  7.480000e+02   0.000000e+00   0.000000e+00   0.000000e+00   0.000000e+00   3.040164e-10   0.000000e+00
  7.490000e+02   8.064482e-09   0.000000e+00   3.333333e-01   0.000000e+00   3.040164e-10   0.000000e+00
  7.500000e+02   0.000000e+00   0.000000e+00   0.000000e+00   0.000000e+00   1.216066e-09   0.000000e+00
  7.510000e+02   0.000000e+00   0.000000e+00   0.000000e+00   0.000000e+00   6.080328e-10   0.000000e+00
  7.520000e+02   0.000000e+00   0.000000e+00   0.000000e+00   0.000000e+00   3.040164e-10   0.000000e+00
  7.530000e+02   0.000000e+00   0.000000e+00   0.000000e+00   0.000000e+00   9.120493e-10   0.000000e+00
  7.540000e+02   8.064482e-09   0.000000e+00   5.000000e-01   0.000000e+00   6.080328e-10   0.000000e+00
  7.550000e+02   0.000000e+00   0.000000e+00   0.000000e+00   0.000000e+00   0.000000e+00   0.000000e+00
  7.560000e+02   0.000000e+00   0.000000e+00   0.000000e+00   0.000000e+00   0.000000e+00   0.000000e+00
  7.570000e+02   0.000000e+00   0.000000e+00   0.000000e+00   0.000000e+00   0.000000e+00   0.000000e+00
  7.580000e+02   0.000000e+00   0.000000e+00   0.000000e+00   0.000000e+00   3.040164e-10   0.000000e+00
  7.590000e+02   0.000000e+00   0.000000e+00   0.000000e+00   0.000000e+00   0.000000e+00   0.000000e+00
  7.600000e+02   0.000000e+00   0.000000e+00   0.000000e+00   0.000000e+00   0.000000e+00   0.000000e+00
  7.610000e+02   0.000000e+00   0.000000e+00   0.000000e+00   0.000000e+00   6.080328e-10   0.000000e+00
  7.620000e+02   0.000000e+00   0.000000e+00   0.000000e+00   0.000000e+00   0.000000e+00   0.000000e+00
  7.630000e+02   0.000000e+00   0.000000e+00   0.000000e+00   0.000000e+00   6.080328e-10   0.000000e+00
  7.640000e+02   0.000000e+00   0.000000e+00   0.000000e+00   0.000000e+00   0.000000e+00   0.000000e+00
  7.650000e+02   0.000000e+00   0.000000e+00   0.000000e+00   0.000000e+00   3.040164e-10   0.000000e+00
  7.660000e+02   0.000000e+00   0.000000e+00   0.000000e+00   0.000000e+00   3.040164e-10   0.000000e+00
  7.670000e+02   0.000000e+00   0.000000e+00   0.000000e+00   0.000000e+00   0.000000e+00   0.000000e+00
  7.680000e+02   0.000000e+00   0.000000e+00   0.000000e+00   0.000000e+00   3.040164e-10   0.000000e+00
  7.690000e+02   0.000000e+00   0.000000e+00   0.000000e+00   0.000000e+00   3.040164e-10   0.000000e+00
  7.700000e+02   0.000000e+00   0.000000e+00   0.000000e+00   0.000000e+00   0.000000e+00   0.000000e+00
  7.710000e+02   0.000000e+00   0.000000e+00   0.000000e+00   0.000000e+00   0.000000e+00   0.000000e+00
  7.720000e+02   0.000000e+00   0.000000e+00   0.000000e+00   0.000000e+00   0.000000e+00   0.000000e+00
  7.730000e+02   0.000000e+00   0.000000e+00   0.000000e+00   0.000000e+00   0.000000e+00   0.000000e+00
  7.740000e+02   0.000000e+00   0.000000e+00   0.000000e+00   0.000000e+00   0.000000e+00   0.000000e+00
  7.750000e+02   0.000000e+00   0.000000e+00   0.000000e+00   0.000000e+00   0.000000e+00   0.000000e+00
  7.760000e+02   0.000000e+00   0.000000e+00   0.000000e+00   0.000000e+00   0.000000e+00   0.000000e+00
  7.770000e+02   0.000000e+00   0.000000e+00   0.000000e+00   0.000000e+00   0.000000e+00   0.000000e+00
  7.780000e+02   0.000000e+00   0.000000e+00   0.000000e+00   0.000000e+00   0.000000e+00   0.000000e+00
  7.790000e+02   0.000000e+00   0.000000e+00   0.000000e+00   0.000000e+00   0.000000e+00   0.000000e+00
  7.800000e+02   0.000000e+00   0.000000e+00   0.000000e+00   0.000000e+00   0.000000e+00   0.000000e+00
  7.810000e+02   0.000000e+00   0.000000e+00   0.000000e+00   0.000000e+00   0.000000e+00   0.000000e+00
  7.820000e+02   0.000000e+00   0.000000e+00   0.000000e+00   0.000000e+00   6.080328e-10   0.000000e+00
  7.830000e+02   0.000000e+00   0.000000e+00   0.000000e+00   0.000000e+00   0.000000e+00   0.000000e+00
  7.840000e+02   0.000000e+00   0.000000e+00   0.000000e+00   0.000000e+00   3.040164e-10   0.000000e+00
  7.850000e+02   0.000000e+00   0.000000e+00   0.000000e+00   0.000000e+00   3.040164e-10   0.000000e+00
  7.860000e+02   0.000000e+00   0.000000e+00   0.000000e+00   0.000000e+00   0.000000e+00   0.000000e+00
  7.870000e+02   0.000000e+00   0.000000e+00   0.000000e+00   0.000000e+00   0.000000e+00   0.000000e+00
  7.880000e+02   0.000000e+00   0.000000e+00   0.000000e+00   0.000000e+00   3.040164e-10   0.000000e+00
  7.890000e+02   0.000000e+00   0.000000e+00   0.000000e+00   0.000000e+00   0.000000e+00   0.000000e+00
  7.900000e+02   0.000000e+00   0.000000e+00   0.000000e+00   0.000000e+00   0.000000e+00   0.000000e+00
  7.910000e+02   0.000000e+00   0.000000e+00   0.000000e+00   0.000000e+00   0.000000e+00   0.000000e+00
  7.920000e+02   0.000000e+00   0.000000e+00   0.000000e+00   0.000000e+00   0.000000e+00   0.000000e+00
  7.930000e+02   0.000000e+00   0.000000e+00   0.000000e+00   0.000000e+00   6.080328e-10   0.000000e+00
  7.940000e+02   0.000000e+00   0.000000e+00   0.000000e+00   0.000000e+00   0.000000e+00   0.000000e+00
  7.950000e+02   0.000000e+00   0.000000e+00   0.000000e+00   0.000000e+00   3.040164e-10   0.000000e+00
  7.960000e+02   0.000000e+00   0.000000e+00   0.000000e+00   0.000000e+00   0.000000e+00   0.000000e+00
  7.970000e+02   0.000000e+00   0.000000e+00   0.000000e+00   0.000000e+00   0.000000e+00   0.000000e+00
  7.980000e+02   0.000000e+00   0.000000e+00   0.000000e+00   0.000000e+00   0.000000e+00   0.000000e+00
  7.990000e+02   0.000000e+00   0.000000e+00   0.000000e+00   0.000000e+00   3.040164e-10   0.000000e+00
  8.000000e+02   0.000000e+00   0.000000e+00   0.000000e+00   0.000000e+00   0.000000e+00   0.000000e+00
  8.010000e+02   0.000000e+00   0.000000e+00   0.000000e+00   0.000000e+00   0.000000e+00   0.000000e+00
  8.020000e+02   0.000000e+00   0.000000e+00   0.000000e+00   0.000000e+00   3.040164e-10   0.000000e+00
  8.030000e+02   0.000000e+00   0.000000e+00   0.000000e+00   0.000000e+00   0.000000e+00   0.000000e+00
  8.040000e+02   0.000000e+00   0.000000e+00   0.000000e+00   0.000000e+00   6.080328e-10   0.000000e+00
  8.050000e+02   0.000000e+00   0.000000e+00   0.000000e+00   0.000000e+00   0.000000e+00   0.000000e+00
  8.060000e+02   0.000000e+00   0.000000e+00   0.000000e+00   0.000000e+00   0.000000e+00   0.000000e+00
  8.070000e+02   8.064482e-09   0.000000e+00   1.000000e+00   0.000000e+00   9.120493e-10   0.000000e+00
