#            n        P[xf,n]        P[sf,n]        P[xf|n]        P[sf|n]     P[xf,n|sf]     P[sf,n|xf]  
  0.000000e+00   0.000000e+00   0.000000e+00   0.000000e+00   0.000000e+00   0.000000e+00   0.000000e+00
  1.000000e+00   3.352246e-02   2.166456e-01   3.352010e-02   2.166393e-01   1.003112e-01   2.497505e-01
  2.000000e+00   4.359907e-02   1.351879e-01   4.510820e-02   1.725700e-01   4.967495e-02   1.709010e-01
  3.000000e+00   4.666157e-02   9.380209e-02   5.055745e-02   1.447140e-01   4.735932e-02   1.212916e-01
  4.000000e+00   4.677858e-02   7.046211e-02   5.338335e-02   1.270995e-01   4.491528e-02   8.853152e-02
  5.000000e+00   4.563171e-02   5.594692e-02   5.501146e-02   1.156116e-01   4.248751e-02   6.616410e-02
  6.000000e+00   4.382153e-02   4.614932e-02   5.590480e-02   1.078324e-01   4.012183e-02   5.046370e-02
  7.000000e+00   4.175449e-02   3.906727e-02   5.642225e-02   1.023181e-01   3.785891e-02   3.912231e-02
  8.000000e+00   3.960417e-02   3.369694e-02   5.671687e-02   9.831255e-02   3.570713e-02   3.084073e-02
  9.000000e+00   3.740120e-02   2.945815e-02   5.678275e-02   9.531682e-02   3.366858e-02   2.469408e-02
  1.000000e+01   3.527458e-02   2.604952e-02   5.677833e-02   9.316846e-02   3.174058e-02   2.006326e-02
  1.100000e+01   3.322654e-02   2.317584e-02   5.670141e-02   9.140706e-02   2.992834e-02   1.656040e-02
  1.200000e+01   3.132048e-02   2.077639e-02   5.666172e-02   9.018758e-02   2.822255e-02   1.384607e-02
  1.300000e+01   2.949558e-02   1.867770e-02   5.656561e-02   8.911484e-02   2.661372e-02   1.170888e-02
  1.400000e+01   2.777658e-02   1.686987e-02   5.646305e-02   8.836424e-02   2.510252e-02   1.004527e-02
  1.500000e+01   2.615783e-02   1.527303e-02   5.635469e-02   8.775468e-02   2.367241e-02   8.701531e-03
  1.600000e+01   2.463764e-02   1.386416e-02   5.624972e-02   8.732311e-02   2.233957e-02   7.572655e-03
  1.700000e+01   2.321672e-02   1.258019e-02   5.616516e-02   8.681758e-02   2.107944e-02   6.677967e-03
  1.800000e+01   2.189534e-02   1.144474e-02   5.612076e-02   8.649092e-02   1.988994e-02   5.909474e-03
  1.900000e+01   2.060666e-02   1.042439e-02   5.595839e-02   8.623911e-02   1.877159e-02   5.251498e-03
  2.000000e+01   1.945261e-02   9.493339e-03   5.595592e-02   8.594924e-02   1.771504e-02   4.693477e-03
  2.100000e+01   1.831429e-02   8.670780e-03   5.580432e-02   8.588406e-02   1.672067e-02   4.235240e-03
  2.200000e+01   1.727007e-02   7.903518e-03   5.573292e-02   8.563975e-02   1.578292e-02   3.804554e-03
  2.300000e+01   1.630420e-02   7.222488e-03   5.572167e-02   8.559067e-02   1.490226e-02   3.445154e-03
  2.400000e+01   1.538151e-02   6.586638e-03   5.567054e-02   8.536203e-02   1.407017e-02   3.120218e-03
  2.500000e+01   1.453331e-02   6.016300e-03   5.570180e-02   8.524783e-02   1.328608e-02   2.832195e-03
  2.600000e+01   1.368026e-02   5.498324e-03   5.552541e-02   8.516924e-02   1.254723e-02   2.571433e-03
  2.700000e+01   1.293002e-02   5.024959e-03   5.556589e-02   8.508363e-02   1.184620e-02   2.342109e-03
  2.800000e+01   1.219353e-02   4.591324e-03   5.548412e-02   8.497128e-02   1.118832e-02   2.133812e-03
  2.900000e+01   1.149997e-02   4.198973e-03   5.540243e-02   8.492677e-02   1.056512e-02   1.938892e-03
  3.000000e+01   1.087041e-02   3.826198e-03   5.544128e-02   8.456967e-02   9.977854e-03   1.772179e-03
  3.100000e+01   1.023440e-02   3.509530e-03   5.526148e-02   8.473692e-02   9.423326e-03   1.621605e-03
  3.200000e+01   9.678357e-03   3.204803e-03   5.531615e-02   8.454360e-02   8.903482e-03   1.479113e-03
  3.300000e+01   9.156532e-03   2.933019e-03   5.539830e-02   8.451981e-02   8.409427e-03   1.347488e-03
  3.400000e+01   8.634112e-03   2.679144e-03   5.530145e-02   8.433190e-02   7.943269e-03   1.234521e-03
  3.500000e+01   8.134753e-03   2.453977e-03   5.515331e-02   8.435878e-02   7.504120e-03   1.125725e-03
  3.600000e+01   7.700109e-03   2.247450e-03   5.525409e-02   8.437735e-02   7.088115e-03   1.031415e-03
  3.700000e+01   7.267730e-03   2.054220e-03   5.520177e-02   8.423024e-02   6.696487e-03   9.423718e-04
  3.800000e+01   6.864818e-03   1.877440e-03   5.518814e-02   8.406248e-02   6.327296e-03   8.599274e-04
  3.900000e+01   6.473891e-03   1.712681e-03   5.508565e-02   8.372374e-02   5.978038e-03   7.870018e-04
  4.000000e+01   6.110160e-03   1.570944e-03   5.502187e-02   8.381229e-02   5.648706e-03   7.244144e-04
  4.100000e+01   5.784969e-03   1.438022e-03   5.512696e-02   8.373950e-02   5.337504e-03   6.610300e-04
  4.200000e+01   5.457036e-03   1.316024e-03   5.503616e-02   8.363949e-02   5.043999e-03   6.029785e-04
  4.300000e+01   5.135234e-03   1.204566e-03   5.480726e-02   8.354373e-02   4.763971e-03   5.520029e-04
  4.400000e+01   4.857670e-03   1.104441e-03   5.485135e-02   8.358264e-02   4.502354e-03   5.027180e-04
  4.500000e+01   4.593462e-03   1.009002e-03   5.487837e-02   8.332485e-02   4.258601e-03   4.617080e-04
  4.600000e+01   4.336970e-03   9.228599e-04   5.482288e-02   8.313910e-02   4.025031e-03   4.194468e-04
  4.700000e+01   4.095794e-03   8.477652e-04   5.477747e-02   8.329960e-02   3.803006e-03   3.905179e-04
  4.800000e+01   3.860747e-03   7.739810e-04   5.462642e-02   8.296057e-02   3.594700e-03   3.566732e-04
  4.900000e+01   3.658818e-03   7.079756e-04   5.476087e-02   8.275098e-02   3.397152e-03   3.226944e-04
  5.000000e+01   3.460808e-03   6.509814e-04   5.479834e-02   8.295399e-02   3.212317e-03   2.972661e-04
  5.100000e+01   3.265344e-03   5.974700e-04   5.470118e-02   8.302236e-02   3.035419e-03   2.763813e-04
  5.200000e+01   3.076227e-03   5.454481e-04   5.451530e-02   8.265623e-02   2.868106e-03   2.498731e-04
  5.300000e+01   2.922827e-03   5.006358e-04   5.478355e-02   8.270158e-02   2.714214e-03   2.290180e-04
  5.400000e+01   2.757643e-03   4.578170e-04   5.468338e-02   8.244697e-02   2.564705e-03   2.096452e-04
  5.500000e+01   2.594157e-03   4.180680e-04   5.441738e-02   8.205404e-02   2.426043e-03   1.910991e-04
  5.600000e+01   2.458030e-03   3.854117e-04   5.452938e-02   8.240664e-02   2.293646e-03   1.769922e-04
  5.700000e+01   2.327870e-03   3.518512e-04   5.462046e-02   8.198766e-02   2.167905e-03   1.607848e-04
  5.800000e+01   2.196154e-03   3.224989e-04   5.450732e-02   8.185970e-02   2.049848e-03   1.459331e-04
  5.900000e+01   2.076928e-03   2.964960e-04   5.452016e-02   8.196963e-02   1.937929e-03   1.366154e-04
  6.000000e+01   1.961115e-03   2.699176e-04   5.444872e-02   8.128483e-02   1.831706e-03   1.242587e-04
  6.100000e+01   1.852176e-03   2.496903e-04   5.438557e-02   8.184639e-02   1.732733e-03   1.152389e-04
  6.200000e+01   1.750337e-03   2.293654e-04   5.435137e-02   8.188653e-02   1.637932e-03   1.041113e-04
  6.300000e+01   1.657406e-03   2.111836e-04   5.442386e-02   8.212010e-02   1.548988e-03   9.573204e-05
  6.400000e+01   1.564281e-03   1.909270e-04   5.432254e-02   8.088564e-02   1.465389e-03   8.842533e-05
  6.500000e+01   1.475283e-03   1.769890e-04   5.417501e-02   8.157970e-02   1.385292e-03   8.029932e-05
  6.600000e+01   1.395484e-03   1.624624e-04   5.418002e-02   8.153599e-02   1.309863e-03   7.427370e-05
  6.700000e+01   1.322896e-03   1.482252e-04   5.430420e-02   8.099497e-02   1.239057e-03   6.841940e-05
  6.800000e+01   1.249086e-03   1.366677e-04   5.421892e-02   8.126148e-02   1.171813e-03   6.226716e-05
  6.900000e+01   1.181674e-03   1.253833e-04   5.423352e-02   8.114610e-02   1.108214e-03   5.781313e-05
  7.000000e+01   1.118665e-03   1.152339e-04   5.428601e-02   8.116385e-02   1.048808e-03   5.281537e-05
  7.100000e+01   1.054144e-03   1.056601e-04   5.409154e-02   8.099464e-02   9.923194e-04   4.842836e-05
  7.200000e+01   9.933693e-04   9.860979e-05   5.388799e-02   8.225239e-02   9.390914e-04   4.442866e-05
  7.300000e+01   9.425314e-04   8.868800e-05   5.404257e-02   8.060674e-02   8.878139e-04   4.028000e-05
  7.400000e+01   8.898089e-04   8.126373e-05   5.393450e-02   8.033447e-02   8.393736e-04   3.683147e-05
  7.500000e+01   8.472243e-04   7.542968e-05   5.428101e-02   8.108127e-02   7.945443e-04   3.392667e-05
  7.600000e+01   7.987923e-04   6.862979e-05   5.411567e-02   8.028150e-02   7.506119e-04   3.154323e-05
  7.700000e+01   7.512095e-04   6.288679e-05   5.380386e-02   7.998511e-02   7.104077e-04   2.936835e-05
  7.800000e+01   7.105615e-04   5.845109e-05   5.378659e-02   8.080672e-02   6.724715e-04   2.645610e-05
  7.900000e+01   6.702785e-04   5.380726e-05   5.362152e-02   8.092616e-02   6.355500e-04   2.530907e-05
  8.000000e+01   6.376528e-04   4.802199e-05   5.390207e-02   7.858507e-02   6.024895e-04   2.187544e-05
  8.100000e+01   6.003195e-04   4.540740e-05   5.363759e-02   8.064386e-02   5.696993e-04   2.113806e-05
  8.200000e+01   5.705170e-04   4.060422e-05   5.386406e-02   7.843901e-02   5.391623e-04   1.886635e-05
  8.300000e+01   5.395673e-04   3.860425e-05   5.384249e-02   8.092356e-02   5.101683e-04   1.739161e-05
  8.400000e+01   5.124388e-04   3.583682e-05   5.404558e-02   8.173680e-02   4.829215e-04   1.642334e-05
  8.500000e+01   4.807890e-04   3.208403e-05   5.360478e-02   7.969177e-02   4.567710e-04   1.451659e-05
  8.600000e+01   4.527071e-04   2.917026e-05   5.333301e-02   7.872841e-02   4.322935e-04   1.305674e-05
  8.700000e+01   4.316196e-04   2.729062e-05   5.371345e-02   7.994970e-02   4.094120e-04   1.206613e-05
  8.800000e+01   4.083347e-04   2.509553e-05   5.370037e-02   7.990764e-02   3.868867e-04   1.141813e-05
  8.900000e+01   3.834036e-04   2.321263e-05   5.328309e-02   8.033132e-02   3.665070e-04   1.024131e-05
  9.000000e+01   3.637239e-04   2.057853e-05   5.339325e-02   7.743609e-02   3.468295e-04   9.332626e-06
  9.100000e+01   3.454446e-04   1.954115e-05   5.357046e-02   7.970447e-02   3.282914e-04   8.736768e-06
  9.200000e+01   3.251914e-04   1.776882e-05   5.328424e-02   7.875355e-02   3.109889e-04   8.044083e-06
  9.300000e+01   3.101672e-04   1.609405e-05   5.368297e-02   7.742975e-02   2.945049e-04   7.068366e-06
  9.400000e+01   2.940406e-04   1.497537e-05   5.377882e-02   7.809453e-02   2.784114e-04   6.785333e-06
  9.500000e+01   2.774522e-04   1.417538e-05   5.362905e-02   8.018469e-02   2.636676e-04   6.219268e-06
  9.600000e+01   2.620555e-04   1.243557e-05   5.352342e-02   7.647541e-02   2.495941e-04   5.526583e-06
  9.700000e+01   2.449010e-04   1.205509e-05   5.284833e-02   8.027458e-02   2.359879e-04   5.645755e-06
  9.800000e+01   2.341152e-04   1.089088e-05   5.333999e-02   7.885195e-02   2.240064e-04   4.744520e-06
  9.900000e+01   2.225398e-04   9.964067e-06   5.355994e-02   7.831710e-02   2.117436e-04   4.506176e-06
  1.000000e+02   2.113293e-04   9.066520e-06   5.374038e-02   7.731773e-02   2.005697e-04   4.238040e-06
  1.010000e+02   1.966106e-04   8.325069e-06   5.283734e-02   7.694389e-02   1.897447e-04   3.865629e-06
  1.020000e+02   1.888713e-04   7.736460e-06   5.358898e-02   7.746410e-02   1.800296e-04   3.664527e-06
  1.030000e+02   1.773182e-04   7.391750e-06   5.316001e-02   8.022730e-02   1.706506e-04   3.478321e-06
  1.040000e+02   1.683499e-04   6.416156e-06   5.330513e-02   7.571281e-02   1.613456e-04   2.904808e-06
  1.050000e+02   1.570501e-04   6.090958e-06   5.252734e-02   7.776302e-02   1.526072e-04   2.711154e-06
  1.060000e+02   1.515678e-04   5.612917e-06   5.350428e-02   7.770225e-02   1.446043e-04   2.361087e-06
  1.070000e+02   1.420855e-04   5.219428e-06   5.299259e-02   7.834236e-02   1.366253e-04   2.227019e-06
  1.080000e+02   1.346218e-04   4.582040e-06   5.301850e-02   7.462133e-02   1.296197e-04   2.033366e-06
  1.090000e+02   1.279328e-04   4.328385e-06   5.320533e-02   7.617467e-02   1.227147e-04   2.167434e-06
  1.100000e+02   1.208416e-04   3.879612e-06   5.308035e-02   7.390658e-02   1.162942e-04   1.780126e-06
  1.110000e+02   1.140408e-04   3.599942e-06   5.290146e-02   7.405178e-02   1.100040e-04   1.549231e-06
  1.120000e+02   1.075157e-04   3.343035e-06   5.266038e-02   7.426672e-02   1.041272e-04   1.541783e-06
  1.130000e+02   1.024878e-04   3.271492e-06   5.298832e-02   7.850788e-02   9.859227e-05   1.593920e-06
  1.140000e+02   9.802595e-05   3.014585e-06   5.351725e-02   7.850610e-02   9.375630e-05   1.482197e-06
  1.150000e+02   9.324383e-05   2.715403e-06   5.378488e-02   7.673927e-02   8.835191e-05   1.221509e-06
  1.160000e+02   8.522894e-05   2.546300e-06   5.195619e-02   7.794147e-02   8.389662e-05   1.117234e-06
  1.170000e+02   8.116191e-05   2.318662e-06   5.218866e-02   7.697290e-02   7.945478e-05   1.132130e-06
  1.180000e+02   7.805577e-05   2.123543e-06   5.295500e-02   7.637427e-02   7.493641e-05   1.050200e-06
  1.190000e+02   7.178389e-05   2.025984e-06   5.142311e-02   7.889072e-02   7.139446e-05   8.267530e-07
  1.200000e+02   6.913958e-05   1.788589e-06   5.221383e-02   7.561177e-02   6.764722e-05   7.075814e-07
  1.210000e+02   6.703157e-05   1.824361e-06   5.341128e-02   8.343248e-02   6.389521e-05   9.086835e-07
  1.220000e+02   6.138540e-05   1.599974e-06   5.167225e-02   7.983125e-02   6.059911e-05   7.299261e-07
  1.230000e+02   5.899434e-05   1.378840e-06   5.236537e-02   7.476636e-02   5.754863e-05   5.511687e-07
  1.240000e+02   5.693103e-05   1.359328e-06   5.332636e-02   7.966457e-02   5.446369e-05   6.107545e-07
  1.250000e+02   5.334816e-05   1.151201e-06   5.278519e-02   7.330710e-02   5.182924e-05   4.692382e-07
  1.260000e+02   5.090496e-05   1.004862e-06   5.317460e-02   6.905028e-02   4.903263e-05   5.139276e-07
  1.270000e+02   4.726251e-05   9.755940e-07   5.214240e-02   7.201152e-02   4.635503e-05   3.426184e-07
  1.280000e+02   4.604091e-05   9.593341e-07   5.358892e-02   7.630626e-02   4.378150e-05   5.064793e-07
  1.290000e+02   4.223458e-05   8.975465e-07   5.194210e-02   7.728927e-02   4.157174e-05   3.351701e-07
  1.300000e+02   3.972434e-05   7.707193e-07   5.153205e-02   7.192716e-02   3.943396e-05   3.426184e-07
  1.310000e+02   3.735563e-05   7.609633e-07   5.109214e-02   7.652060e-02   3.747416e-05   3.500666e-07
  1.320000e+02   3.614893e-05   6.796638e-07   5.210380e-02   7.400850e-02   3.545974e-05   3.873077e-07
  1.330000e+02   3.479325e-05   5.495846e-07   5.290700e-02   6.462715e-02   3.367598e-05   2.904808e-07
  1.340000e+02   3.223832e-05   4.877970e-07   5.176043e-02   6.132461e-02   3.183585e-05   2.234468e-07
  1.350000e+02   3.062938e-05   5.495846e-07   5.186157e-02   7.360627e-02   3.018433e-05   2.383432e-07
  1.360000e+02   2.835006e-05   4.877970e-07   5.062786e-02   7.052186e-02   2.865920e-05   2.011021e-07
  1.370000e+02   2.747110e-05   4.747891e-07   5.167437e-02   7.384927e-02   2.703760e-05   2.308950e-07
  1.380000e+02   2.643572e-05   4.097495e-07   5.243639e-02   6.881486e-02   2.573923e-05   1.266198e-07
  1.390000e+02   2.517688e-05   3.577178e-07   5.270298e-02   6.451613e-02   2.448705e-05   1.415163e-07
  1.400000e+02   2.394038e-05   4.227574e-07   5.290274e-02   8.150470e-02   2.314619e-05   2.085503e-07
  1.410000e+02   2.225696e-05   3.219460e-07   5.193000e-02   6.757679e-02   2.196771e-05   1.042752e-07
  1.420000e+02   2.084169e-05   3.707257e-07   5.129239e-02   8.345534e-02   2.074132e-05   1.862056e-07
  1.430000e+02   2.004467e-05   3.284500e-07   5.199799e-02   8.067093e-02   1.976381e-05   1.266198e-07
  1.440000e+02   1.956795e-05   3.024341e-07   5.354559e-02   8.079930e-02   1.867009e-05   1.638610e-07
  1.450000e+02   1.798136e-05   2.243866e-07   5.198777e-02   6.521739e-02   1.772033e-05   9.682693e-08
  1.460000e+02   1.655864e-05   1.723549e-07   5.049977e-02   5.358948e-02   1.681609e-05   2.979290e-08
  1.470000e+02   1.618620e-05   2.081267e-07   5.198938e-02   6.837607e-02   1.585874e-05   1.042752e-07
  1.480000e+02   1.561264e-05   2.146307e-07   5.289723e-02   7.568807e-02   1.524023e-05   1.191716e-07
  1.490000e+02   1.415268e-05   1.853629e-07   5.062886e-02   7.071960e-02   1.428397e-05   9.682693e-08
  1.500000e+02   1.402605e-05   1.821109e-07   5.285169e-02   7.476636e-02   1.352086e-05   3.724113e-08
  1.510000e+02   1.299067e-05   1.365832e-07   5.168173e-02   6.060606e-02   1.294181e-05   9.682693e-08
  1.520000e+02   1.234263e-05   1.560950e-07   5.177963e-02   7.373272e-02   1.225566e-05   3.724113e-08
  1.530000e+02   1.177652e-05   1.430871e-07   5.210256e-02   7.296849e-02   1.155651e-05   6.703403e-08
  1.540000e+02   1.144133e-05   1.170713e-07   5.340194e-02   6.440072e-02   1.094039e-05   5.958580e-08
  1.550000e+02   1.045064e-05   1.300792e-07   5.153162e-02   7.648184e-02   1.042421e-05   1.489645e-08
  1.560000e+02   9.891980e-06   1.235752e-07   5.142702e-02   7.867495e-02   9.772532e-06   4.468935e-08
  1.570000e+02   9.035370e-06   1.105673e-07   4.952031e-02   7.640449e-02   9.342201e-06   5.958580e-08
  1.580000e+02   8.715073e-06   9.755940e-08   5.025557e-02   7.299270e-02   8.947640e-06   5.213758e-08
  1.590000e+02   8.350083e-06   8.129950e-08   5.069875e-02   6.561680e-02   8.472867e-06   6.703403e-08
  1.600000e+02   8.119170e-06   7.804752e-08   5.192949e-02   6.741573e-02   8.057494e-06   2.234468e-08
  1.610000e+02   7.150829e-06   5.203168e-08   4.824121e-02   4.819277e-02   7.619358e-06   2.234468e-08
  1.620000e+02   7.381741e-06   6.503960e-08   5.232313e-02   6.329114e-02   7.203985e-06   3.724113e-08
  1.630000e+02   6.502785e-06   7.804752e-08   4.863781e-02   8.108108e-02   6.812676e-06   2.234468e-08
  1.640000e+02   6.703902e-06   5.528366e-08   5.270555e-02   6.250000e-02   6.539085e-06   1.489645e-08
  1.650000e+02   6.227180e-06   5.853564e-08   5.168150e-02   7.058824e-02   6.198072e-06   2.979290e-08
  1.660000e+02   5.713214e-06   6.829158e-08   5.000000e-02   8.860759e-02   5.877871e-06   2.979290e-08
  1.670000e+02   5.430161e-06   5.528366e-08   5.002402e-02   7.870370e-02   5.542494e-06   2.234468e-08
  1.680000e+02   5.452507e-06   3.902376e-08   5.287489e-02   6.030151e-02   5.255246e-06   7.448225e-09
  1.690000e+02   4.551205e-06   2.601584e-08   4.659854e-02   4.278075e-02   5.027181e-06   1.489645e-08
  1.700000e+02   4.841707e-06   5.853564e-08   5.199584e-02   1.005587e-01   4.790878e-06   1.489645e-08
  1.710000e+02   4.260702e-06   3.251980e-08   4.826597e-02   6.211180e-02   4.557610e-06   7.448225e-09
  1.720000e+02   4.141522e-06   4.552772e-08   4.929515e-02   9.271523e-02   4.310034e-06   1.489645e-08
  1.730000e+02   4.506512e-06   3.902376e-08   5.642078e-02   8.759124e-02   4.110152e-06   2.979290e-08
  1.740000e+02   3.843571e-06   3.577178e-08   5.099822e-02   8.800000e-02   3.860191e-06   2.234468e-08
  1.750000e+02   3.255117e-06   2.601584e-08   4.551135e-02   7.017544e-02   3.715591e-06   0.000000e+00
  1.760000e+02   3.277463e-06   2.601584e-08   4.800873e-02   7.547170e-02   3.486443e-06   7.448225e-09
  1.770000e+02   3.486029e-06   1.300792e-08   5.363897e-02   4.081633e-02   3.295233e-06   0.000000e+00
  1.780000e+02   3.098693e-06   2.601584e-08   5.038149e-02   8.510638e-02   3.199411e-06   7.448225e-09
  1.790000e+02   2.979512e-06   1.951188e-08   5.101390e-02   6.976744e-02   2.979801e-06   2.234468e-08
  1.800000e+02   3.054000e-06   3.251980e-09   5.510012e-02   1.250000e-02   2.852110e-06   0.000000e+00
  1.810000e+02   2.800741e-06   1.951188e-08   5.347746e-02   7.594937e-02   2.715749e-06   0.000000e+00
  1.820000e+02   2.502790e-06   2.276386e-08   5.048835e-02   9.589041e-02   2.551204e-06   7.448225e-09
  1.830000e+02   2.428302e-06   1.951188e-08   5.159044e-02   9.090909e-02   2.443892e-06   7.448225e-09
  1.840000e+02   2.212288e-06   6.503960e-09   4.955782e-02   3.333333e-02   2.277396e-06   0.000000e+00
  1.850000e+02   2.189941e-06   1.300792e-08   5.161517e-02   6.896552e-02   2.183742e-06   0.000000e+00
  1.860000e+02   1.966478e-06   6.503960e-09   4.887079e-02   3.703704e-02   2.094857e-06   0.000000e+00
  1.870000e+02   1.787707e-06   1.300792e-08   4.671078e-02   7.692308e-02   1.951992e-06   7.448225e-09
  1.880000e+02   2.003722e-06   1.300792e-08   5.492038e-02   8.333333e-02   1.904948e-06   7.448225e-09
  1.890000e+02   1.832400e-06   1.300792e-08   5.314323e-02   9.090909e-02   1.791783e-06   7.448225e-09
  1.900000e+02   1.698322e-06   3.251980e-09   5.201916e-02   2.500000e-02   1.700513e-06   0.000000e+00
  1.910000e+02   1.430166e-06   1.300792e-08   4.620939e-02   1.025641e-01   1.610978e-06   0.000000e+00
  1.920000e+02   1.467410e-06   1.300792e-08   4.970982e-02   1.142857e-01   1.562417e-06   1.489645e-08
  1.930000e+02   1.400371e-06   9.755940e-09   4.992034e-02   9.677419e-02   1.463343e-06   0.000000e+00
  1.940000e+02   1.400371e-06   3.251980e-09   5.254332e-02   3.571429e-02   1.383781e-06   7.448225e-09
  1.950000e+02   1.191805e-06   6.503960e-09   4.719764e-02   7.407407e-02   1.320478e-06   0.000000e+00
  1.960000e+02   1.281190e-06   9.755940e-09   5.325077e-02   1.200000e-01   1.242650e-06   0.000000e+00
  1.970000e+02   1.162010e-06   9.755940e-09   5.101373e-02   1.363636e-01   1.178262e-06   1.489645e-08
  1.980000e+02   1.117317e-06   1.300792e-08   5.168849e-02   2.105263e-01   1.105420e-06   7.448225e-09
  1.990000e+02   9.608926e-07   0.000000e+00   4.687500e-02   0.000000e+00   1.072251e-06   0.000000e+00
  2.000000e+02   9.459951e-07   3.251980e-09   4.841784e-02   6.666667e-02   1.002011e-06   7.448225e-09
  2.010000e+02   1.050278e-06   6.503960e-09   5.649038e-02   1.428571e-01   9.332879e-07   0.000000e+00
  2.020000e+02   9.162000e-07   0.000000e+00   5.222930e-02   0.000000e+00   8.966501e-07   0.000000e+00
  2.030000e+02   9.162000e-07   0.000000e+00   5.510753e-02   0.000000e+00   8.359485e-07   0.000000e+00
  2.040000e+02   8.566097e-07   0.000000e+00   5.452821e-02   0.000000e+00   8.151365e-07   0.000000e+00
  2.050000e+02   6.852878e-07   3.251980e-09   4.613842e-02   8.333333e-02   7.607218e-07   0.000000e+00
  2.060000e+02   5.586585e-07   6.503960e-09   3.943218e-02   1.818182e-01   7.336228e-07   7.448225e-09
  2.070000e+02   7.076341e-07   3.251980e-09   5.199781e-02   1.111111e-01   7.180138e-07   0.000000e+00
  2.080000e+02   6.554927e-07   0.000000e+00   5.080831e-02   0.000000e+00   6.811593e-07   0.000000e+00
  2.090000e+02   5.512097e-07   0.000000e+00   4.501217e-02   0.000000e+00   6.204576e-07   0.000000e+00
  2.100000e+02   5.065171e-07   3.251980e-09   4.331210e-02   1.250000e-01   5.890228e-07   0.000000e+00
  2.110000e+02   5.363122e-07   0.000000e+00   4.793609e-02   0.000000e+00   5.788336e-07   0.000000e+00
  2.120000e+02   6.405951e-07   3.251980e-09   6.013986e-02   1.428571e-01   5.463149e-07   0.000000e+00
  2.130000e+02   4.692732e-07   6.503960e-09   4.687500e-02   3.333333e-01   5.348249e-07   7.448225e-09
  2.140000e+02   5.288634e-07   3.251980e-09   5.542545e-02   2.500000e-01   4.992711e-07   0.000000e+00
  2.150000e+02   4.543756e-07   0.000000e+00   5.041322e-02   0.000000e+00   4.541784e-07   0.000000e+00
  2.160000e+02   4.096829e-07   0.000000e+00   4.786771e-02   0.000000e+00   4.396534e-07   0.000000e+00
  2.170000e+02   3.947854e-07   3.251980e-09   4.844607e-02   3.333333e-01   4.177574e-07   0.000000e+00
  2.180000e+02   4.096829e-07   0.000000e+00   5.283381e-02   0.000000e+00   4.071347e-07   0.000000e+00
  2.190000e+02   3.054000e-07   0.000000e+00   4.158215e-02   0.000000e+00   3.763502e-07   0.000000e+00
  2.200000e+02   3.575414e-07   0.000000e+00   5.079365e-02   0.000000e+00   3.613916e-07   0.000000e+00
  2.210000e+02   3.649902e-07   3.251980e-09   5.462653e-02   5.000000e-01   3.384117e-07   0.000000e+00
  2.220000e+02   3.351951e-07   0.000000e+00   5.306604e-02   0.000000e+00   3.282225e-07   0.000000e+00
  2.230000e+02   2.830536e-07   0.000000e+00   4.732254e-02   0.000000e+00   3.136975e-07   0.000000e+00
  2.240000e+02   2.607073e-07   0.000000e+00   4.575163e-02   0.000000e+00   2.961373e-07   0.000000e+00
  2.250000e+02   1.787707e-07   0.000000e+00   3.287671e-02   0.000000e+00   2.905008e-07   0.000000e+00
  2.260000e+02   2.532585e-07   0.000000e+00   4.815864e-02   0.000000e+00   2.577652e-07   0.000000e+00
  2.270000e+02   2.458097e-07   0.000000e+00   4.910714e-02   0.000000e+00   2.588492e-07   0.000000e+00
  2.280000e+02   2.532585e-07   0.000000e+00   5.320814e-02   0.000000e+00   2.334846e-07   0.000000e+00
  2.290000e+02   1.415268e-07   0.000000e+00   3.140496e-02   0.000000e+00   2.428066e-07   0.000000e+00
  2.300000e+02   2.085658e-07   0.000000e+00   4.778157e-02   0.000000e+00   2.252465e-07   0.000000e+00
  2.310000e+02   1.638732e-07   0.000000e+00   3.942652e-02   0.000000e+00   2.081200e-07   0.000000e+00
  2.320000e+02   1.713219e-07   0.000000e+00   4.291045e-02   0.000000e+00   2.070360e-07   0.000000e+00
  2.330000e+02   1.936683e-07   3.251980e-09   5.068226e-02   1.000000e+00   2.050849e-07   0.000000e+00
  2.340000e+02   1.340780e-07   0.000000e+00   3.696099e-02   0.000000e+00   1.849232e-07   0.000000e+00
  2.350000e+02   1.713219e-07   0.000000e+00   4.904051e-02   0.000000e+00   1.777691e-07   0.000000e+00
  2.360000e+02   1.936683e-07   0.000000e+00   5.829596e-02   0.000000e+00   1.784195e-07   0.000000e+00
  2.370000e+02   1.713219e-07   0.000000e+00   5.476190e-02   0.000000e+00   1.584747e-07   0.000000e+00
  2.380000e+02   1.340780e-07   0.000000e+00   4.534005e-02   0.000000e+00   1.641113e-07   0.000000e+00
  2.390000e+02   1.117317e-07   0.000000e+00   3.957784e-02   0.000000e+00   1.532717e-07   0.000000e+00
  2.400000e+02   1.266293e-07   0.000000e+00   4.670330e-02   0.000000e+00   1.456840e-07   0.000000e+00
  2.410000e+02   1.713219e-07   0.000000e+00   6.628242e-02   0.000000e+00   1.298582e-07   0.000000e+00
  2.420000e+02   8.938536e-08   0.000000e+00   3.703704e-02   0.000000e+00   1.335436e-07   0.000000e+00
  2.430000e+02   1.489756e-07   0.000000e+00   6.410256e-02   0.000000e+00   1.218369e-07   0.000000e+00
  2.440000e+02   7.448780e-08   0.000000e+00   3.424658e-02   0.000000e+00   1.216201e-07   0.000000e+00
  2.450000e+02   8.193658e-08   0.000000e+00   3.900709e-02   0.000000e+00   1.038432e-07   0.000000e+00
  2.460000e+02   5.959024e-08   0.000000e+00   2.952030e-02   0.000000e+00   1.064447e-07   0.000000e+00
  2.470000e+02   8.938536e-08   0.000000e+00   4.562738e-02   0.000000e+00   1.005913e-07   0.000000e+00
  2.480000e+02   8.193658e-08   0.000000e+00   4.382470e-02   0.000000e+00   1.003745e-07   0.000000e+00
  2.490000e+02   9.683414e-08   0.000000e+00   5.416667e-02   0.000000e+00   9.408756e-08   0.000000e+00
  2.500000e+02   1.266293e-07   0.000000e+00   7.488987e-02   0.000000e+00   8.996852e-08   0.000000e+00
  2.510000e+02   7.448780e-08   0.000000e+00   4.761905e-02   0.000000e+00   8.346477e-08   0.000000e+00
  2.520000e+02   1.489756e-07   0.000000e+00   1.000000e-01   0.000000e+00   8.303119e-08   0.000000e+00
  2.530000e+02   9.683414e-08   0.000000e+00   7.222222e-02   0.000000e+00   7.826177e-08   0.000000e+00
  2.540000e+02   2.979512e-08   0.000000e+00   2.395210e-02   0.000000e+00   7.110765e-08   0.000000e+00
  2.550000e+02   5.959024e-08   0.000000e+00   4.907975e-02   0.000000e+00   5.983449e-08   0.000000e+00
  2.560000e+02   2.979512e-08   0.000000e+00   2.580645e-02   0.000000e+00   6.178561e-08   0.000000e+00
  2.570000e+02   6.703902e-08   0.000000e+00   5.960265e-02   0.000000e+00   6.048486e-08   0.000000e+00
  2.580000e+02   7.448780e-08   0.000000e+00   7.042254e-02   0.000000e+00   5.528186e-08   0.000000e+00
  2.590000e+02   8.938536e-08   0.000000e+00   9.090909e-02   0.000000e+00   4.530945e-08   0.000000e+00
  2.600000e+02   4.469268e-08   0.000000e+00   5.000000e-02   0.000000e+00   4.465907e-08   0.000000e+00
  2.610000e+02   2.979512e-08   0.000000e+00   3.508772e-02   0.000000e+00   4.162399e-08   0.000000e+00
  2.620000e+02   4.469268e-08   0.000000e+00   5.454545e-02   0.000000e+00   4.097362e-08   0.000000e+00
  2.630000e+02   2.979512e-08   0.000000e+00   3.846154e-02   0.000000e+00   3.533703e-08   0.000000e+00
  2.640000e+02   2.234634e-08   0.000000e+00   3.000000e-02   0.000000e+00   3.858891e-08   0.000000e+00
  2.650000e+02   2.234634e-08   0.000000e+00   3.092784e-02   0.000000e+00   3.902249e-08   0.000000e+00
  2.660000e+02   1.489756e-08   0.000000e+00   2.127660e-02   0.000000e+00   3.707137e-08   0.000000e+00
  2.670000e+02   4.469268e-08   0.000000e+00   6.521739e-02   0.000000e+00   3.577062e-08   0.000000e+00
  2.680000e+02   3.724390e-08   0.000000e+00   5.813953e-02   0.000000e+00   3.707137e-08   0.000000e+00
  2.690000e+02   3.724390e-08   0.000000e+00   6.172840e-02   0.000000e+00   3.230195e-08   0.000000e+00
  2.700000e+02   2.234634e-08   0.000000e+00   3.947368e-02   0.000000e+00   3.425308e-08   0.000000e+00
  2.710000e+02   3.724390e-08   0.000000e+00   6.849315e-02   0.000000e+00   2.883328e-08   0.000000e+00
  2.720000e+02   1.489756e-08   0.000000e+00   2.941176e-02   0.000000e+00   2.666537e-08   0.000000e+00
  2.730000e+02   2.979512e-08   0.000000e+00   6.060606e-02   0.000000e+00   3.078441e-08   0.000000e+00
  2.740000e+02   2.234634e-08   0.000000e+00   4.838710e-02   0.000000e+00   2.189595e-08   0.000000e+00
  2.750000e+02   2.234634e-08   0.000000e+00   5.084746e-02   0.000000e+00   2.059520e-08   0.000000e+00
  2.760000e+02   1.489756e-08   0.000000e+00   3.571429e-02   0.000000e+00   2.232954e-08   0.000000e+00
  2.770000e+02   2.234634e-08   0.000000e+00   5.555556e-02   0.000000e+00   1.777691e-08   0.000000e+00
  2.780000e+02   7.448780e-09   0.000000e+00   1.960784e-02   0.000000e+00   1.929445e-08   0.000000e+00
  2.790000e+02   0.000000e+00   0.000000e+00   0.000000e+00   0.000000e+00   1.560900e-08   0.000000e+00
  2.800000e+02   2.234634e-08   0.000000e+00   6.000000e-02   0.000000e+00   1.777691e-08   0.000000e+00
  2.810000e+02   2.234634e-08   0.000000e+00   6.382979e-02   0.000000e+00   1.517541e-08   0.000000e+00
  2.820000e+02   7.448780e-09   0.000000e+00   2.272727e-02   0.000000e+00   1.690975e-08   0.000000e+00
  2.830000e+02   7.448780e-09   0.000000e+00   2.325581e-02   0.000000e+00   1.430825e-08   0.000000e+00
  2.840000e+02   1.489756e-08   0.000000e+00   4.761905e-02   0.000000e+00   1.582579e-08   0.000000e+00
  2.850000e+02   7.448780e-09   0.000000e+00   2.500000e-02   0.000000e+00   1.452504e-08   0.000000e+00
  2.860000e+02   7.448780e-09   0.000000e+00   2.564103e-02   0.000000e+00   1.430825e-08   0.000000e+00
  2.870000e+02   1.489756e-08   0.000000e+00   5.263158e-02   0.000000e+00   1.344108e-08   0.000000e+00
  2.880000e+02   7.448780e-09   0.000000e+00   2.777778e-02   0.000000e+00   1.148996e-08   0.000000e+00
  2.890000e+02   0.000000e+00   0.000000e+00   0.000000e+00   0.000000e+00   1.192354e-08   0.000000e+00
  2.900000e+02   1.489756e-08   0.000000e+00   5.714286e-02   0.000000e+00   9.538831e-09   0.000000e+00
  2.910000e+02   1.489756e-08   0.000000e+00   6.060606e-02   0.000000e+00   1.192354e-08   0.000000e+00
  2.920000e+02   1.489756e-08   0.000000e+00   6.451613e-02   0.000000e+00   8.454873e-09   0.000000e+00
  2.930000e+02   0.000000e+00   0.000000e+00   0.000000e+00   0.000000e+00   9.322039e-09   0.000000e+00
  2.940000e+02   1.489756e-08   0.000000e+00   6.896552e-02   0.000000e+00   9.538831e-09   0.000000e+00
  2.950000e+02   7.448780e-09   0.000000e+00   3.703704e-02   0.000000e+00   1.018921e-08   0.000000e+00
  2.960000e+02   0.000000e+00   0.000000e+00   0.000000e+00   0.000000e+00   9.538831e-09   0.000000e+00
  2.970000e+02   2.234634e-08   0.000000e+00   1.153846e-01   0.000000e+00   9.538831e-09   0.000000e+00
  2.980000e+02   0.000000e+00   0.000000e+00   0.000000e+00   0.000000e+00   8.454873e-09   0.000000e+00
  2.990000e+02   7.448780e-09   0.000000e+00   4.347826e-02   0.000000e+00   9.322039e-09   0.000000e+00
  3.000000e+02   0.000000e+00   0.000000e+00   0.000000e+00   0.000000e+00   6.937332e-09   0.000000e+00
  3.010000e+02   1.489756e-08   0.000000e+00   9.090909e-02   0.000000e+00   8.888456e-09   0.000000e+00
  3.020000e+02   0.000000e+00   0.000000e+00   0.000000e+00   0.000000e+00   6.070165e-09   0.000000e+00
  3.030000e+02   0.000000e+00   0.000000e+00   0.000000e+00   0.000000e+00   6.720540e-09   0.000000e+00
  3.040000e+02   0.000000e+00   0.000000e+00   0.000000e+00   0.000000e+00   7.804498e-09   0.000000e+00
  3.050000e+02   7.448780e-09   0.000000e+00   5.000000e-02   0.000000e+00   5.419790e-09   0.000000e+00
  3.060000e+02   0.000000e+00   0.000000e+00   0.000000e+00   0.000000e+00   7.154123e-09   0.000000e+00
  3.070000e+02   7.448780e-09   0.000000e+00   5.263158e-02   0.000000e+00   8.671665e-09   0.000000e+00
  3.080000e+02   1.489756e-08   0.000000e+00   1.111111e-01   0.000000e+00   9.105248e-09   0.000000e+00
  3.090000e+02   7.448780e-09   0.000000e+00   6.250000e-02   0.000000e+00   4.552624e-09   0.000000e+00
  3.100000e+02   7.448780e-09   0.000000e+00   6.666667e-02   0.000000e+00   5.636582e-09   0.000000e+00
  3.110000e+02   0.000000e+00   0.000000e+00   0.000000e+00   0.000000e+00   4.769416e-09   0.000000e+00
  3.120000e+02   0.000000e+00   0.000000e+00   0.000000e+00   0.000000e+00   7.587707e-09   0.000000e+00
  3.130000e+02   0.000000e+00   0.000000e+00   0.000000e+00   0.000000e+00   6.720540e-09   0.000000e+00
  3.140000e+02   7.448780e-09   0.000000e+00   7.142857e-02   0.000000e+00   6.503748e-09   0.000000e+00
  3.150000e+02   0.000000e+00   0.000000e+00   0.000000e+00   0.000000e+00   4.986207e-09   0.000000e+00
  3.160000e+02   7.448780e-09   0.000000e+00   7.692308e-02   0.000000e+00   4.119041e-09   0.000000e+00
  3.170000e+02   7.448780e-09   0.000000e+00   8.333333e-02   0.000000e+00   3.251874e-09   0.000000e+00
  3.180000e+02   0.000000e+00   0.000000e+00   0.000000e+00   0.000000e+00   4.769416e-09   0.000000e+00
  3.190000e+02   0.000000e+00   0.000000e+00   0.000000e+00   0.000000e+00   4.119041e-09   0.000000e+00
  3.200000e+02   0.000000e+00   0.000000e+00   0.000000e+00   0.000000e+00   3.035083e-09   0.000000e+00
  3.210000e+02   7.448780e-09   0.000000e+00   9.090909e-02   0.000000e+00   4.552624e-09   0.000000e+00
  3.220000e+02   0.000000e+00   0.000000e+00   0.000000e+00   0.000000e+00   2.601499e-09   0.000000e+00
  3.230000e+02   1.489756e-08   0.000000e+00   2.000000e-01   0.000000e+00   4.119041e-09   0.000000e+00
  3.240000e+02   0.000000e+00   0.000000e+00   0.000000e+00   0.000000e+00   1.734333e-09   0.000000e+00
  3.250000e+02   0.000000e+00   0.000000e+00   0.000000e+00   0.000000e+00   2.601499e-09   0.000000e+00
  3.260000e+02   0.000000e+00   0.000000e+00   0.000000e+00   0.000000e+00   2.818291e-09   0.000000e+00
  3.270000e+02   1.489756e-08   0.000000e+00   2.500000e-01   0.000000e+00   1.951125e-09   0.000000e+00
  3.280000e+02   0.000000e+00   0.000000e+00   0.000000e+00   0.000000e+00   2.167916e-09   0.000000e+00
  3.290000e+02   0.000000e+00   0.000000e+00   0.000000e+00   0.000000e+00   2.384708e-09   0.000000e+00
  3.300000e+02   0.000000e+00   0.000000e+00   0.000000e+00   0.000000e+00   1.734333e-09   0.000000e+00
  3.310000e+02   7.448780e-09   0.000000e+00   1.666667e-01   0.000000e+00   2.384708e-09   0.000000e+00
  3.320000e+02   0.000000e+00   0.000000e+00   0.000000e+00   0.000000e+00   2.167916e-09   0.000000e+00
  3.330000e+02   0.000000e+00   0.000000e+00   0.000000e+00   0.000000e+00   3.035083e-09   0.000000e+00
  3.340000e+02   0.000000e+00   0.000000e+00   0.000000e+00   0.000000e+00   1.083958e-09   0.000000e+00
  3.350000e+02   0.000000e+00   0.000000e+00   0.000000e+00   0.000000e+00   1.734333e-09   0.000000e+00
  3.360000e+02   0.000000e+00   0.000000e+00   0.000000e+00   0.000000e+00   1.517541e-09   0.000000e+00
  3.370000e+02   7.448780e-09   0.000000e+00   2.000000e-01   0.000000e+00   1.083958e-09   0.000000e+00
  3.380000e+02   0.000000e+00   0.000000e+00   0.000000e+00   0.000000e+00   1.300750e-09   0.000000e+00
  3.390000e+02   0.000000e+00   0.000000e+00   0.000000e+00   0.000000e+00   1.300750e-09   0.000000e+00
  3.400000e+02   0.000000e+00   0.000000e+00   0.000000e+00   0.000000e+00   1.517541e-09   0.000000e+00
  3.410000e+02   0.000000e+00   0.000000e+00   0.000000e+00   0.000000e+00   1.734333e-09   0.000000e+00
  3.420000e+02   0.000000e+00   0.000000e+00   0.000000e+00   0.000000e+00   8.671665e-10   0.000000e+00
  3.430000e+02   0.000000e+00   0.000000e+00   0.000000e+00   0.000000e+00   8.671665e-10   0.000000e+00
  3.440000e+02   0.000000e+00   0.000000e+00   0.000000e+00   0.000000e+00   6.503748e-10   0.000000e+00
  3.450000e+02   7.448780e-09   0.000000e+00   2.500000e-01   0.000000e+00   1.300750e-09   0.000000e+00
  3.460000e+02   0.000000e+00   0.000000e+00   0.000000e+00   0.000000e+00   1.083958e-09   0.000000e+00
  3.470000e+02   0.000000e+00   0.000000e+00   0.000000e+00   0.000000e+00   1.083958e-09   0.000000e+00
  3.480000e+02   7.448780e-09   0.000000e+00   3.333333e-01   0.000000e+00   2.601499e-09   0.000000e+00
  3.490000e+02   0.000000e+00   0.000000e+00   0.000000e+00   0.000000e+00   4.335832e-10   0.000000e+00
  3.500000e+02   0.000000e+00   0.000000e+00   0.000000e+00   0.000000e+00   2.167916e-10   0.000000e+00
  3.510000e+02   0.000000e+00   0.000000e+00   0.000000e+00   0.000000e+00   6.503748e-10   0.000000e+00
  3.520000e+02   0.000000e+00   0.000000e+00   0.000000e+00   0.000000e+00   4.335832e-10   0.000000e+00
  3.530000e+02   0.000000e+00   0.000000e+00   0.000000e+00   0.000000e+00   8.671665e-10   0.000000e+00
  3.540000e+02   0.000000e+00   0.000000e+00   0.000000e+00   0.000000e+00   0.000000e+00   0.000000e+00
  3.550000e+02   0.000000e+00   0.000000e+00   0.000000e+00   0.000000e+00   8.671665e-10   0.000000e+00
  3.560000e+02   0.000000e+00   0.000000e+00   0.000000e+00   0.000000e+00   1.734333e-09   0.000000e+00
  3.570000e+02   0.000000e+00   0.000000e+00   0.000000e+00   0.000000e+00   1.083958e-09   0.000000e+00
  3.580000e+02   0.000000e+00   0.000000e+00   0.000000e+00   0.000000e+00   1.734333e-09   0.000000e+00
  3.590000e+02   0.000000e+00   0.000000e+00   0.000000e+00   0.000000e+00   6.503748e-10   0.000000e+00
  3.600000e+02   0.000000e+00   0.000000e+00   0.000000e+00   0.000000e+00   8.671665e-10   0.000000e+00
  3.610000e+02   0.000000e+00   0.000000e+00   0.000000e+00   0.000000e+00   6.503748e-10   0.000000e+00
  3.620000e+02   0.000000e+00   0.000000e+00   0.000000e+00   0.000000e+00   8.671665e-10   0.000000e+00
  3.630000e+02   0.000000e+00   0.000000e+00   0.000000e+00   0.000000e+00   8.671665e-10   0.000000e+00
  3.640000e+02   0.000000e+00   0.000000e+00   0.000000e+00   0.000000e+00   1.300750e-09   0.000000e+00
  3.650000e+02   0.000000e+00   0.000000e+00   0.000000e+00   0.000000e+00   4.335832e-10   0.000000e+00
  3.660000e+02   0.000000e+00   0.000000e+00   0.000000e+00   0.000000e+00   1.083958e-09   0.000000e+00
  3.670000e+02   0.000000e+00   0.000000e+00   0.000000e+00   0.000000e+00   6.503748e-10   0.000000e+00
  3.680000e+02   0.000000e+00   0.000000e+00   0.000000e+00   0.000000e+00   1.517541e-09   0.000000e+00
  3.690000e+02   7.448780e-09   0.000000e+00   5.000000e-01   0.000000e+00   2.167916e-10   0.000000e+00
  3.700000e+02   0.000000e+00   0.000000e+00   0.000000e+00   0.000000e+00   2.167916e-10   0.000000e+00
  3.710000e+02   0.000000e+00   0.000000e+00   0.000000e+00   0.000000e+00   6.503748e-10   0.000000e+00
  3.720000e+02   0.000000e+00   0.000000e+00   0.000000e+00   0.000000e+00   0.000000e+00   0.000000e+00
  3.730000e+02   0.000000e+00   0.000000e+00   0.000000e+00   0.000000e+00   2.167916e-10   0.000000e+00
  3.740000e+02   0.000000e+00   0.000000e+00   0.000000e+00   0.000000e+00   0.000000e+00   0.000000e+00
  3.750000e+02   0.000000e+00   0.000000e+00   0.000000e+00   0.000000e+00   2.167916e-10   0.000000e+00
  3.760000e+02   0.000000e+00   0.000000e+00   0.000000e+00   0.000000e+00   0.000000e+00   0.000000e+00
  3.770000e+02   0.000000e+00   0.000000e+00   0.000000e+00   0.000000e+00   2.167916e-10   0.000000e+00
  3.780000e+02   0.000000e+00   0.000000e+00   0.000000e+00   0.000000e+00   2.167916e-10   0.000000e+00
  3.790000e+02   0.000000e+00   0.000000e+00   0.000000e+00   0.000000e+00   8.671665e-10   0.000000e+00
  3.800000e+02   7.448780e-09   0.000000e+00   1.000000e+00   0.000000e+00   0.000000e+00   0.000000e+00
