0.000000000000000000e+00 0.000000000000000000e+00 0.000000000000000000e+00 0.000000000000000000e+00 0.000000000000000000e+00 0.000000000000000000e+00 0.000000000000000000e+00
1.000000000000000000e+00 3.000799556787310876e-02 1.843340409039920802e-01 2.069904940000000000e+08 1.122918668000000000e+09 1.569394900000000000e+07 5.230017220000000000e+08
2.000000000000000000e+00 4.100871698201048049e-02 1.278562203825600041e-01 1.435709980000000000e+08 9.159272720000000000e+08 2.144724100000000000e+07 5.073072360000000000e+08
3.000000000000000000e+00 4.492248820071417098e-02 9.334464401957884294e-02 1.048176120000000000e+08 7.723554920000000000e+08 2.349411300000000000e+07 4.858595330000000000e+08
4.000000000000000000e+00 4.564876856702002050e-02 7.191956979353431034e-02 8.075918700000000000e+07 6.675372230000000000e+08 2.387395200000000000e+07 4.623649540000000000e+08
5.000000000000000000e+00 4.486028268954488779e-02 5.786970351407453445e-02 6.498245500000000000e+07 5.867774690000000000e+08 2.346158000000000000e+07 4.384905470000000000e+08
6.000000000000000000e+00 4.327222090401700028e-02 4.809802517328191224e-02 5.400974200000000000e+07 5.217944900000000000e+08 2.263103600000000000e+07 4.150285910000000000e+08
7.000000000000000000e+00 4.135870113837213785e-02 4.094654758197747296e-02 4.597927800000000000e+07 4.677842660000000000e+08 2.163028000000000000e+07 3.923971830000000000e+08
8.000000000000000000e+00 3.931346813887562353e-02 3.549494567489564628e-02 3.985762100000000000e+07 4.218045670000000000e+08 2.056063900000000000e+07 3.707665260000000000e+08
9.000000000000000000e+00 3.723181394930279858e-02 3.118113154314175461e-02 3.501359700000000000e+07 3.819465590000000000e+08 1.947195000000000000e+07 3.502055380000000000e+08
1.000000000000000000e+01 3.518563638513294567e-02 2.766281855513871499e-02 3.106284900000000000e+07 3.469326330000000000e+08 1.840181500000000000e+07 3.307332720000000000e+08
1.100000000000000000e+01 3.319569674843707296e-02 2.471818746197702171e-02 2.775629400000000000e+07 3.158694730000000000e+08 1.736109200000000000e+07 3.123311730000000000e+08
1.200000000000000000e+01 3.130237613503738386e-02 2.220598025222261795e-02 2.493531200000000000e+07 2.881128820000000000e+08 1.637090000000000000e+07 2.949697950000000000e+08
1.300000000000000000e+01 2.951642422629723039e-02 2.006371105000688201e-02 2.252973700000000000e+07 2.631773010000000000e+08 1.543686100000000000e+07 2.785986120000000000e+08
1.400000000000000000e+01 2.782532840840627048e-02 1.818096759942496726e-02 2.041558600000000000e+07 2.406473510000000000e+08 1.455243100000000000e+07 2.631615000000000000e+08
1.500000000000000000e+01 2.624926871286730606e-02 1.651080757101833912e-02 1.854014700000000000e+07 2.202315400000000000e+08 1.372816400000000000e+07 2.486087970000000000e+08
1.600000000000000000e+01 2.475701523115889785e-02 1.503303878125872121e-02 1.688074600000000000e+07 2.016911830000000000e+08 1.294772700000000000e+07 2.348803930000000000e+08
1.700000000000000000e+01 2.335060623441824815e-02 1.370772480647469878e-02 1.539253800000000000e+07 1.848102040000000000e+08 1.221218600000000000e+07 2.219324330000000000e+08
1.800000000000000000e+01 2.204034589071135475e-02 1.251737715323201529e-02 1.405588500000000000e+07 1.694174950000000000e+08 1.152693000000000000e+07 2.097200340000000000e+08
1.900000000000000000e+01 2.078720494070193311e-02 1.144179562311080887e-02 1.284810400000000000e+07 1.553614560000000000e+08 1.087154700000000000e+07 1.981928880000000000e+08
2.000000000000000000e+01 1.962325842972440643e-02 1.046716699573941277e-02 1.175368400000000000e+07 1.425132170000000000e+08 1.026281200000000000e+07 1.873211610000000000e+08
2.100000000000000000e+01 1.852919440797980849e-02 9.578344907112847431e-03 1.075561700000000000e+07 1.307593910000000000e+08 9.690625000000000000e+06 1.770581820000000000e+08
2.200000000000000000e+01 1.750285605572821784e-02 8.776101458453613308e-03 9.854770000000000000e+06 1.200036700000000000e+08 9.153858000000000000e+06 1.673673820000000000e+08
2.300000000000000000e+01 1.651044554874719905e-02 8.039658488604358236e-03 9.027811000000000000e+06 1.101487930000000000e+08 8.634835000000000000e+06 1.582133740000000000e+08
2.400000000000000000e+01 1.559832112692546673e-02 7.368556477114320338e-03 8.274224000000000000e+06 1.011208610000000000e+08 8.157801000000000000e+06 1.495783990000000000e+08
2.500000000000000000e+01 1.473808466368734839e-02 6.755170590457472424e-03 7.585447000000000000e+06 9.284655000000000000e+07 7.707904000000000000e+06 1.414204380000000000e+08
2.600000000000000000e+01 1.391849698666469508e-02 6.196600328424253096e-03 6.958223000000000000e+06 8.526102500000000000e+07 7.279266000000000000e+06 1.337123910000000000e+08
2.700000000000000000e+01 1.315861191563440571e-02 5.682970454040811754e-03 6.381463000000000000e+06 7.830271600000000000e+07 6.881852000000000000e+06 1.264330160000000000e+08
2.800000000000000000e+01 1.243314609295373928e-02 5.215126983640916598e-03 5.856117000000000000e+06 7.192117600000000000e+07 6.502439000000000000e+06 1.195510610000000000e+08
2.900000000000000000e+01 1.174415117427955214e-02 4.780386796566116203e-03 5.367943000000000000e+06 6.606499400000000000e+07 6.142100000000000000e+06 1.130485150000000000e+08
3.000000000000000000e+01 1.110401357652250967e-02 4.391380471407817579e-03 4.931124000000000000e+06 6.069699600000000000e+07 5.807313000000000000e+06 1.069063300000000000e+08
3.100000000000000000e+01 1.049349209663043639e-02 4.033272443845759697e-03 4.529001000000000000e+06 5.576583200000000000e+07 5.488015000000000000e+06 1.010989110000000000e+08
3.200000000000000000e+01 9.912416559996188592e-03 3.700025719430872530e-03 4.154795000000000000e+06 5.123678900000000000e+07 5.184117000000000000e+06 9.561079900000000000e+07
3.300000000000000000e+01 9.373747005801688972e-03 3.399150251576493233e-03 3.816939000000000000e+06 4.708194200000000000e+07 4.902397000000000000e+06 9.042660500000000000e+07
3.400000000000000000e+01 8.855611216843931044e-03 3.116286916739797585e-03 3.499309000000000000e+06 4.326496100000000000e+07 4.631416000000000000e+06 8.552412400000000000e+07
3.500000000000000000e+01 8.378433970128116096e-03 2.863896199701931097e-03 3.215897000000000000e+06 3.976561100000000000e+07 4.381856000000000000e+06 8.089261400000000000e+07
3.600000000000000000e+01 7.913734919886365390e-03 2.629319915022699725e-03 2.952489000000000000e+06 3.654967200000000000e+07 4.138822000000000000e+06 7.651068200000000000e+07
3.700000000000000000e+01 7.475426318270883899e-03 2.411866110395431868e-03 2.708308000000000000e+06 3.359714700000000000e+07 3.909590000000000000e+06 7.237178800000000000e+07
3.800000000000000000e+01 7.078410871888912020e-03 2.215091616595991474e-03 2.487348000000000000e+06 3.088880300000000000e+07 3.701954000000000000e+06 6.846211800000000000e+07
3.900000000000000000e+01 6.689969166387985458e-03 2.035174220882764173e-03 2.285317000000000000e+06 2.840143000000000000e+07 3.498802000000000000e+06 6.476009800000000000e+07
4.000000000000000000e+01 6.327579472373287030e-03 1.869294462505527660e-03 2.099049000000000000e+06 2.611608200000000000e+07 3.309275000000000000e+06 6.126123400000000000e+07
4.100000000000000000e+01 5.982608774662407508e-03 1.716996383187556702e-03 1.928032000000000000e+06 2.401700200000000000e+07 3.128858000000000000e+06 5.795188200000000000e+07
4.200000000000000000e+01 5.658833419874451445e-03 1.580559774312479413e-03 1.774826000000000000e+06 2.208893700000000000e+07 2.959526000000000000e+06 5.482295800000000000e+07
4.300000000000000000e+01 5.347645249792098293e-03 1.449181452569828091e-03 1.627300000000000000e+06 2.031409600000000000e+07 2.796777000000000000e+06 5.186338100000000000e+07
4.400000000000000000e+01 5.061560702374161974e-03 1.334457184993285278e-03 1.498475000000000000e+06 1.868677600000000000e+07 2.647157000000000000e+06 4.906655900000000000e+07
4.500000000000000000e+01 4.784361563937986582e-03 1.225969393611879565e-03 1.376653000000000000e+06 1.718828000000000000e+07 2.502184000000000000e+06 4.641934900000000000e+07
4.600000000000000000e+01 4.518860495686966711e-03 1.125425250332804609e-03 1.263751000000000000e+06 1.581160500000000000e+07 2.363329000000000000e+06 4.391712100000000000e+07
4.700000000000000000e+01 4.277443914531765985e-03 1.034128510853573029e-03 1.161233000000000000e+06 1.454784000000000000e+07 2.237070000000000000e+06 4.155374900000000000e+07
4.800000000000000000e+01 4.040784574079517820e-03 9.502428744581526039e-04 1.067037000000000000e+06 1.338659600000000000e+07 2.113299000000000000e+06 3.931663500000000000e+07
4.900000000000000000e+01 3.824372187728382246e-03 8.738137588655142413e-04 9.812140000000000000e+05 1.231954500000000000e+07 2.000117000000000000e+06 3.720330000000000000e+07
5.000000000000000000e+01 3.616028754659586855e-03 8.027252326977276330e-04 9.013880000000000000e+05 1.133831600000000000e+07 1.891155000000000000e+06 3.520314100000000000e+07
5.100000000000000000e+01 3.420046881536366410e-03 7.394271811486843437e-04 8.303100000000000000e+05 1.043691800000000000e+07 1.788658000000000000e+06 3.331194900000000000e+07
5.200000000000000000e+01 3.235531717615561416e-03 6.787072530588615909e-04 7.621270000000000000e+05 9.606604000000000000e+06 1.692158000000000000e+06 3.152326800000000000e+07
5.300000000000000000e+01 3.054974547366425420e-03 6.256816208887851574e-04 7.025840000000000000e+05 8.844469000000000000e+06 1.597728000000000000e+06 2.983108000000000000e+07
5.400000000000000000e+01 2.890365988332454280e-03 5.744005634532901861e-04 6.450000000000000000e+05 8.141875000000000000e+06 1.511639000000000000e+06 2.823331700000000000e+07
5.500000000000000000e+01 2.739696450490014014e-03 5.286203932743083461e-04 5.935930000000000000e+05 7.496866000000000000e+06 1.432840000000000000e+06 2.672165800000000000e+07
5.600000000000000000e+01 2.589728643892743720e-03 4.866348289881551430e-04 5.464470000000000000e+05 6.903264000000000000e+06 1.354408000000000000e+06 2.528878900000000000e+07
5.700000000000000000e+01 2.451137679008725048e-03 4.475381878459437526e-04 5.025450000000000000e+05 6.356815000000000000e+06 1.281926000000000000e+06 2.393436000000000000e+07
5.800000000000000000e+01 2.317583117666337407e-03 4.119458354125520570e-04 4.625780000000000000e+05 5.854266000000000000e+06 1.212078000000000000e+06 2.265240800000000000e+07
5.900000000000000000e+01 2.193370951048479161e-03 3.792477493841575208e-04 4.258610000000000000e+05 5.391682000000000000e+06 1.147116000000000000e+06 2.144030500000000000e+07
6.000000000000000000e+01 2.076671324109841815e-03 3.495908694397831815e-04 3.925590000000000000e+05 4.965813000000000000e+06 1.086083000000000000e+06 2.029316700000000000e+07
6.100000000000000000e+01 1.960172464966144189e-03 3.205520266908143704e-04 3.599510000000000000e+05 4.573251000000000000e+06 1.025155000000000000e+06 1.920706100000000000e+07
6.200000000000000000e+01 1.856662326117928911e-03 2.956337287590522973e-04 3.319700000000000000e+05 4.213295000000000000e+06 9.710200000000000000e+05 1.818187900000000000e+07
6.300000000000000000e+01 1.753358691287365892e-03 2.713058611739096950e-04 3.046520000000000000e+05 3.881324000000000000e+06 9.169930000000000000e+05 1.721084400000000000e+07
6.400000000000000000e+01 1.662106860375899432e-03 2.503780887070069031e-04 2.811520000000000000e+05 3.576672000000000000e+06 8.692690000000000000e+05 1.629382800000000000e+07
6.500000000000000000e+01 1.570642789224068392e-03 2.305786348662983674e-04 2.589190000000000000e+05 3.295516000000000000e+06 8.214340000000000000e+05 1.542454400000000000e+07
6.600000000000000000e+01 1.490410242143437201e-03 2.122280953151068966e-04 2.383130000000000000e+05 3.036593000000000000e+06 7.794730000000000000e+05 1.460309300000000000e+07
6.700000000000000000e+01 1.409913828818028150e-03 1.951207545028003682e-04 2.191030000000000000e+05 2.798274000000000000e+06 7.373740000000000000e+05 1.382361100000000000e+07
6.800000000000000000e+01 1.330260640231365962e-03 1.795593972225169842e-04 2.016290000000000000e+05 2.579169000000000000e+06 6.957160000000000000e+05 1.308621800000000000e+07
6.900000000000000000e+01 1.259657299010892182e-03 1.652065074842585721e-04 1.855120000000000000e+05 2.377538000000000000e+06 6.587910000000000000e+05 1.239049400000000000e+07
7.000000000000000000e+01 1.192562614016269779e-03 1.519792647416667430e-04 1.706590000000000000e+05 2.192026000000000000e+06 6.237010000000000000e+05 1.173168900000000000e+07
7.100000000000000000e+01 1.128467973500318520e-03 1.403024582486442167e-04 1.575470000000000000e+05 2.021365000000000000e+06 5.901800000000000000e+05 1.110797500000000000e+07
7.200000000000000000e+01 1.068080844930920916e-03 1.287957455658845726e-04 1.446260000000000000e+05 1.863813000000000000e+06 5.585980000000000000e+05 1.051778200000000000e+07
7.300000000000000000e+01 1.010630662390356099e-03 1.187842554351219539e-04 1.333840000000000000e+05 1.719183000000000000e+06 5.285520000000000000e+05 9.959173000000000000e+06
7.400000000000000000e+01 9.583239595487235384e-04 1.100961129590749798e-04 1.236280000000000000e+05 1.585796000000000000e+06 5.011960000000000000e+05 9.430614000000000000e+06
7.500000000000000000e+01 9.040535564651565456e-04 1.010392854702068193e-04 1.134580000000000000e+05 1.462167000000000000e+06 4.728130000000000000e+05 8.929405000000000000e+06
7.600000000000000000e+01 8.577373822096782041e-04 9.350439683861258035e-05 1.049970000000000000e+05 1.348707000000000000e+06 4.485900000000000000e+05 8.456584000000000000e+06
7.700000000000000000e+01 8.110196723643204242e-04 8.509321339393610033e-05 9.555200000000000000e+04 1.243707000000000000e+06 4.241570000000000000e+05 8.007982000000000000e+06
7.800000000000000000e+01 7.664587822588865996e-04 7.937236189064318312e-05 8.912800000000000000e+04 1.148152000000000000e+06 4.008520000000000000e+05 7.583813000000000000e+06
7.900000000000000000e+01 7.249705954531494813e-04 7.288386188239406752e-05 8.184200000000000000e+04 1.059024000000000000e+06 3.791540000000000000e+05 7.182957000000000000e+06
8.000000000000000000e+01 6.859528085622899115e-04 6.720308483701649459e-05 7.546300000000000000e+04 9.771810000000000000e+05 3.587480000000000000e+05 6.803796000000000000e+06
8.100000000000000000e+01 6.509981794261631262e-04 6.157484985868348507e-05 6.914300000000000000e+04 9.017160000000000000e+05 3.404670000000000000e+05 6.445042000000000000e+06
8.200000000000000000e+01 6.170129719284595969e-04 5.664747262211439958e-05 6.361000000000000000e+04 8.325710000000000000e+05 3.226930000000000000e+05 6.104572000000000000e+06
8.300000000000000000e+01 5.840526362220674859e-04 5.253672378350915324e-05 5.899400000000000000e+04 7.689610000000000000e+05 3.054550000000000000e+05 5.781872000000000000e+06
8.400000000000000000e+01 5.523083797307389844e-04 4.819621471952258206e-05 5.412000000000000000e+04 7.099670000000000000e+05 2.888530000000000000e+05 5.476412000000000000e+06
8.500000000000000000e+01 5.228586123244359073e-04 4.502677037017334578e-05 5.056100000000000000e+04 6.558470000000000000e+05 2.734510000000000000e+05 5.187555000000000000e+06
8.600000000000000000e+01 4.948773179325493318e-04 4.110659784254328865e-05 4.615900000000000000e+04 6.052860000000000000e+05 2.588170000000000000e+05 4.914099000000000000e+06
8.700000000000000000e+01 4.691541832151752914e-04 3.836728600815209864e-05 4.308300000000000000e+04 5.591260000000000000e+05 2.453640000000000000e+05 4.655280000000000000e+06
8.800000000000000000e+01 4.436126955503658055e-04 3.526017970444895121e-05 3.959400000000000000e+04 5.160430000000000000e+05 2.320060000000000000e+05 4.409907000000000000e+06
8.900000000000000000e+01 4.207576721892737626e-04 3.245496765037474292e-05 3.644400000000000000e+04 4.764480000000000000e+05 2.200530000000000000e+05 4.177899000000000000e+06
9.000000000000000000e+01 3.981703392214346786e-04 2.997658506418790863e-05 3.366100000000000000e+04 4.400030000000000000e+05 2.082400000000000000e+05 3.957843000000000000e+06
9.100000000000000000e+01 3.783230086359636512e-04 2.756677432821177953e-05 3.095500000000000000e+04 4.063420000000000000e+05 1.978600000000000000e+05 3.749595000000000000e+06
9.200000000000000000e+01 3.578580780717732367e-04 2.520950565928021384e-05 2.830800000000000000e+04 3.753870000000000000e+05 1.871570000000000000e+05 3.551732000000000000e+06
9.300000000000000000e+01 3.372306211973934869e-04 2.358693538546332384e-05 2.648600000000000000e+04 3.470790000000000000e+05 1.763690000000000000e+05 3.364575000000000000e+06
9.400000000000000000e+01 3.204158403526311785e-04 2.179516184489275007e-05 2.447400000000000000e+04 3.205920000000000000e+05 1.675750000000000000e+05 3.188200000000000000e+06
9.500000000000000000e+01 3.023429146595798872e-04 2.003099515310830485e-05 2.249300000000000000e+04 2.961180000000000000e+05 1.581230000000000000e+05 3.020622000000000000e+06
9.600000000000000000e+01 2.865740384227417653e-04 1.848946433863133578e-05 2.076200000000000000e+04 2.736250000000000000e+05 1.498760000000000000e+05 2.862499000000000000e+06
9.700000000000000000e+01 2.708854693038795095e-04 1.698266472101433040e-05 1.907000000000000000e+04 2.528630000000000000e+05 1.416710000000000000e+05 2.712623000000000000e+06
9.800000000000000000e+01 2.563594413214302496e-04 1.569404826315865632e-05 1.762300000000000000e+04 2.337930000000000000e+05 1.340740000000000000e+05 2.570949000000000000e+06
9.900000000000000000e+01 2.430934702615074946e-04 1.444016300216294593e-05 1.621500000000000000e+04 2.161690000000000000e+05 1.271360000000000000e+05 2.436875000000000000e+06
1.000000000000000000e+02 2.305904168223557376e-04 1.331451600649634436e-05 1.495100000000000000e+04 1.999540000000000000e+05 1.205970000000000000e+05 2.309738000000000000e+06
1.010000000000000000e+02 2.185634698683468007e-04 1.231443564563115794e-05 1.382800000000000000e+04 1.850030000000000000e+05 1.143070000000000000e+05 2.189137000000000000e+06
1.020000000000000000e+02 2.068749600543791064e-04 1.138292713497667501e-05 1.278200000000000000e+04 1.711750000000000000e+05 1.081940000000000000e+05 2.074829000000000000e+06
1.030000000000000000e+02 1.962629480361359220e-04 1.055472167139286095e-05 1.185200000000000000e+04 1.583930000000000000e+05 1.026440000000000000e+05 1.966631000000000000e+06
1.040000000000000000e+02 1.851671812357998299e-04 9.809336754167429152e-06 1.101500000000000000e+04 1.465400000000000000e+05 9.684100000000000000e+04 1.863984000000000000e+06
1.050000000000000000e+02 1.767330217740933961e-04 9.051484227812778226e-06 1.016400000000000000e+04 1.355250000000000000e+05 9.243000000000000000e+04 1.767140000000000000e+06
1.060000000000000000e+02 1.666449180969310252e-04 8.339049420428852177e-06 9.364000000000000000e+03 1.253610000000000000e+05 8.715400000000000000e+04 1.674709000000000000e+06
1.070000000000000000e+02 1.571227883940749771e-04 7.516187217900417869e-06 8.440000000000000000e+03 1.159970000000000000e+05 8.217400000000000000e+04 1.587553000000000000e+06
1.080000000000000000e+02 1.491264939327609251e-04 7.064681658720854315e-06 7.933000000000000000e+03 1.075570000000000000e+05 7.799200000000000000e+04 1.505377000000000000e+06
1.090000000000000000e+02 1.422870043851472491e-04 6.663937079567396230e-06 7.483000000000000000e+03 9.962400000000000000e+04 7.441500000000000000e+04 1.427383000000000000e+06
1.100000000000000000e+02 1.344532362340225052e-04 6.055695862763369723e-06 6.800000000000000000e+03 9.214100000000000000e+04 7.031800000000000000e+04 1.352965000000000000e+06
1.110000000000000000e+02 1.267016872751111764e-04 5.612205195166875364e-06 6.302000000000000000e+03 8.534100000000000000e+04 6.626400000000000000e+04 1.282646000000000000e+06
1.120000000000000000e+02 1.209367834489844613e-04 5.162480723005772289e-06 5.797000000000000000e+03 7.903900000000000000e+04 6.324900000000000000e+04 1.216380000000000000e+06
1.130000000000000000e+02 1.143554239234361483e-04 4.788452449129211240e-06 5.377000000000000000e+03 7.324200000000000000e+04 5.980700000000000000e+04 1.153131000000000000e+06
1.140000000000000000e+02 1.088868916041252480e-04 4.547115158127906403e-06 5.106000000000000000e+03 6.786500000000000000e+04 5.694700000000000000e+04 1.093324000000000000e+06
1.150000000000000000e+02 1.024011357904530169e-04 4.137465143882149306e-06 4.646000000000000000e+03 6.275900000000000000e+04 5.355500000000000000e+04 1.036376000000000000e+06
1.160000000000000000e+02 9.610849947477043088e-05 3.863177743039337870e-06 4.338000000000000000e+03 5.811300000000000000e+04 5.026400000000000000e+04 9.828210000000000000e+05
1.170000000000000000e+02 9.278722652419593058e-05 3.604029581853434586e-06 4.047000000000000000e+03 5.377500000000000000e+04 4.852700000000000000e+04 9.325570000000000000e+05
1.180000000000000000e+02 8.746783599541168501e-05 3.282543375021438217e-06 3.686000000000000000e+03 4.972800000000000000e+04 4.574500000000000000e+04 8.840290000000000000e+05
1.190000000000000000e+02 8.300696679927450591e-05 2.948589559060223146e-06 3.311000000000000000e+03 4.604200000000000000e+04 4.341200000000000000e+04 8.382840000000000000e+05
1.200000000000000000e+02 7.815603445868297917e-05 2.860425751646462418e-06 3.212000000000000000e+03 4.273100000000000000e+04 4.087500000000000000e+04 7.948710000000000000e+05
1.210000000000000000e+02 7.428599620193988048e-05 2.568327480619052534e-06 2.884000000000000000e+03 3.951900000000000000e+04 3.885100000000000000e+04 7.539950000000000000e+05
1.220000000000000000e+02 7.034903534688352849e-05 2.526471935685246924e-06 2.837000000000000000e+03 3.663500000000000000e+04 3.679200000000000000e+04 7.151440000000000000e+05
1.230000000000000000e+02 6.649811783251563535e-05 2.200533011307101048e-06 2.471000000000000000e+03 3.379800000000000000e+04 3.477800000000000000e+04 6.783520000000000000e+05
1.240000000000000000e+02 6.369310492607188807e-05 2.020643222442659480e-06 2.269000000000000000e+03 3.132700000000000000e+04 3.331100000000000000e+04 6.435740000000000000e+05
1.250000000000000000e+02 5.992249452967989481e-05 1.877265717456644623e-06 2.108000000000000000e+03 2.905800000000000000e+04 3.133900000000000000e+04 6.102610000000000000e+05
1.260000000000000000e+02 5.731251319546332813e-05 1.733888212470629554e-06 1.947000000000000000e+03 2.695000000000000000e+04 2.997400000000000000e+04 5.789210000000000000e+05
1.270000000000000000e+02 5.353616657635876914e-05 1.581605272392315261e-06 1.776000000000000000e+03 2.500200000000000000e+04 2.799900000000000000e+04 5.489470000000000000e+05
1.280000000000000000e+02 5.137361061372218028e-05 1.578933641864625600e-06 1.773000000000000000e+03 2.322600000000000000e+04 2.686800000000000000e+04 5.209470000000000000e+05
1.290000000000000000e+02 4.827222620046263862e-05 1.342939611918700086e-06 1.508000000000000000e+03 2.145300000000000000e+04 2.524600000000000000e+04 4.940780000000000000e+05
1.300000000000000000e+02 4.610775816358853463e-05 1.301084066984894475e-06 1.461000000000000000e+03 1.994500000000000000e+04 2.411400000000000000e+04 4.688310000000000000e+05
1.310000000000000000e+02 4.408478362029100454e-05 1.193328302368075666e-06 1.340000000000000000e+03 1.848400000000000000e+04 2.305600000000000000e+04 4.447170000000000000e+05
1.320000000000000000e+02 4.123961715485931071e-05 1.130990256721982158e-06 1.270000000000000000e+03 1.714400000000000000e+04 2.156800000000000000e+04 4.216610000000000000e+05
1.330000000000000000e+02 3.919943394342409020e-05 1.018781774559013844e-06 1.144000000000000000e+03 1.587400000000000000e+04 2.050100000000000000e+04 4.000920000000000000e+05
1.340000000000000000e+02 3.707129531706288895e-05 9.555531854036905190e-07 1.073000000000000000e+03 1.473000000000000000e+04 1.938800000000000000e+04 3.795900000000000000e+05
1.350000000000000000e+02 3.541352695313192166e-05 8.486879642961016328e-07 9.530000000000000000e+02 1.365700000000000000e+04 1.852100000000000000e+04 3.602020000000000000e+05
1.360000000000000000e+02 3.362764961528703385e-05 8.255338330561240743e-07 9.270000000000000000e+02 1.270400000000000000e+04 1.758700000000000000e+04 3.416810000000000000e+05
1.370000000000000000e+02 3.171748745200326256e-05 7.213402424762249553e-07 8.100000000000000000e+02 1.177700000000000000e+04 1.658800000000000000e+04 3.240940000000000000e+05
1.380000000000000000e+02 2.991822559449572137e-05 7.578525263546511378e-07 8.510000000000000000e+02 1.096700000000000000e+04 1.564700000000000000e+04 3.075060000000000000e+05
1.390000000000000000e+02 2.866199282044422979e-05 6.278331740070845872e-07 7.050000000000000000e+02 1.011600000000000000e+04 1.499000000000000000e+04 2.918590000000000000e+05
1.400000000000000000e+02 2.720690432569052058e-05 5.948830641655780943e-07 6.680000000000000000e+02 9.411000000000000000e+03 1.422900000000000000e+04 2.768670000000000000e+05
1.410000000000000000e+02 2.568871738109861205e-05 5.369977360656340922e-07 6.030000000000000000e+02 8.743000000000000000e+03 1.343500000000000000e+04 2.626380000000000000e+05
1.420000000000000000e+02 2.424892548024507811e-05 5.467937146671630267e-07 6.140000000000000000e+02 8.140000000000000000e+03 1.268200000000000000e+04 2.492010000000000000e+05
1.430000000000000000e+02 2.297165988958085230e-05 4.826745820026097797e-07 5.420000000000000000e+02 7.526000000000000000e+03 1.201400000000000000e+04 2.365190000000000000e+05
1.440000000000000000e+02 2.190854661351900924e-05 4.408190370688041158e-07 4.950000000000000000e+02 6.984000000000000000e+03 1.145800000000000000e+04 2.245050000000000000e+05
1.450000000000000000e+02 2.076321414524375455e-05 4.123216447734470760e-07 4.630000000000000000e+02 6.489000000000000000e+03 1.085900000000000000e+04 2.130470000000000000e+05
1.460000000000000000e+02 1.935019128371551718e-05 3.766999044042507629e-07 4.230000000000000000e+02 6.026000000000000000e+03 1.012000000000000000e+04 2.021880000000000000e+05
1.470000000000000000e+02 1.882245879415963947e-05 3.392970770165946580e-07 3.810000000000000000e+02 5.603000000000000000e+03 9.844000000000000000e+03 1.920680000000000000e+05
1.480000000000000000e+02 1.739031519025618640e-05 3.036753366473983979e-07 3.410000000000000000e+02 5.222000000000000000e+03 9.095000000000000000e+03 1.822240000000000000e+05
1.490000000000000000e+02 1.672873750407381904e-05 2.956604450643292024e-07 3.320000000000000000e+02 4.881000000000000000e+03 8.749000000000000000e+03 1.731290000000000000e+05
1.500000000000000000e+02 1.583388676091385323e-05 2.894266404997198516e-07 3.250000000000000000e+02 4.549000000000000000e+03 8.281000000000000000e+03 1.643800000000000000e+05
1.510000000000000000e+02 1.497536542826679014e-05 2.689441397874320073e-07 3.020000000000000000e+02 4.224000000000000000e+03 7.832000000000000000e+03 1.560990000000000000e+05
1.520000000000000000e+02 1.453367627939937127e-05 2.457900085474543959e-07 2.760000000000000000e+02 3.922000000000000000e+03 7.601000000000000000e+03 1.482670000000000000e+05
1.530000000000000000e+02 1.384532955389170565e-05 2.270885948536263699e-07 2.550000000000000000e+02 3.646000000000000000e+03 7.241000000000000000e+03 1.406660000000000000e+05
1.540000000000000000e+02 1.288929243513105735e-05 2.083871811597983175e-07 2.340000000000000000e+02 3.391000000000000000e+03 6.741000000000000000e+03 1.334250000000000000e+05
1.550000000000000000e+02 1.234817542591252966e-05 2.092777246690282134e-07 2.350000000000000000e+02 3.157000000000000000e+03 6.458000000000000000e+03 1.266840000000000000e+05
1.560000000000000000e+02 1.144567638580247790e-05 1.754370713182917451e-07 1.970000000000000000e+02 2.922000000000000000e+03 5.986000000000000000e+03 1.202260000000000000e+05
1.570000000000000000e+02 1.092559219319668614e-05 1.905763109752001610e-07 2.140000000000000000e+02 2.725000000000000000e+03 5.714000000000000000e+03 1.142400000000000000e+05
1.580000000000000000e+02 1.035196992194029614e-05 1.692032667536823943e-07 1.900000000000000000e+02 2.511000000000000000e+03 5.414000000000000000e+03 1.085260000000000000e+05
1.590000000000000000e+02 1.004795011817441073e-05 1.380342439306356402e-07 1.550000000000000000e+02 2.321000000000000000e+03 5.255000000000000000e+03 1.031120000000000000e+05
1.600000000000000000e+02 9.189428785527349345e-06 1.424869614767851728e-07 1.600000000000000000e+02 2.166000000000000000e+03 4.806000000000000000e+03 9.785700000000000000e+04
1.610000000000000000e+02 9.116769964501540488e-06 1.264571783106468345e-07 1.420000000000000000e+02 2.006000000000000000e+03 4.768000000000000000e+03 9.305100000000000000e+04
1.620000000000000000e+02 8.252512409141913371e-06 1.202233737460374837e-07 1.350000000000000000e+02 1.864000000000000000e+03 4.316000000000000000e+03 8.828300000000000000e+04
1.630000000000000000e+02 8.189413959303710674e-06 1.050841340891290547e-07 1.180000000000000000e+02 1.729000000000000000e+03 4.283000000000000000e+03 8.396700000000000000e+04
1.640000000000000000e+02 7.514451753458693340e-06 1.086463081260486912e-07 1.220000000000000000e+02 1.611000000000000000e+03 3.930000000000000000e+03 7.968400000000000000e+04
1.650000000000000000e+02 7.332804700894170350e-06 8.994489443222063881e-08 1.010000000000000000e+02 1.489000000000000000e+03 3.835000000000000000e+03 7.575400000000000000e+04
1.660000000000000000e+02 6.883467255076665532e-06 7.836782881223184634e-08 8.800000000000000000e+01 1.388000000000000000e+03 3.600000000000000000e+03 7.191800000000000000e+04
1.670000000000000000e+02 6.439866031971725596e-06 6.768130670147294978e-08 7.600000000000000000e+01 1.300000000000000000e+03 3.368000000000000000e+03 6.831700000000000000e+04
1.680000000000000000e+02 6.191296381093956938e-06 7.213402424762249553e-08 8.100000000000000000e+01 1.224000000000000000e+03 3.238000000000000000e+03 6.494900000000000000e+04
1.690000000000000000e+02 5.898749022753198752e-06 8.103945933992156055e-08 9.100000000000000000e+01 1.143000000000000000e+03 3.085000000000000000e+03 6.171100000000000000e+04
1.700000000000000000e+02 5.640619000687823085e-06 6.055695862763368982e-08 6.800000000000000000e+01 1.052000000000000000e+03 2.950000000000000000e+03 5.862600000000000000e+04
1.710000000000000000e+02 5.361456162009714034e-06 5.699478459071406646e-08 6.400000000000000000e+01 9.840000000000000000e+02 2.804000000000000000e+03 5.567600000000000000e+04
1.720000000000000000e+02 5.019194873493402286e-06 6.590021968301314472e-08 7.400000000000000000e+01 9.200000000000000000e+02 2.625000000000000000e+03 5.287200000000000000e+04
1.730000000000000000e+02 4.826075375503751225e-06 4.541771897072527398e-08 5.100000000000000000e+01 8.460000000000000000e+02 2.524000000000000000e+03 5.024700000000000000e+04
1.740000000000000000e+02 4.430276008336842942e-06 4.541771897072527398e-08 5.100000000000000000e+01 7.950000000000000000e+02 2.317000000000000000e+03 4.772300000000000000e+04
1.750000000000000000e+02 4.206563322546851488e-06 3.740282738765610487e-08 4.200000000000000000e+01 7.440000000000000000e+02 2.200000000000000000e+03 4.540600000000000000e+04
1.760000000000000000e+02 4.128168278808478595e-06 4.096500142457573485e-08 4.600000000000000000e+01 7.020000000000000000e+02 2.159000000000000000e+03 4.320600000000000000e+04
1.770000000000000000e+02 3.868126182505581865e-06 2.849739229535703323e-08 3.200000000000000000e+01 6.560000000000000000e+02 2.023000000000000000e+03 4.104700000000000000e+04
1.780000000000000000e+02 3.720896466216442241e-06 3.651228387842619572e-08 4.100000000000000000e+01 6.240000000000000000e+02 1.946000000000000000e+03 3.902400000000000000e+04
1.790000000000000000e+02 3.342305767187225641e-06 4.007445791534582570e-08 4.500000000000000000e+01 5.830000000000000000e+02 1.748000000000000000e+03 3.707800000000000000e+04
1.800000000000000000e+02 3.346129915662268190e-06 3.562174036919629319e-08 4.000000000000000000e+01 5.380000000000000000e+02 1.750000000000000000e+03 3.533000000000000000e+04
1.810000000000000000e+02 3.216108867510819826e-06 2.315413123997758826e-08 2.600000000000000000e+01 4.980000000000000000e+02 1.682000000000000000e+03 3.358000000000000000e+04
1.820000000000000000e+02 2.950330548495359907e-06 2.582576176766731240e-08 2.900000000000000000e+01 4.720000000000000000e+02 1.543000000000000000e+03 3.189800000000000000e+04
1.830000000000000000e+02 2.764859347455793945e-06 2.404467474920749741e-08 2.700000000000000000e+01 4.430000000000000000e+02 1.446000000000000000e+03 3.035500000000000000e+04
1.840000000000000000e+02 2.887232098657157211e-06 2.404467474920749741e-08 2.700000000000000000e+01 4.160000000000000000e+02 1.510000000000000000e+03 2.890900000000000000e+04
1.850000000000000000e+02 2.527762142003153357e-06 2.137304422151777327e-08 2.400000000000000000e+01 3.890000000000000000e+02 1.322000000000000000e+03 2.739900000000000000e+04
1.860000000000000000e+02 2.518201770815546772e-06 2.404467474920749741e-08 2.700000000000000000e+01 3.650000000000000000e+02 1.317000000000000000e+03 2.607700000000000000e+04
1.870000000000000000e+02 2.328906421300938684e-06 1.246760912921870162e-08 1.400000000000000000e+01 3.380000000000000000e+02 1.218000000000000000e+03 2.476000000000000000e+04
1.880000000000000000e+02 2.179764630774277574e-06 1.246760912921870162e-08 1.400000000000000000e+01 3.240000000000000000e+02 1.140000000000000000e+03 2.354200000000000000e+04
1.890000000000000000e+02 2.131962774836245074e-06 2.493521825843740325e-08 2.800000000000000000e+01 3.100000000000000000e+02 1.115000000000000000e+03 2.240200000000000000e+04
1.900000000000000000e+02 2.082248844660691512e-06 1.959195720305796158e-08 2.200000000000000000e+01 2.820000000000000000e+02 1.089000000000000000e+03 2.128700000000000000e+04
1.910000000000000000e+02 1.973260613121977379e-06 1.602978316613833160e-08 1.800000000000000000e+01 2.600000000000000000e+02 1.032000000000000000e+03 2.019800000000000000e+04
1.920000000000000000e+02 1.850887861920614536e-06 1.781087018459814659e-08 2.000000000000000000e+01 2.420000000000000000e+02 9.680000000000000000e+02 1.916600000000000000e+04
1.930000000000000000e+02 1.707482294106517461e-06 2.048250071228786743e-08 2.300000000000000000e+01 2.220000000000000000e+02 8.930000000000000000e+02 1.819800000000000000e+04
1.940000000000000000e+02 1.594669914092760991e-06 1.424869614767851661e-08 1.600000000000000000e+01 1.990000000000000000e+02 8.340000000000000000e+02 1.730500000000000000e+04
1.950000000000000000e+02 1.617614804943016497e-06 8.014891583069165802e-09 9.000000000000000000e+00 1.830000000000000000e+02 8.460000000000000000e+02 1.647100000000000000e+04
1.960000000000000000e+02 1.407286638815673965e-06 1.246760912921870162e-08 1.400000000000000000e+01 1.740000000000000000e+02 7.360000000000000000e+02 1.562500000000000000e+04
1.970000000000000000e+02 1.372869302540290600e-06 1.246760912921870162e-08 1.400000000000000000e+01 1.600000000000000000e+02 7.180000000000000000e+02 1.488900000000000000e+04
1.980000000000000000e+02 1.288738036089353460e-06 1.424869614767851661e-08 1.600000000000000000e+01 1.460000000000000000e+02 6.740000000000000000e+02 1.417100000000000000e+04
1.990000000000000000e+02 1.242848254388842447e-06 8.014891583069165802e-09 9.000000000000000000e+00 1.300000000000000000e+02 6.500000000000000000e+02 1.349700000000000000e+04
2.000000000000000000e+02 1.168277359125511891e-06 1.246760912921870162e-08 1.400000000000000000e+01 1.210000000000000000e+02 6.110000000000000000e+02 1.284700000000000000e+04
2.010000000000000000e+02 1.154892839462862758e-06 1.781087018459814577e-09 2.000000000000000000e+00 1.070000000000000000e+02 6.040000000000000000e+02 1.223600000000000000e+04
2.020000000000000000e+02 1.156804913700384032e-06 2.671630527689721658e-09 3.000000000000000000e+00 1.050000000000000000e+02 6.050000000000000000e+02 1.163200000000000000e+04
2.030000000000000000e+02 1.009575197411244408e-06 8.014891583069165802e-09 9.000000000000000000e+00 1.020000000000000000e+02 5.280000000000000000e+02 1.102700000000000000e+04
2.040000000000000000e+02 1.032520088261499914e-06 4.452717546149536649e-09 5.000000000000000000e+00 9.300000000000000000e+01 5.400000000000000000e+02 1.049900000000000000e+04
2.050000000000000000e+02 9.828061580859461404e-07 5.343261055379443317e-09 6.000000000000000000e+00 8.800000000000000000e+01 5.140000000000000000e+02 9.959000000000000000e+03
2.060000000000000000e+02 8.527851099344980932e-07 6.233804564609350812e-09 7.000000000000000000e+00 8.200000000000000000e+01 4.460000000000000000e+02 9.445000000000000000e+03
2.070000000000000000e+02 8.394005902718489595e-07 4.452717546149536649e-09 5.000000000000000000e+00 7.500000000000000000e+01 4.390000000000000000e+02 8.999000000000000000e+03
2.080000000000000000e+02 7.858625116212526362e-07 6.233804564609350812e-09 7.000000000000000000e+00 7.000000000000000000e+01 4.110000000000000000e+02 8.560000000000000000e+03
2.090000000000000000e+02 7.457089526333054467e-07 3.562174036919629153e-09 4.000000000000000000e+00 6.300000000000000000e+01 3.900000000000000000e+02 8.149000000000000000e+03
2.100000000000000000e+02 7.476210268708267213e-07 6.233804564609350812e-09 7.000000000000000000e+00 5.900000000000000000e+01 3.910000000000000000e+02 7.759000000000000000e+03
2.110000000000000000e+02 6.787863543200600956e-07 8.905435092299072884e-10 1.000000000000000000e+00 5.200000000000000000e+01 3.550000000000000000e+02 7.368000000000000000e+03
2.120000000000000000e+02 5.889188651565592379e-07 1.781087018459814577e-09 2.000000000000000000e+00 5.100000000000000000e+01 3.080000000000000000e+02 7.013000000000000000e+03
2.130000000000000000e+02 5.602377515937398017e-07 3.562174036919629153e-09 4.000000000000000000e+00 4.900000000000000000e+01 2.930000000000000000e+02 6.705000000000000000e+03
2.140000000000000000e+02 6.348086468570702511e-07 1.781087018459814577e-09 2.000000000000000000e+00 4.500000000000000000e+01 3.320000000000000000e+02 6.412000000000000000e+03
2.150000000000000000e+02 5.640619000687823509e-07 1.781087018459814577e-09 2.000000000000000000e+00 4.300000000000000000e+01 2.950000000000000000e+02 6.080000000000000000e+03
2.160000000000000000e+02 5.047875987056222039e-07 3.562174036919629153e-09 4.000000000000000000e+00 4.100000000000000000e+01 2.640000000000000000e+02 5.785000000000000000e+03
2.170000000000000000e+02 5.047875987056222039e-07 1.781087018459814577e-09 2.000000000000000000e+00 3.700000000000000000e+01 2.640000000000000000e+02 5.521000000000000000e+03
2.180000000000000000e+02 4.588978170051110849e-07 8.905435092299072884e-10 1.000000000000000000e+00 3.500000000000000000e+01 2.400000000000000000e+02 5.257000000000000000e+03
2.190000000000000000e+02 5.009634502305795489e-07 0.000000000000000000e+00 0.000000000000000000e+00 3.400000000000000000e+01 2.620000000000000000e+02 5.017000000000000000e+03
2.200000000000000000e+02 4.436012231049406765e-07 1.781087018459814577e-09 2.000000000000000000e+00 3.400000000000000000e+01 2.320000000000000000e+02 4.755000000000000000e+03
2.210000000000000000e+02 3.881510702168230787e-07 8.905435092299072884e-10 1.000000000000000000e+00 3.200000000000000000e+01 2.030000000000000000e+02 4.523000000000000000e+03
2.220000000000000000e+02 4.015355898794721596e-07 2.671630527689721658e-09 3.000000000000000000e+00 3.100000000000000000e+01 2.100000000000000000e+02 4.320000000000000000e+03
2.230000000000000000e+02 3.728544763166527234e-07 2.671630527689721658e-09 3.000000000000000000e+00 2.800000000000000000e+01 1.950000000000000000e+02 4.110000000000000000e+03
2.240000000000000000e+02 3.575578824164823680e-07 4.452717546149536649e-09 5.000000000000000000e+00 2.500000000000000000e+01 1.870000000000000000e+02 3.915000000000000000e+03
2.250000000000000000e+02 3.441733627538332872e-07 1.781087018459814577e-09 2.000000000000000000e+00 2.000000000000000000e+01 1.800000000000000000e+02 3.728000000000000000e+03
2.260000000000000000e+02 3.116681007159712489e-07 0.000000000000000000e+00 0.000000000000000000e+00 1.800000000000000000e+01 1.630000000000000000e+02 3.548000000000000000e+03
2.270000000000000000e+02 3.346129915662268085e-07 1.781087018459814577e-09 2.000000000000000000e+00 1.800000000000000000e+01 1.750000000000000000e+02 3.385000000000000000e+03
2.280000000000000000e+02 2.829869871531518127e-07 0.000000000000000000e+00 0.000000000000000000e+00 1.600000000000000000e+01 1.480000000000000000e+02 3.210000000000000000e+03
2.290000000000000000e+02 2.562179478278536511e-07 0.000000000000000000e+00 0.000000000000000000e+00 1.600000000000000000e+01 1.340000000000000000e+02 3.062000000000000000e+03
2.300000000000000000e+02 2.523937993528111020e-07 8.905435092299072884e-10 1.000000000000000000e+00 1.600000000000000000e+01 1.320000000000000000e+02 2.928000000000000000e+03
2.310000000000000000e+02 3.097560264784499743e-07 0.000000000000000000e+00 0.000000000000000000e+00 1.500000000000000000e+01 1.620000000000000000e+02 2.796000000000000000e+03
2.320000000000000000e+02 2.313609827400768170e-07 8.905435092299072884e-10 1.000000000000000000e+00 1.500000000000000000e+01 1.210000000000000000e+02 2.634000000000000000e+03
2.330000000000000000e+02 2.198885373149490372e-07 8.905435092299072884e-10 1.000000000000000000e+00 1.400000000000000000e+01 1.150000000000000000e+02 2.513000000000000000e+03
2.340000000000000000e+02 2.428334281652046232e-07 0.000000000000000000e+00 0.000000000000000000e+00 1.300000000000000000e+01 1.270000000000000000e+02 2.398000000000000000e+03
2.350000000000000000e+02 1.969436464646935042e-07 8.905435092299072884e-10 1.000000000000000000e+00 1.300000000000000000e+01 1.030000000000000000e+02 2.271000000000000000e+03
2.360000000000000000e+02 1.739987556144379446e-07 0.000000000000000000e+00 0.000000000000000000e+00 1.200000000000000000e+01 9.100000000000000000e+01 2.168000000000000000e+03
2.370000000000000000e+02 1.625263101893101649e-07 1.781087018459814577e-09 2.000000000000000000e+00 1.200000000000000000e+01 8.500000000000000000e+01 2.077000000000000000e+03
2.380000000000000000e+02 1.797349783270018213e-07 0.000000000000000000e+00 0.000000000000000000e+00 1.000000000000000000e+01 9.400000000000000000e+01 1.992000000000000000e+03
2.390000000000000000e+02 1.453176420516185084e-07 8.905435092299072884e-10 1.000000000000000000e+00 1.000000000000000000e+01 7.600000000000000000e+01 1.898000000000000000e+03
2.400000000000000000e+02 1.395814193390546053e-07 0.000000000000000000e+00 0.000000000000000000e+00 9.000000000000000000e+00 7.300000000000000000e+01 1.822000000000000000e+03
2.410000000000000000e+02 1.682625329018740680e-07 0.000000000000000000e+00 0.000000000000000000e+00 9.000000000000000000e+00 8.800000000000000000e+01 1.749000000000000000e+03
2.420000000000000000e+02 1.587021617142675628e-07 8.905435092299072884e-10 1.000000000000000000e+00 9.000000000000000000e+00 8.300000000000000000e+01 1.661000000000000000e+03
2.430000000000000000e+02 1.472297162891398095e-07 8.905435092299072884e-10 1.000000000000000000e+00 8.000000000000000000e+00 7.700000000000000000e+01 1.578000000000000000e+03
2.440000000000000000e+02 1.376693451015333043e-07 8.905435092299072884e-10 1.000000000000000000e+00 7.000000000000000000e+00 7.200000000000000000e+01 1.501000000000000000e+03
2.450000000000000000e+02 1.300210481514481266e-07 8.905435092299072884e-10 1.000000000000000000e+00 6.000000000000000000e+00 6.800000000000000000e+01 1.429000000000000000e+03
2.460000000000000000e+02 1.109003057762351691e-07 0.000000000000000000e+00 0.000000000000000000e+00 5.000000000000000000e+00 5.800000000000000000e+01 1.361000000000000000e+03
2.470000000000000000e+02 1.147244542512777712e-07 0.000000000000000000e+00 0.000000000000000000e+00 5.000000000000000000e+00 6.000000000000000000e+01 1.303000000000000000e+03
2.480000000000000000e+02 7.648296950085184307e-08 0.000000000000000000e+00 0.000000000000000000e+00 5.000000000000000000e+00 4.000000000000000000e+01 1.243000000000000000e+03
2.490000000000000000e+02 8.604334068845832180e-08 0.000000000000000000e+00 0.000000000000000000e+00 5.000000000000000000e+00 4.500000000000000000e+01 1.203000000000000000e+03
2.500000000000000000e+02 1.013399345886286904e-07 0.000000000000000000e+00 0.000000000000000000e+00 5.000000000000000000e+00 5.300000000000000000e+01 1.158000000000000000e+03
2.510000000000000000e+02 9.751578611358610156e-08 8.905435092299072884e-10 1.000000000000000000e+00 5.000000000000000000e+00 5.100000000000000000e+01 1.105000000000000000e+03
2.520000000000000000e+02 9.751578611358610156e-08 8.905435092299072884e-10 1.000000000000000000e+00 4.000000000000000000e+00 5.100000000000000000e+01 1.054000000000000000e+03
2.530000000000000000e+02 9.942786035110738937e-08 0.000000000000000000e+00 0.000000000000000000e+00 3.000000000000000000e+00 5.200000000000000000e+01 1.003000000000000000e+03
2.540000000000000000e+02 8.030711797589443191e-08 0.000000000000000000e+00 0.000000000000000000e+00 3.000000000000000000e+00 4.200000000000000000e+01 9.510000000000000000e+02
2.550000000000000000e+02 9.751578611358610156e-08 0.000000000000000000e+00 0.000000000000000000e+00 3.000000000000000000e+00 5.100000000000000000e+01 9.090000000000000000e+02
2.560000000000000000e+02 8.030711797589443191e-08 0.000000000000000000e+00 0.000000000000000000e+00 3.000000000000000000e+00 4.200000000000000000e+01 8.580000000000000000e+02
2.570000000000000000e+02 7.457089526333054203e-08 0.000000000000000000e+00 0.000000000000000000e+00 3.000000000000000000e+00 3.900000000000000000e+01 8.160000000000000000e+02
2.580000000000000000e+02 4.971393017555369468e-08 0.000000000000000000e+00 0.000000000000000000e+00 3.000000000000000000e+00 2.600000000000000000e+01 7.770000000000000000e+02
2.590000000000000000e+02 6.692259831324536434e-08 0.000000000000000000e+00 0.000000000000000000e+00 3.000000000000000000e+00 3.500000000000000000e+01 7.510000000000000000e+02
2.600000000000000000e+02 8.030711797589443191e-08 0.000000000000000000e+00 0.000000000000000000e+00 3.000000000000000000e+00 4.200000000000000000e+01 7.160000000000000000e+02
2.610000000000000000e+02 6.692259831324536434e-08 8.905435092299072884e-10 1.000000000000000000e+00 3.000000000000000000e+00 3.500000000000000000e+01 6.740000000000000000e+02
2.620000000000000000e+02 5.162600441307499572e-08 0.000000000000000000e+00 0.000000000000000000e+00 2.000000000000000000e+00 2.700000000000000000e+01 6.390000000000000000e+02
2.630000000000000000e+02 4.206563322546851700e-08 0.000000000000000000e+00 0.000000000000000000e+00 2.000000000000000000e+00 2.200000000000000000e+01 6.120000000000000000e+02
2.640000000000000000e+02 3.441733627538332607e-08 0.000000000000000000e+00 0.000000000000000000e+00 2.000000000000000000e+00 1.800000000000000000e+01 5.900000000000000000e+02
2.650000000000000000e+02 6.309844983820277549e-08 0.000000000000000000e+00 0.000000000000000000e+00 2.000000000000000000e+00 3.300000000000000000e+01 5.720000000000000000e+02
2.660000000000000000e+02 5.736222712563888561e-08 0.000000000000000000e+00 0.000000000000000000e+00 2.000000000000000000e+00 3.000000000000000000e+01 5.390000000000000000e+02
2.670000000000000000e+02 4.588978170051110584e-08 0.000000000000000000e+00 0.000000000000000000e+00 2.000000000000000000e+00 2.400000000000000000e+01 5.090000000000000000e+02
2.680000000000000000e+02 5.353807865059629015e-08 0.000000000000000000e+00 0.000000000000000000e+00 2.000000000000000000e+00 2.800000000000000000e+01 4.850000000000000000e+02
2.690000000000000000e+02 2.485696508777684734e-08 0.000000000000000000e+00 0.000000000000000000e+00 2.000000000000000000e+00 1.300000000000000000e+01 4.570000000000000000e+02
2.700000000000000000e+02 3.250526203786203165e-08 0.000000000000000000e+00 0.000000000000000000e+00 2.000000000000000000e+00 1.700000000000000000e+01 4.440000000000000000e+02
2.710000000000000000e+02 3.059318780034073723e-08 0.000000000000000000e+00 0.000000000000000000e+00 2.000000000000000000e+00 1.600000000000000000e+01 4.270000000000000000e+02
2.720000000000000000e+02 4.397770746298981142e-08 0.000000000000000000e+00 0.000000000000000000e+00 2.000000000000000000e+00 2.300000000000000000e+01 4.110000000000000000e+02
2.730000000000000000e+02 3.441733627538332607e-08 0.000000000000000000e+00 0.000000000000000000e+00 2.000000000000000000e+00 1.800000000000000000e+01 3.880000000000000000e+02
2.740000000000000000e+02 4.015355898794721596e-08 0.000000000000000000e+00 0.000000000000000000e+00 2.000000000000000000e+00 2.100000000000000000e+01 3.700000000000000000e+02
2.750000000000000000e+02 3.632941051290462711e-08 0.000000000000000000e+00 0.000000000000000000e+00 2.000000000000000000e+00 1.900000000000000000e+01 3.490000000000000000e+02
2.760000000000000000e+02 3.250526203786203165e-08 0.000000000000000000e+00 0.000000000000000000e+00 2.000000000000000000e+00 1.700000000000000000e+01 3.300000000000000000e+02
2.770000000000000000e+02 4.206563322546851700e-08 0.000000000000000000e+00 0.000000000000000000e+00 2.000000000000000000e+00 2.200000000000000000e+01 3.130000000000000000e+02
2.780000000000000000e+02 2.103281661273425850e-08 0.000000000000000000e+00 0.000000000000000000e+00 2.000000000000000000e+00 1.100000000000000000e+01 2.910000000000000000e+02
2.790000000000000000e+02 2.294489085025555292e-08 0.000000000000000000e+00 0.000000000000000000e+00 2.000000000000000000e+00 1.200000000000000000e+01 2.800000000000000000e+02
2.800000000000000000e+02 2.676903932529814507e-08 0.000000000000000000e+00 0.000000000000000000e+00 2.000000000000000000e+00 1.400000000000000000e+01 2.680000000000000000e+02
2.810000000000000000e+02 1.338451966264907254e-08 0.000000000000000000e+00 0.000000000000000000e+00 2.000000000000000000e+00 7.000000000000000000e+00 2.540000000000000000e+02
2.820000000000000000e+02 1.338451966264907254e-08 0.000000000000000000e+00 0.000000000000000000e+00 2.000000000000000000e+00 7.000000000000000000e+00 2.470000000000000000e+02
2.830000000000000000e+02 2.485696508777684734e-08 0.000000000000000000e+00 0.000000000000000000e+00 2.000000000000000000e+00 1.300000000000000000e+01 2.400000000000000000e+02
2.840000000000000000e+02 1.338451966264907254e-08 0.000000000000000000e+00 0.000000000000000000e+00 2.000000000000000000e+00 7.000000000000000000e+00 2.270000000000000000e+02
2.850000000000000000e+02 2.676903932529814507e-08 0.000000000000000000e+00 0.000000000000000000e+00 2.000000000000000000e+00 1.400000000000000000e+01 2.200000000000000000e+02
2.860000000000000000e+02 2.868111356281944280e-08 0.000000000000000000e+00 0.000000000000000000e+00 2.000000000000000000e+00 1.500000000000000000e+01 2.060000000000000000e+02
2.870000000000000000e+02 1.147244542512777646e-08 0.000000000000000000e+00 0.000000000000000000e+00 2.000000000000000000e+00 6.000000000000000000e+00 1.910000000000000000e+02
2.880000000000000000e+02 1.529659390017036861e-08 0.000000000000000000e+00 0.000000000000000000e+00 2.000000000000000000e+00 8.000000000000000000e+00 1.850000000000000000e+02
2.890000000000000000e+02 1.147244542512777646e-08 0.000000000000000000e+00 0.000000000000000000e+00 2.000000000000000000e+00 6.000000000000000000e+00 1.770000000000000000e+02
2.900000000000000000e+02 2.485696508777684734e-08 0.000000000000000000e+00 0.000000000000000000e+00 2.000000000000000000e+00 1.300000000000000000e+01 1.710000000000000000e+02
2.910000000000000000e+02 9.560371187606480383e-09 0.000000000000000000e+00 0.000000000000000000e+00 2.000000000000000000e+00 5.000000000000000000e+00 1.580000000000000000e+02
2.920000000000000000e+02 1.529659390017036861e-08 0.000000000000000000e+00 0.000000000000000000e+00 2.000000000000000000e+00 8.000000000000000000e+00 1.530000000000000000e+02
2.930000000000000000e+02 1.338451966264907254e-08 0.000000000000000000e+00 0.000000000000000000e+00 2.000000000000000000e+00 7.000000000000000000e+00 1.450000000000000000e+02
2.940000000000000000e+02 1.147244542512777646e-08 0.000000000000000000e+00 0.000000000000000000e+00 2.000000000000000000e+00 6.000000000000000000e+00 1.380000000000000000e+02
2.950000000000000000e+02 1.338451966264907254e-08 8.905435092299072884e-10 1.000000000000000000e+00 2.000000000000000000e+00 7.000000000000000000e+00 1.320000000000000000e+02
2.960000000000000000e+02 5.736222712563888230e-09 0.000000000000000000e+00 0.000000000000000000e+00 1.000000000000000000e+00 3.000000000000000000e+00 1.250000000000000000e+02
2.970000000000000000e+02 1.338451966264907254e-08 0.000000000000000000e+00 0.000000000000000000e+00 1.000000000000000000e+00 7.000000000000000000e+00 1.220000000000000000e+02
2.980000000000000000e+02 5.736222712563888230e-09 0.000000000000000000e+00 0.000000000000000000e+00 1.000000000000000000e+00 3.000000000000000000e+00 1.150000000000000000e+02
2.990000000000000000e+02 1.912074237521296077e-09 0.000000000000000000e+00 0.000000000000000000e+00 1.000000000000000000e+00 1.000000000000000000e+00 1.120000000000000000e+02
3.000000000000000000e+02 5.736222712563888230e-09 0.000000000000000000e+00 0.000000000000000000e+00 1.000000000000000000e+00 3.000000000000000000e+00 1.110000000000000000e+02
3.010000000000000000e+02 1.338451966264907254e-08 0.000000000000000000e+00 0.000000000000000000e+00 1.000000000000000000e+00 7.000000000000000000e+00 1.080000000000000000e+02
3.020000000000000000e+02 7.648296950085184307e-09 0.000000000000000000e+00 0.000000000000000000e+00 1.000000000000000000e+00 4.000000000000000000e+00 1.010000000000000000e+02
3.030000000000000000e+02 9.560371187606480383e-09 0.000000000000000000e+00 0.000000000000000000e+00 1.000000000000000000e+00 5.000000000000000000e+00 9.700000000000000000e+01
3.040000000000000000e+02 7.648296950085184307e-09 0.000000000000000000e+00 0.000000000000000000e+00 1.000000000000000000e+00 4.000000000000000000e+00 9.200000000000000000e+01
3.050000000000000000e+02 1.147244542512777646e-08 0.000000000000000000e+00 0.000000000000000000e+00 1.000000000000000000e+00 6.000000000000000000e+00 8.800000000000000000e+01
3.060000000000000000e+02 5.736222712563888230e-09 0.000000000000000000e+00 0.000000000000000000e+00 1.000000000000000000e+00 3.000000000000000000e+00 8.200000000000000000e+01
3.070000000000000000e+02 7.648296950085184307e-09 0.000000000000000000e+00 0.000000000000000000e+00 1.000000000000000000e+00 4.000000000000000000e+00 7.900000000000000000e+01
3.080000000000000000e+02 1.912074237521296077e-09 0.000000000000000000e+00 0.000000000000000000e+00 1.000000000000000000e+00 1.000000000000000000e+00 7.500000000000000000e+01
3.090000000000000000e+02 9.560371187606480383e-09 0.000000000000000000e+00 0.000000000000000000e+00 1.000000000000000000e+00 5.000000000000000000e+00 7.400000000000000000e+01
3.100000000000000000e+02 1.338451966264907254e-08 0.000000000000000000e+00 0.000000000000000000e+00 1.000000000000000000e+00 7.000000000000000000e+00 6.900000000000000000e+01
3.110000000000000000e+02 5.736222712563888230e-09 0.000000000000000000e+00 0.000000000000000000e+00 1.000000000000000000e+00 3.000000000000000000e+00 6.200000000000000000e+01
3.120000000000000000e+02 5.736222712563888230e-09 0.000000000000000000e+00 0.000000000000000000e+00 1.000000000000000000e+00 3.000000000000000000e+00 5.900000000000000000e+01
3.130000000000000000e+02 1.147244542512777646e-08 0.000000000000000000e+00 0.000000000000000000e+00 1.000000000000000000e+00 6.000000000000000000e+00 5.600000000000000000e+01
3.140000000000000000e+02 5.736222712563888230e-09 0.000000000000000000e+00 0.000000000000000000e+00 1.000000000000000000e+00 3.000000000000000000e+00 5.000000000000000000e+01
3.150000000000000000e+02 1.912074237521296077e-09 0.000000000000000000e+00 0.000000000000000000e+00 1.000000000000000000e+00 1.000000000000000000e+00 4.700000000000000000e+01
3.160000000000000000e+02 1.912074237521296077e-09 0.000000000000000000e+00 0.000000000000000000e+00 1.000000000000000000e+00 1.000000000000000000e+00 4.600000000000000000e+01
3.170000000000000000e+02 5.736222712563888230e-09 0.000000000000000000e+00 0.000000000000000000e+00 1.000000000000000000e+00 3.000000000000000000e+00 4.500000000000000000e+01
3.180000000000000000e+02 3.824148475042592153e-09 0.000000000000000000e+00 0.000000000000000000e+00 1.000000000000000000e+00 2.000000000000000000e+00 4.200000000000000000e+01
3.190000000000000000e+02 5.736222712563888230e-09 0.000000000000000000e+00 0.000000000000000000e+00 1.000000000000000000e+00 3.000000000000000000e+00 4.000000000000000000e+01
3.200000000000000000e+02 1.912074237521296077e-09 0.000000000000000000e+00 0.000000000000000000e+00 1.000000000000000000e+00 1.000000000000000000e+00 3.700000000000000000e+01
3.210000000000000000e+02 3.824148475042592153e-09 0.000000000000000000e+00 0.000000000000000000e+00 1.000000000000000000e+00 2.000000000000000000e+00 3.600000000000000000e+01
3.220000000000000000e+02 5.736222712563888230e-09 0.000000000000000000e+00 0.000000000000000000e+00 1.000000000000000000e+00 3.000000000000000000e+00 3.400000000000000000e+01
3.230000000000000000e+02 0.000000000000000000e+00 0.000000000000000000e+00 0.000000000000000000e+00 1.000000000000000000e+00 0.000000000000000000e+00 3.100000000000000000e+01
3.240000000000000000e+02 1.912074237521296077e-09 0.000000000000000000e+00 0.000000000000000000e+00 1.000000000000000000e+00 1.000000000000000000e+00 3.100000000000000000e+01
3.250000000000000000e+02 0.000000000000000000e+00 0.000000000000000000e+00 0.000000000000000000e+00 1.000000000000000000e+00 0.000000000000000000e+00 3.000000000000000000e+01
3.260000000000000000e+02 0.000000000000000000e+00 0.000000000000000000e+00 0.000000000000000000e+00 1.000000000000000000e+00 0.000000000000000000e+00 3.000000000000000000e+01
3.270000000000000000e+02 1.912074237521296077e-09 0.000000000000000000e+00 0.000000000000000000e+00 1.000000000000000000e+00 1.000000000000000000e+00 3.000000000000000000e+01
3.280000000000000000e+02 0.000000000000000000e+00 0.000000000000000000e+00 0.000000000000000000e+00 1.000000000000000000e+00 0.000000000000000000e+00 2.900000000000000000e+01
3.290000000000000000e+02 1.912074237521296077e-09 0.000000000000000000e+00 0.000000000000000000e+00 1.000000000000000000e+00 1.000000000000000000e+00 2.900000000000000000e+01
3.300000000000000000e+02 0.000000000000000000e+00 0.000000000000000000e+00 0.000000000000000000e+00 1.000000000000000000e+00 0.000000000000000000e+00 2.800000000000000000e+01
3.310000000000000000e+02 3.824148475042592153e-09 0.000000000000000000e+00 0.000000000000000000e+00 1.000000000000000000e+00 2.000000000000000000e+00 2.800000000000000000e+01
3.320000000000000000e+02 3.824148475042592153e-09 8.905435092299072884e-10 1.000000000000000000e+00 1.000000000000000000e+00 2.000000000000000000e+00 2.600000000000000000e+01
3.330000000000000000e+02 3.824148475042592153e-09 0.000000000000000000e+00 0.000000000000000000e+00 1.000000000000000000e+00 2.000000000000000000e+00 2.400000000000000000e+01
3.340000000000000000e+02 1.912074237521296077e-09 0.000000000000000000e+00 0.000000000000000000e+00 1.000000000000000000e+00 1.000000000000000000e+00 2.200000000000000000e+01
3.350000000000000000e+02 0.000000000000000000e+00 0.000000000000000000e+00 0.000000000000000000e+00 1.000000000000000000e+00 0.000000000000000000e+00 2.100000000000000000e+01
3.360000000000000000e+02 3.824148475042592153e-09 0.000000000000000000e+00 0.000000000000000000e+00 1.000000000000000000e+00 2.000000000000000000e+00 2.100000000000000000e+01
3.370000000000000000e+02 0.000000000000000000e+00 0.000000000000000000e+00 0.000000000000000000e+00 1.000000000000000000e+00 0.000000000000000000e+00 1.900000000000000000e+01
3.380000000000000000e+02 1.912074237521296077e-09 0.000000000000000000e+00 0.000000000000000000e+00 1.000000000000000000e+00 1.000000000000000000e+00 1.900000000000000000e+01
3.390000000000000000e+02 0.000000000000000000e+00 0.000000000000000000e+00 0.000000000000000000e+00 1.000000000000000000e+00 0.000000000000000000e+00 1.800000000000000000e+01
3.400000000000000000e+02 0.000000000000000000e+00 0.000000000000000000e+00 0.000000000000000000e+00 1.000000000000000000e+00 0.000000000000000000e+00 1.800000000000000000e+01
3.410000000000000000e+02 3.824148475042592153e-09 0.000000000000000000e+00 0.000000000000000000e+00 1.000000000000000000e+00 2.000000000000000000e+00 1.800000000000000000e+01
3.420000000000000000e+02 3.824148475042592153e-09 0.000000000000000000e+00 0.000000000000000000e+00 1.000000000000000000e+00 2.000000000000000000e+00 1.600000000000000000e+01
3.430000000000000000e+02 1.912074237521296077e-09 0.000000000000000000e+00 0.000000000000000000e+00 1.000000000000000000e+00 1.000000000000000000e+00 1.400000000000000000e+01
3.440000000000000000e+02 5.736222712563888230e-09 0.000000000000000000e+00 0.000000000000000000e+00 1.000000000000000000e+00 3.000000000000000000e+00 1.300000000000000000e+01
3.450000000000000000e+02 1.912074237521296077e-09 0.000000000000000000e+00 0.000000000000000000e+00 1.000000000000000000e+00 1.000000000000000000e+00 1.000000000000000000e+01
3.460000000000000000e+02 0.000000000000000000e+00 0.000000000000000000e+00 0.000000000000000000e+00 1.000000000000000000e+00 0.000000000000000000e+00 9.000000000000000000e+00
3.470000000000000000e+02 0.000000000000000000e+00 0.000000000000000000e+00 0.000000000000000000e+00 1.000000000000000000e+00 0.000000000000000000e+00 9.000000000000000000e+00
3.480000000000000000e+02 3.824148475042592153e-09 0.000000000000000000e+00 0.000000000000000000e+00 1.000000000000000000e+00 2.000000000000000000e+00 9.000000000000000000e+00
3.490000000000000000e+02 0.000000000000000000e+00 0.000000000000000000e+00 0.000000000000000000e+00 1.000000000000000000e+00 0.000000000000000000e+00 7.000000000000000000e+00
3.500000000000000000e+02 0.000000000000000000e+00 0.000000000000000000e+00 0.000000000000000000e+00 1.000000000000000000e+00 0.000000000000000000e+00 7.000000000000000000e+00
3.510000000000000000e+02 0.000000000000000000e+00 0.000000000000000000e+00 0.000000000000000000e+00 1.000000000000000000e+00 0.000000000000000000e+00 7.000000000000000000e+00
3.520000000000000000e+02 1.912074237521296077e-09 0.000000000000000000e+00 0.000000000000000000e+00 1.000000000000000000e+00 1.000000000000000000e+00 7.000000000000000000e+00
3.530000000000000000e+02 0.000000000000000000e+00 0.000000000000000000e+00 0.000000000000000000e+00 1.000000000000000000e+00 0.000000000000000000e+00 6.000000000000000000e+00
3.540000000000000000e+02 1.912074237521296077e-09 0.000000000000000000e+00 0.000000000000000000e+00 1.000000000000000000e+00 1.000000000000000000e+00 6.000000000000000000e+00
3.550000000000000000e+02 0.000000000000000000e+00 0.000000000000000000e+00 0.000000000000000000e+00 1.000000000000000000e+00 0.000000000000000000e+00 5.000000000000000000e+00
3.560000000000000000e+02 0.000000000000000000e+00 0.000000000000000000e+00 0.000000000000000000e+00 1.000000000000000000e+00 0.000000000000000000e+00 5.000000000000000000e+00
3.570000000000000000e+02 1.912074237521296077e-09 0.000000000000000000e+00 0.000000000000000000e+00 1.000000000000000000e+00 1.000000000000000000e+00 5.000000000000000000e+00
3.580000000000000000e+02 1.912074237521296077e-09 0.000000000000000000e+00 0.000000000000000000e+00 1.000000000000000000e+00 1.000000000000000000e+00 4.000000000000000000e+00
3.590000000000000000e+02 0.000000000000000000e+00 0.000000000000000000e+00 0.000000000000000000e+00 1.000000000000000000e+00 0.000000000000000000e+00 3.000000000000000000e+00
3.600000000000000000e+02 0.000000000000000000e+00 0.000000000000000000e+00 0.000000000000000000e+00 1.000000000000000000e+00 0.000000000000000000e+00 3.000000000000000000e+00
3.610000000000000000e+02 0.000000000000000000e+00 0.000000000000000000e+00 0.000000000000000000e+00 1.000000000000000000e+00 0.000000000000000000e+00 3.000000000000000000e+00
3.620000000000000000e+02 0.000000000000000000e+00 0.000000000000000000e+00 0.000000000000000000e+00 1.000000000000000000e+00 0.000000000000000000e+00 3.000000000000000000e+00
3.630000000000000000e+02 0.000000000000000000e+00 0.000000000000000000e+00 0.000000000000000000e+00 1.000000000000000000e+00 0.000000000000000000e+00 3.000000000000000000e+00
3.640000000000000000e+02 0.000000000000000000e+00 0.000000000000000000e+00 0.000000000000000000e+00 1.000000000000000000e+00 0.000000000000000000e+00 3.000000000000000000e+00
3.650000000000000000e+02 0.000000000000000000e+00 0.000000000000000000e+00 0.000000000000000000e+00 1.000000000000000000e+00 0.000000000000000000e+00 3.000000000000000000e+00
3.660000000000000000e+02 0.000000000000000000e+00 0.000000000000000000e+00 0.000000000000000000e+00 1.000000000000000000e+00 0.000000000000000000e+00 3.000000000000000000e+00
3.670000000000000000e+02 0.000000000000000000e+00 0.000000000000000000e+00 0.000000000000000000e+00 1.000000000000000000e+00 0.000000000000000000e+00 3.000000000000000000e+00
3.680000000000000000e+02 1.912074237521296077e-09 0.000000000000000000e+00 0.000000000000000000e+00 1.000000000000000000e+00 1.000000000000000000e+00 3.000000000000000000e+00
3.690000000000000000e+02 0.000000000000000000e+00 0.000000000000000000e+00 0.000000000000000000e+00 1.000000000000000000e+00 0.000000000000000000e+00 2.000000000000000000e+00
3.700000000000000000e+02 0.000000000000000000e+00 0.000000000000000000e+00 0.000000000000000000e+00 1.000000000000000000e+00 0.000000000000000000e+00 2.000000000000000000e+00
3.710000000000000000e+02 0.000000000000000000e+00 0.000000000000000000e+00 0.000000000000000000e+00 1.000000000000000000e+00 0.000000000000000000e+00 2.000000000000000000e+00
3.720000000000000000e+02 0.000000000000000000e+00 0.000000000000000000e+00 0.000000000000000000e+00 1.000000000000000000e+00 0.000000000000000000e+00 2.000000000000000000e+00
3.730000000000000000e+02 0.000000000000000000e+00 0.000000000000000000e+00 0.000000000000000000e+00 1.000000000000000000e+00 0.000000000000000000e+00 2.000000000000000000e+00
3.740000000000000000e+02 0.000000000000000000e+00 0.000000000000000000e+00 0.000000000000000000e+00 1.000000000000000000e+00 0.000000000000000000e+00 2.000000000000000000e+00
3.750000000000000000e+02 0.000000000000000000e+00 0.000000000000000000e+00 0.000000000000000000e+00 1.000000000000000000e+00 0.000000000000000000e+00 2.000000000000000000e+00
3.760000000000000000e+02 0.000000000000000000e+00 0.000000000000000000e+00 0.000000000000000000e+00 1.000000000000000000e+00 0.000000000000000000e+00 2.000000000000000000e+00
3.770000000000000000e+02 0.000000000000000000e+00 0.000000000000000000e+00 0.000000000000000000e+00 1.000000000000000000e+00 0.000000000000000000e+00 2.000000000000000000e+00
3.780000000000000000e+02 0.000000000000000000e+00 0.000000000000000000e+00 0.000000000000000000e+00 1.000000000000000000e+00 0.000000000000000000e+00 2.000000000000000000e+00
3.790000000000000000e+02 0.000000000000000000e+00 0.000000000000000000e+00 0.000000000000000000e+00 1.000000000000000000e+00 0.000000000000000000e+00 2.000000000000000000e+00
3.800000000000000000e+02 0.000000000000000000e+00 0.000000000000000000e+00 0.000000000000000000e+00 1.000000000000000000e+00 0.000000000000000000e+00 2.000000000000000000e+00
3.810000000000000000e+02 0.000000000000000000e+00 0.000000000000000000e+00 0.000000000000000000e+00 1.000000000000000000e+00 0.000000000000000000e+00 2.000000000000000000e+00
3.820000000000000000e+02 0.000000000000000000e+00 0.000000000000000000e+00 0.000000000000000000e+00 1.000000000000000000e+00 0.000000000000000000e+00 2.000000000000000000e+00
3.830000000000000000e+02 0.000000000000000000e+00 0.000000000000000000e+00 0.000000000000000000e+00 1.000000000000000000e+00 0.000000000000000000e+00 2.000000000000000000e+00
3.840000000000000000e+02 0.000000000000000000e+00 0.000000000000000000e+00 0.000000000000000000e+00 1.000000000000000000e+00 0.000000000000000000e+00 2.000000000000000000e+00
3.850000000000000000e+02 0.000000000000000000e+00 0.000000000000000000e+00 0.000000000000000000e+00 1.000000000000000000e+00 0.000000000000000000e+00 2.000000000000000000e+00
3.860000000000000000e+02 1.912074237521296077e-09 0.000000000000000000e+00 0.000000000000000000e+00 1.000000000000000000e+00 1.000000000000000000e+00 2.000000000000000000e+00
3.870000000000000000e+02 0.000000000000000000e+00 0.000000000000000000e+00 0.000000000000000000e+00 1.000000000000000000e+00 0.000000000000000000e+00 1.000000000000000000e+00
3.880000000000000000e+02 0.000000000000000000e+00 0.000000000000000000e+00 0.000000000000000000e+00 1.000000000000000000e+00 0.000000000000000000e+00 1.000000000000000000e+00
3.890000000000000000e+02 0.000000000000000000e+00 0.000000000000000000e+00 0.000000000000000000e+00 1.000000000000000000e+00 0.000000000000000000e+00 1.000000000000000000e+00
3.900000000000000000e+02 0.000000000000000000e+00 0.000000000000000000e+00 0.000000000000000000e+00 1.000000000000000000e+00 0.000000000000000000e+00 1.000000000000000000e+00
3.910000000000000000e+02 0.000000000000000000e+00 0.000000000000000000e+00 0.000000000000000000e+00 1.000000000000000000e+00 0.000000000000000000e+00 1.000000000000000000e+00
3.920000000000000000e+02 0.000000000000000000e+00 0.000000000000000000e+00 0.000000000000000000e+00 1.000000000000000000e+00 0.000000000000000000e+00 1.000000000000000000e+00
3.930000000000000000e+02 0.000000000000000000e+00 0.000000000000000000e+00 0.000000000000000000e+00 1.000000000000000000e+00 0.000000000000000000e+00 1.000000000000000000e+00
3.940000000000000000e+02 1.912074237521296077e-09 0.000000000000000000e+00 0.000000000000000000e+00 1.000000000000000000e+00 1.000000000000000000e+00 1.000000000000000000e+00
