0.000000000000000000e+00 0.000000000000000000e+00 0.000000000000000000e+00 0.000000000000000000e+00 0.000000000000000000e+00 0.000000000000000000e+00 0.000000000000000000e+00
1.000000000000000000e+00 2.747562723528746212e-02 1.620003948815061379e-01 1.695762860000000000e+08 1.046773567000000000e+09 1.407042900000000000e+07 5.121152960000000000e+08
2.000000000000000000e+00 3.886552481649720864e-02 1.206184947900886539e-01 1.262591760000000000e+08 8.771963520000000000e+08 1.990326200000000000e+07 4.980443570000000000e+08
3.000000000000000000e+00 4.341792364739980453e-02 9.177677366837624917e-02 9.606868200000000000e+07 7.509365110000000000e+08 2.223457200000000000e+07 4.781405910000000000e+08
4.000000000000000000e+00 4.462514676214369980e-02 7.236004128477223352e-02 7.574393300000000000e+07 6.548671840000000000e+08 2.285279800000000000e+07 4.559055850000000000e+08
5.000000000000000000e+00 4.414229930448321931e-02 5.898869649061494469e-02 6.174728200000000000e+07 5.791226700000000000e+08 2.260552900000000000e+07 4.330523960000000000e+08
6.000000000000000000e+00 4.281971331730620445e-02 4.944360721177814416e-02 5.175582000000000000e+07 5.173748830000000000e+08 2.192822500000000000e+07 4.104464460000000000e+08
7.000000000000000000e+00 4.107465801688171825e-02 4.235682029329828485e-02 4.433762200000000000e+07 4.656185880000000000e+08 2.103457200000000000e+07 3.885178220000000000e+08
8.000000000000000000e+00 3.912797447255795397e-02 3.686725583202395823e-02 3.859134000000000000e+07 4.212804950000000000e+08 2.003766400000000000e+07 3.674828620000000000e+08
9.000000000000000000e+00 3.712484165919500284e-02 3.249206603410639133e-02 3.401154600000000000e+07 3.826887760000000000e+08 1.901184800000000000e+07 3.474448480000000000e+08
1.000000000000000000e+01 3.514271817493100358e-02 2.892363829414238557e-02 3.027624200000000000e+07 3.486768910000000000e+08 1.799679100000000000e+07 3.284326730000000000e+08
1.100000000000000000e+01 3.321971723524633907e-02 2.592249471138519806e-02 2.713475100000000000e+07 3.184002980000000000e+08 1.701201100000000000e+07 3.104355580000000000e+08
1.200000000000000000e+01 3.136007819821087783e-02 2.336444308991306867e-02 2.445707300000000000e+07 2.912652690000000000e+08 1.605967900000000000e+07 2.934232460000000000e+08
1.300000000000000000e+01 2.959576125430353824e-02 2.115837412414862603e-02 2.214783800000000000e+07 2.668079300000000000e+08 1.515616200000000000e+07 2.773633090000000000e+08
1.400000000000000000e+01 2.793926577294177094e-02 1.921656417884025359e-02 2.011522000000000000e+07 2.446598770000000000e+08 1.430786100000000000e+07 2.622068950000000000e+08
1.500000000000000000e+01 2.635796763838468490e-02 1.750760886893766924e-02 1.832634600000000000e+07 2.245444470000000000e+08 1.349806900000000000e+07 2.478987780000000000e+08
1.600000000000000000e+01 2.488078470123423688e-02 1.598152561220528636e-02 1.672889600000000000e+07 2.062179070000000000e+08 1.274159500000000000e+07 2.344004900000000000e+08
1.700000000000000000e+01 2.348976559403929618e-02 1.461630659620118469e-02 1.529983300000000000e+07 1.894888240000000000e+08 1.202924600000000000e+07 2.216586790000000000e+08
1.800000000000000000e+01 2.218192265312095637e-02 1.337664015832647733e-02 1.400219400000000000e+07 1.741888080000000000e+08 1.135949200000000000e+07 2.096292320000000000e+08
1.900000000000000000e+01 2.094824797485123069e-02 1.225776018423151668e-02 1.283099000000000000e+07 1.601864550000000000e+08 1.072772000000000000e+07 1.982695450000000000e+08
2.000000000000000000e+01 1.978827095338265424e-02 1.123868201410386548e-02 1.176425500000000000e+07 1.473553230000000000e+08 1.013368900000000000e+07 1.875416490000000000e+08
2.100000000000000000e+01 1.869504966428482337e-02 1.031541812312984814e-02 1.079781500000000000e+07 1.355909160000000000e+08 9.573844000000000000e+06 1.774077950000000000e+08
2.200000000000000000e+01 1.765737743967978404e-02 9.474471685586521516e-03 9.917542000000000000e+06 1.247929640000000000e+08 9.042446000000000000e+06 1.678337950000000000e+08
2.300000000000000000e+01 1.668977666831266554e-02 8.703003139064748386e-03 9.109996000000000000e+06 1.148752960000000000e+08 8.546932000000000000e+06 1.587911810000000000e+08
2.400000000000000000e+01 1.577507902399721482e-02 8.002335608113381876e-03 8.376562000000000000e+06 1.057651940000000000e+08 8.078510000000000000e+06 1.502440900000000000e+08
2.500000000000000000e+01 1.490152717143230186e-02 7.355128996207997011e-03 7.699089000000000000e+06 9.738854500000000000e+07 7.631159000000000000e+06 1.421654420000000000e+08
2.600000000000000000e+01 1.409499076317884646e-02 6.759839498820825916e-03 7.075961000000000000e+06 8.968937100000000000e+07 7.218127000000000000e+06 1.345341540000000000e+08
2.700000000000000000e+01 1.332096326010611363e-02 6.216172875979993247e-03 6.506870000000000000e+06 8.261333800000000000e+07 6.821743000000000000e+06 1.273158920000000000e+08
2.800000000000000000e+01 1.259158863634425932e-02 5.720169307284762514e-03 5.987671000000000000e+06 7.610639000000000000e+07 6.448226000000000000e+06 1.204940210000000000e+08
2.900000000000000000e+01 1.191449617424198207e-02 5.266182824443613533e-03 5.512454000000000000e+06 7.011864100000000000e+07 6.101483000000000000e+06 1.140456650000000000e+08
3.000000000000000000e+01 1.126620635218148966e-02 4.844295247625318886e-03 5.070837000000000000e+06 6.460611900000000000e+07 5.769490000000000000e+06 1.079440720000000000e+08
3.100000000000000000e+01 1.065885923885022575e-02 4.456873871149064428e-03 4.665298000000000000e+06 5.953520900000000000e+07 5.458464000000000000e+06 1.021744750000000000e+08
3.200000000000000000e+01 1.007356616054485253e-02 4.100490990407408033e-03 4.292249000000000000e+06 5.486987200000000000e+07 5.158732000000000000e+06 9.671590700000000000e+07
3.300000000000000000e+01 9.526503461001383302e-03 3.777311370907725317e-03 3.953956000000000000e+06 5.057757800000000000e+07 4.878578000000000000e+06 9.155708900000000000e+07
3.400000000000000000e+01 9.018333112760438044e-03 3.475056225771690644e-03 3.637566000000000000e+06 4.662357100000000000e+07 4.618341000000000000e+06 8.667843500000000000e+07
3.500000000000000000e+01 8.538026145587710933e-03 3.205279250518363113e-03 3.355173000000000000e+06 4.298595300000000000e+07 4.372373000000000000e+06 8.206000800000000000e+07
3.600000000000000000e+01 8.068103750600895754e-03 2.950519977725728042e-03 3.088500000000000000e+06 3.963074000000000000e+07 4.131723000000000000e+06 7.768754400000000000e+07
3.700000000000000000e+01 7.634599608955050173e-03 2.715162391909823735e-03 2.842136000000000000e+06 3.654222100000000000e+07 3.909723000000000000e+06 7.355574500000000000e+07
3.800000000000000000e+01 7.224774166505589477e-03 2.500945183813553865e-03 2.617901000000000000e+06 3.370005300000000000e+07 3.699849000000000000e+06 6.964595900000000000e+07
3.900000000000000000e+01 6.831324245370733010e-03 2.303587543975954728e-03 2.411314000000000000e+06 3.108210800000000000e+07 3.498361000000000000e+06 6.594605000000000000e+07
4.000000000000000000e+01 6.470898747855311633e-03 2.122748421520533144e-03 2.222018000000000000e+06 2.867076700000000000e+07 3.313785000000000000e+06 6.244762000000000000e+07
4.100000000000000000e+01 6.118850424968991751e-03 1.957780106379328200e-03 2.049335000000000000e+06 2.644872800000000000e+07 3.133499000000000000e+06 5.913376900000000000e+07
4.200000000000000000e+01 5.796120260563170958e-03 1.802728060420183366e-03 1.887032000000000000e+06 2.439937000000000000e+07 2.968227000000000000e+06 5.600021900000000000e+07
4.300000000000000000e+01 5.482817834877467579e-03 1.662018302440833361e-03 1.739742000000000000e+06 2.251231900000000000e+07 2.807783000000000000e+06 5.303194300000000000e+07
4.400000000000000000e+01 5.196218873772876813e-03 1.531005088989220502e-03 1.602602000000000000e+06 2.077255800000000000e+07 2.661014000000000000e+06 5.022410300000000000e+07
4.500000000000000000e+01 4.916518877228803416e-03 1.410469875575067877e-03 1.476430000000000000e+06 1.916993300000000000e+07 2.517778000000000000e+06 4.756305200000000000e+07
4.600000000000000000e+01 4.643780332328727167e-03 1.301892459979012151e-03 1.362775000000000000e+06 1.769348600000000000e+07 2.378107000000000000e+06 4.504523400000000000e+07
4.700000000000000000e+01 4.400557170766384793e-03 1.198654353483008224e-03 1.254709000000000000e+06 1.633069700000000000e+07 2.253551000000000000e+06 4.266708400000000000e+07
4.800000000000000000e+01 4.163906869297646224e-03 1.105945834552000961e-03 1.157665000000000000e+06 1.507597600000000000e+07 2.132361000000000000e+06 4.041349600000000000e+07
4.900000000000000000e+01 3.939763748131797604e-03 1.020382188184831016e-03 1.068100000000000000e+06 1.391829900000000000e+07 2.017576000000000000e+06 3.828110200000000000e+07
5.000000000000000000e+01 3.728789779809460209e-03 9.412440549697357293e-04 9.852610000000000000e+05 1.285017900000000000e+07 1.909535000000000000e+06 3.626348500000000000e+07
5.100000000000000000e+01 3.531197810958740073e-03 8.677633539411684941e-04 9.083440000000000000e+05 1.186491200000000000e+07 1.808347000000000000e+06 3.435391500000000000e+07
5.200000000000000000e+01 3.344906240611193651e-03 8.000652326196350120e-04 8.374800000000000000e+05 1.095655700000000000e+07 1.712946000000000000e+06 3.254554100000000000e+07
5.300000000000000000e+01 3.167687013696469499e-03 7.357737987646938236e-04 7.701820000000000000e+05 1.011906200000000000e+07 1.622191000000000000e+06 3.083256900000000000e+07
5.400000000000000000e+01 3.000131804786273712e-03 6.810251021794634912e-04 7.128730000000000000e+05 9.348869000000000000e+06 1.536385000000000000e+06 2.921034600000000000e+07
5.500000000000000000e+01 2.843281414364828494e-03 6.285538994025214373e-04 6.579480000000000000e+05 8.635988000000000000e+06 1.456061000000000000e+06 2.767393300000000000e+07
5.600000000000000000e+01 2.687057847499546310e-03 5.812739304151087706e-04 6.084570000000000000e+05 7.978032000000000000e+06 1.376058000000000000e+06 2.621783700000000000e+07
5.700000000000000000e+01 2.544823576448457421e-03 5.351995810527211119e-04 5.602280000000000000e+05 7.369569000000000000e+06 1.303219000000000000e+06 2.484176100000000000e+07
5.800000000000000000e+01 2.409468742744297603e-03 4.939419782429296064e-04 5.170410000000000000e+05 6.809332000000000000e+06 1.233903000000000000e+06 2.353852600000000000e+07
5.900000000000000000e+01 2.279962309509639233e-03 4.553430437504477437e-04 4.766370000000000000e+05 6.292285000000000000e+06 1.167582000000000000e+06 2.230460400000000000e+07
6.000000000000000000e+01 2.159207973404966233e-03 4.209685545684736341e-04 4.406550000000000000e+05 5.815643000000000000e+06 1.105743000000000000e+06 2.113699600000000000e+07
6.100000000000000000e+01 2.046192272045078801e-03 3.884149140436292088e-04 4.065790000000000000e+05 5.374983000000000000e+06 1.047867000000000000e+06 2.003123700000000000e+07
6.200000000000000000e+01 1.939187047027470445e-03 3.583651792534842638e-04 3.751240000000000000e+05 4.968399000000000000e+06 9.930690000000000000e+05 1.898335700000000000e+07
6.300000000000000000e+01 1.836143893646796470e-03 3.317870940016443590e-04 3.473030000000000000e+05 4.593273000000000000e+06 9.403000000000000000e+05 1.799026700000000000e+07
6.400000000000000000e+01 1.743001037555061373e-03 3.046138415339640602e-04 3.188590000000000000e+05 4.245964000000000000e+06 8.926010000000000000e+05 1.704995500000000000e+07
6.500000000000000000e+01 1.645689121362362744e-03 2.824464898865145456e-04 2.956550000000000000e+05 3.927098000000000000e+06 8.427670000000000000e+05 1.615733700000000000e+07
6.600000000000000000e+01 1.561226111710338439e-03 2.607128556002071863e-04 2.729050000000000000e+05 3.631442000000000000e+06 7.995130000000000000e+05 1.531455800000000000e+07
6.700000000000000000e+01 1.478674816268544861e-03 2.407417951714047326e-04 2.520000000000000000e+05 3.358535000000000000e+06 7.572380000000000000e+05 1.451502300000000000e+07
6.800000000000000000e+01 1.402100800905931510e-03 2.231685994484761972e-04 2.336050000000000000e+05 3.106532000000000000e+06 7.180240000000000000e+05 1.375777500000000000e+07
6.900000000000000000e+01 1.326723803736240895e-03 2.046534536857103450e-04 2.142240000000000000e+05 2.872924000000000000e+06 6.794230000000000000e+05 1.303973300000000000e+07
7.000000000000000000e+01 1.256398496721675660e-03 1.904831241310379398e-04 1.993910000000000000e+05 2.658698000000000000e+06 6.434090000000000000e+05 1.236029700000000000e+07
7.100000000000000000e+01 1.190902269627336493e-03 1.755045899782900910e-04 1.837120000000000000e+05 2.459306000000000000e+06 6.098680000000000000e+05 1.171686800000000000e+07
7.200000000000000000e+01 1.130084762908598224e-03 1.621730354083815700e-04 1.697570000000000000e+05 2.275590000000000000e+06 5.787230000000000000e+05 1.110698900000000000e+07
7.300000000000000000e+01 1.067806620613503867e-03 1.500203513751456987e-04 1.570360000000000000e+05 2.105833000000000000e+06 5.468300000000000000e+05 1.052825400000000000e+07
7.400000000000000000e+01 1.011650259778138026e-03 1.386118651928563419e-04 1.450940000000000000e+05 1.948796000000000000e+06 5.180720000000000000e+05 9.981419000000000000e+06
7.500000000000000000e+01 9.608013955958955108e-04 1.288981248226069606e-04 1.349260000000000000e+05 1.803701000000000000e+06 4.920320000000000000e+05 9.463343000000000000e+06
7.600000000000000000e+01 9.072226269540994851e-04 1.180265310565332054e-04 1.235460000000000000e+05 1.668773000000000000e+06 4.645940000000000000e+05 8.971296000000000000e+06
7.700000000000000000e+01 8.613200059736089232e-04 1.094028160366432409e-04 1.145190000000000000e+05 1.545226000000000000e+06 4.410870000000000000e+05 8.506695000000000000e+06
7.800000000000000000e+01 8.170596236558398326e-04 1.008966059405869495e-04 1.056150000000000000e+05 1.430705000000000000e+06 4.184210000000000000e+05 8.065600000000000000e+06
7.900000000000000000e+01 7.725414821187137279e-04 9.343552093944142102e-05 9.780500000000000000e+04 1.325089000000000000e+06 3.956230000000000000e+05 7.647173000000000000e+06
8.000000000000000000e+01 7.335749274045567621e-04 8.660877146208088482e-05 9.065900000000000000e+04 1.227282000000000000e+06 3.756680000000000000e+05 7.251540000000000000e+06
8.100000000000000000e+01 6.921577073851495820e-04 7.980399445015264493e-05 8.353600000000000000e+04 1.136622000000000000e+06 3.544580000000000000e+05 6.875867000000000000e+06
8.200000000000000000e+01 6.566455167546480500e-04 7.425355861703414914e-05 7.772600000000000000e+04 1.053085000000000000e+06 3.362720000000000000e+05 6.521404000000000000e+06
8.300000000000000000e+01 6.262982741180800816e-04 6.897921158869554394e-05 7.220500000000000000e+04 9.753580000000000000e+05 3.207310000000000000e+05 6.185124000000000000e+06
8.400000000000000000e+01 5.913074600903686986e-04 6.344883757184133048e-05 6.641600000000000000e+04 9.031530000000000000e+05 3.028120000000000000e+05 5.864391000000000000e+06
8.500000000000000000e+01 5.598334972297932871e-04 5.878876425102342842e-05 6.153800000000000000e+04 8.367370000000000000e+05 2.866940000000000000e+05 5.561574000000000000e+06
8.600000000000000000e+01 5.297420610912235896e-04 5.444012674459392632e-05 5.698600000000000000e+04 7.751950000000000000e+05 2.712840000000000000e+05 5.274874000000000000e+06
8.700000000000000000e+01 5.045675773340242655e-04 5.016600455571747772e-05 5.251200000000000000e+04 7.182090000000000000e+05 2.583920000000000000e+05 5.003588000000000000e+06
8.800000000000000000e+01 4.772216674258781860e-04 4.629789531504677848e-05 4.846300000000000000e+04 6.656970000000000000e+05 2.443880000000000000e+05 4.745189000000000000e+06
8.900000000000000000e+01 4.526310473549496568e-04 4.302304264104845916e-05 4.503500000000000000e+04 6.172340000000000000e+05 2.317950000000000000e+05 4.500795000000000000e+06
9.000000000000000000e+01 4.282103140422336730e-04 4.002332344724603700e-05 4.189500000000000000e+04 5.721970000000000000e+05 2.192890000000000000e+05 4.268995000000000000e+06
9.100000000000000000e+01 4.077672741373221778e-04 3.702169360427558730e-05 3.875300000000000000e+04 5.303000000000000000e+05 2.088200000000000000e+05 4.049701000000000000e+06
9.200000000000000000e+01 3.853480802173404039e-04 3.428850996941293160e-05 3.589200000000000000e+04 4.915460000000000000e+05 1.973390000000000000e+05 3.840878000000000000e+06
9.300000000000000000e+01 3.664750282848759644e-04 3.202248005613288602e-05 3.352000000000000000e+04 4.556540000000000000e+05 1.876740000000000000e+05 3.643534000000000000e+06
9.400000000000000000e+01 3.457878982101188193e-04 2.952144029518551134e-05 3.090200000000000000e+04 4.221340000000000000e+05 1.770800000000000000e+05 3.455855000000000000e+06
9.500000000000000000e+01 3.282915148355837563e-04 2.737960257782722160e-05 2.866000000000000000e+04 3.912300000000000000e+05 1.681200000000000000e+05 3.278774000000000000e+06
9.600000000000000000e+01 3.105100341426690050e-04 2.509637682203492821e-05 2.627000000000000000e+04 3.625700000000000000e+05 1.590140000000000000e+05 3.110651000000000000e+06
9.700000000000000000e+01 2.952963820365303539e-04 2.342551412459530026e-05 2.452100000000000000e+04 3.363000000000000000e+05 1.512230000000000000e+05 2.951634000000000000e+06
9.800000000000000000e+01 2.811137668078196507e-04 2.167535948668254658e-05 2.268900000000000000e+04 3.117790000000000000e+05 1.439600000000000000e+05 2.800408000000000000e+06
9.900000000000000000e+01 2.656364973182477021e-04 1.978095083658375474e-05 2.070600000000000000e+04 2.890900000000000000e+05 1.360340000000000000e+05 2.656443000000000000e+06
1.000000000000000000e+02 2.514226385477967302e-04 1.863074003743148753e-05 1.950200000000000000e+04 2.683840000000000000e+05 1.287550000000000000e+05 2.520407000000000000e+06
1.010000000000000000e+02 2.388724983750136204e-04 1.719679783682720944e-05 1.800100000000000000e+04 2.488820000000000000e+05 1.223280000000000000e+05 2.391649000000000000e+06
1.020000000000000000e+02 2.257443526800360532e-04 1.582113043584775419e-05 1.656100000000000000e+04 2.308810000000000000e+05 1.156050000000000000e+05 2.269319000000000000e+06
1.030000000000000000e+02 2.150258651417745806e-04 1.459735964372644555e-05 1.528000000000000000e+04 2.143190000000000000e+05 1.101160000000000000e+05 2.153710000000000000e+06
1.040000000000000000e+02 2.035907288648463199e-04 1.368693531516156950e-05 1.432700000000000000e+04 1.990380000000000000e+05 1.042600000000000000e+05 2.043593000000000000e+06
1.050000000000000000e+02 1.918802588763321947e-04 1.253290321767324891e-05 1.311900000000000000e+04 1.847100000000000000e+05 9.826300000000000000e+04 1.939331000000000000e+06
1.060000000000000000e+02 1.833995900152154740e-04 1.191576353640052142e-05 1.247300000000000000e+04 1.715910000000000000e+05 9.392000000000000000e+04 1.841067000000000000e+06
1.070000000000000000e+02 1.737707209951449194e-04 1.075982078974417330e-05 1.126300000000000000e+04 1.591180000000000000e+05 8.898900000000000000e+04 1.747143000000000000e+06
1.080000000000000000e+02 1.668658982705516192e-04 9.933465024572485030e-06 1.039800000000000000e+04 1.478550000000000000e+05 8.545300000000000000e+04 1.658150000000000000e+06
1.090000000000000000e+02 1.567234635331258338e-04 9.422366372125256877e-06 9.863000000000000000e+03 1.374560000000000000e+05 8.025900000000000000e+04 1.572696000000000000e+06
1.100000000000000000e+02 1.487329277330591830e-04 8.598876580705611602e-06 9.001000000000000000e+03 1.275930000000000000e+05 7.616700000000000000e+04 1.492435000000000000e+06
1.110000000000000000e+02 1.396586315788778977e-04 8.063894813658044355e-06 8.441000000000000000e+03 1.185910000000000000e+05 7.152000000000000000e+04 1.416267000000000000e+06
1.120000000000000000e+02 1.334685048715926155e-04 7.520315125354357440e-06 7.872000000000000000e+03 1.101500000000000000e+05 6.835000000000000000e+04 1.344746000000000000e+06
1.130000000000000000e+02 1.258880405568666198e-04 6.868783759057142800e-06 7.190000000000000000e+03 1.022780000000000000e+05 6.446800000000000000e+04 1.276395000000000000e+06
1.140000000000000000e+02 1.199361458553506769e-04 6.343355237849711529e-06 6.640000000000000000e+03 9.508800000000000000e+04 6.142000000000000000e+04 1.211926000000000000e+06
1.150000000000000000e+02 1.136581466869209667e-04 6.058668511813686028e-06 6.342000000000000000e+03 8.844800000000000000e+04 5.820500000000000000e+04 1.150504000000000000e+06
1.160000000000000000e+02 1.085068677424987131e-04 5.502669603917822682e-06 5.760000000000000000e+03 8.210600000000000000e+04 5.556700000000000000e+04 1.092299000000000000e+06
1.170000000000000000e+02 1.024710060225558691e-04 5.004945495646783033e-06 5.239000000000000000e+03 7.634600000000000000e+04 5.247600000000000000e+04 1.036732000000000000e+06
1.180000000000000000e+02 9.758139174020812935e-05 4.725990717114838440e-06 4.947000000000000000e+03 7.110700000000000000e+04 4.997200000000000000e+04 9.842550000000000000e+05
1.190000000000000000e+02 9.167831507266133270e-05 4.341950234341406576e-06 4.545000000000000000e+03 6.616000000000000000e+04 4.694900000000000000e+04 9.342790000000000000e+05
1.200000000000000000e+02 8.778068324056624561e-05 4.123180904602312367e-06 4.316000000000000000e+03 6.161500000000000000e+04 4.495300000000000000e+04 8.873290000000000000e+05
1.210000000000000000e+02 8.296527236985158323e-05 3.890081706103015887e-06 4.072000000000000000e+03 5.729900000000000000e+04 4.248700000000000000e+04 8.423750000000000000e+05
1.220000000000000000e+02 7.877473233394174067e-05 3.656027183019706063e-06 3.827000000000000000e+03 5.322700000000000000e+04 4.034100000000000000e+04 7.998860000000000000e+05
1.230000000000000000e+02 7.520906313283671791e-05 3.363697860311571696e-06 3.521000000000000000e+03 4.940000000000000000e+04 3.851500000000000000e+04 7.595440000000000000e+05
1.240000000000000000e+02 7.073342577854717351e-05 3.143973205988464143e-06 3.291000000000000000e+03 4.587900000000000000e+04 3.622300000000000000e+04 7.210280000000000000e+05
1.250000000000000000e+02 6.770475495110254256e-05 2.822984145759924388e-06 2.955000000000000000e+03 4.258800000000000000e+04 3.467200000000000000e+04 6.848050000000000000e+05
1.260000000000000000e+02 6.385203571025906133e-05 2.644338448549397807e-06 2.768000000000000000e+03 3.963300000000000000e+04 3.269900000000000000e+04 6.501330000000000000e+05
1.270000000000000000e+02 6.033908998584069808e-05 2.425569118810304021e-06 2.539000000000000000e+03 3.686500000000000000e+04 3.090000000000000000e+04 6.174340000000000000e+05
1.280000000000000000e+02 5.708390348077932859e-05 2.301376922888547762e-06 2.409000000000000000e+03 3.432600000000000000e+04 2.923300000000000000e+04 5.865320000000000000e+05
1.290000000000000000e+02 5.476211778520765521e-05 2.101714084829723812e-06 2.200000000000000000e+03 3.191700000000000000e+04 2.804400000000000000e+04 5.572980000000000000e+05
1.300000000000000000e+02 5.194434086450965552e-05 1.917336440115116322e-06 2.007000000000000000e+03 2.971700000000000000e+04 2.660100000000000000e+04 5.292540000000000000e+05
1.310000000000000000e+02 4.934917417871088110e-05 1.835178525889954379e-06 1.921000000000000000e+03 2.771000000000000000e+04 2.527200000000000000e+04 5.026530000000000000e+05
1.320000000000000000e+02 4.683016362590393389e-05 1.752065287080778880e-06 1.834000000000000000e+03 2.578900000000000000e+04 2.398200000000000000e+04 4.773800000000000000e+05
1.330000000000000000e+02 4.395966322851928146e-05 1.518966088581482188e-06 1.590000000000000000e+03 2.395500000000000000e+04 2.251200000000000000e+04 4.533970000000000000e+05
1.340000000000000000e+02 4.186634593192312359e-05 1.419612331844077096e-06 1.486000000000000000e+03 2.236400000000000000e+04 2.144000000000000000e+04 4.308850000000000000e+05
1.350000000000000000e+02 3.958556738488552249e-05 1.382354673067550134e-06 1.447000000000000000e+03 2.087800000000000000e+04 2.027200000000000000e+04 4.094450000000000000e+05
1.360000000000000000e+02 3.786131442509596762e-05 1.258162477145793663e-06 1.317000000000000000e+03 1.943100000000000000e+04 1.938900000000000000e+04 3.891730000000000000e+05
1.370000000000000000e+02 3.604723628280321457e-05 1.126327684551929174e-06 1.179000000000000000e+03 1.811400000000000000e+04 1.846000000000000000e+04 3.697830000000000000e+05
1.380000000000000000e+02 3.451630273753139995e-05 1.150210799152266998e-06 1.204000000000000000e+03 1.693500000000000000e+04 1.767600000000000000e+04 3.513230000000000000e+05
1.390000000000000000e+02 3.226676773223403373e-05 1.050857042414861906e-06 1.100000000000000000e+03 1.573100000000000000e+04 1.652400000000000000e+04 3.336470000000000000e+05
1.400000000000000000e+02 3.072216513745086168e-05 9.390840660852811247e-07 9.830000000000000000e+02 1.463100000000000000e+04 1.573300000000000000e+04 3.171230000000000000e+05
1.410000000000000000e+02 2.950561973094022376e-05 8.511942043560381670e-07 8.910000000000000000e+02 1.364800000000000000e+04 1.511000000000000000e+04 3.013900000000000000e+05
1.420000000000000000e+02 2.804498415458395289e-05 8.177578439155653200e-07 8.560000000000000000e+02 1.275700000000000000e+04 1.436200000000000000e+04 2.862800000000000000e+05
1.430000000000000000e+02 2.590284882401866910e-05 7.384659034424438306e-07 7.730000000000000000e+02 1.190100000000000000e+04 1.326500000000000000e+04 2.719180000000000000e+05
1.440000000000000000e+02 2.531117425231285098e-05 7.508851230346195200e-07 7.860000000000000000e+02 1.112800000000000000e+04 1.296200000000000000e+04 2.586520000000000000e+05
1.450000000000000000e+02 2.369627368861413857e-05 6.381568221210251835e-07 6.680000000000000000e+02 1.034200000000000000e+04 1.213500000000000000e+04 2.456900000000000000e+05
1.460000000000000000e+02 2.250706638112620871e-05 6.142737075206874659e-07 6.430000000000000000e+02 9.674000000000000000e+03 1.152600000000000000e+04 2.335540000000000000e+05
1.470000000000000000e+02 2.152094209494984970e-05 5.569542324798767953e-07 5.830000000000000000e+02 9.031000000000000000e+03 1.102100000000000000e+04 2.220270000000000000e+05
1.480000000000000000e+02 2.040398547773622701e-05 4.900815115989311012e-07 5.130000000000000000e+02 8.448000000000000000e+03 1.044900000000000000e+04 2.110060000000000000e+05
1.490000000000000000e+02 1.956040985074971892e-05 5.120539770312418141e-07 5.360000000000000000e+02 7.935000000000000000e+03 1.001700000000000000e+04 2.005570000000000000e+05
1.500000000000000000e+02 1.834776988695660782e-05 4.786176165907689670e-07 5.010000000000000000e+02 7.399000000000000000e+03 9.396000000000000000e+03 1.905400000000000000e+05
1.510000000000000000e+02 1.759987760654958475e-05 4.757516428387284070e-07 4.980000000000000000e+02 6.898000000000000000e+03 9.013000000000000000e+03 1.811440000000000000e+05
1.520000000000000000e+02 1.678559279994455152e-05 4.423152823982555070e-07 4.630000000000000000e+02 6.400000000000000000e+03 8.596000000000000000e+03 1.721310000000000000e+05
1.530000000000000000e+02 1.585219199045484863e-05 3.811745090213908270e-07 3.990000000000000000e+02 5.937000000000000000e+03 8.118000000000000000e+03 1.635350000000000000e+05
1.540000000000000000e+02 1.491293301688884873e-05 3.544254206690124965e-07 3.710000000000000000e+02 5.538000000000000000e+03 7.637000000000000000e+03 1.554170000000000000e+05
1.550000000000000000e+02 1.402053935593321134e-05 3.076145160523505106e-07 3.220000000000000000e+02 5.167000000000000000e+03 7.180000000000000000e+03 1.477800000000000000e+05
1.560000000000000000e+02 1.352259540944811823e-05 2.980612702122153812e-07 3.120000000000000000e+02 4.845000000000000000e+03 6.925000000000000000e+03 1.406000000000000000e+05
1.570000000000000000e+02 1.281375755621639724e-05 2.646249097717424812e-07 2.770000000000000000e+02 4.533000000000000000e+03 6.562000000000000000e+03 1.336750000000000000e+05
1.580000000000000000e+02 1.212054147385479709e-05 2.713121818598370506e-07 2.840000000000000000e+02 4.256000000000000000e+03 6.207000000000000000e+03 1.271130000000000000e+05
1.590000000000000000e+02 1.166946283998006479e-05 2.627142606037154765e-07 2.750000000000000000e+02 3.972000000000000000e+03 5.976000000000000000e+03 1.209060000000000000e+05
1.600000000000000000e+02 1.111293725273202024e-05 2.426524443394317682e-07 2.540000000000000000e+02 3.697000000000000000e+03 5.691000000000000000e+03 1.149300000000000000e+05
1.610000000000000000e+02 1.047439736841584131e-05 2.053947855629048323e-07 2.150000000000000000e+02 3.443000000000000000e+03 5.364000000000000000e+03 1.092390000000000000e+05
1.620000000000000000e+02 1.004870411220505536e-05 2.006181626428372676e-07 2.100000000000000000e+02 3.228000000000000000e+03 5.146000000000000000e+03 1.038750000000000000e+05
1.630000000000000000e+02 9.593720035612794545e-06 1.862882938826346000e-07 1.950000000000000000e+02 3.018000000000000000e+03 4.913000000000000000e+03 9.872900000000000000e+04
1.640000000000000000e+02 8.890740346457368874e-06 1.671818022023643941e-07 1.750000000000000000e+02 2.823000000000000000e+03 4.553000000000000000e+03 9.381600000000000000e+04
1.650000000000000000e+02 8.521676009650770947e-06 1.786456972105265282e-07 1.870000000000000000e+02 2.648000000000000000e+03 4.364000000000000000e+03 8.926300000000000000e+04
1.660000000000000000e+02 8.037401112677033564e-06 1.614498546982833271e-07 1.690000000000000000e+02 2.461000000000000000e+03 4.116000000000000000e+03 8.489900000000000000e+04
1.670000000000000000e+02 7.824554484571640589e-06 1.442540121860401259e-07 1.510000000000000000e+02 2.292000000000000000e+03 4.007000000000000000e+03 8.078300000000000000e+04
1.680000000000000000e+02 7.359806801185553401e-06 1.318347925938644894e-07 1.380000000000000000e+02 2.141000000000000000e+03 3.769000000000000000e+03 7.677600000000000000e+04
1.690000000000000000e+02 6.731030523663199997e-06 1.232368713377428888e-07 1.290000000000000000e+02 2.003000000000000000e+03 3.447000000000000000e+03 7.300700000000000000e+04
1.700000000000000000e+02 6.688070653770368550e-06 1.012644059054321494e-07 1.060000000000000000e+02 1.874000000000000000e+03 3.425000000000000000e+03 6.956000000000000000e+04
1.710000000000000000e+02 6.254566512124523030e-06 1.079516779935267188e-07 1.130000000000000000e+02 1.768000000000000000e+03 3.203000000000000000e+03 6.613500000000000000e+04
1.720000000000000000e+02 6.030003555866539430e-06 1.155942746656348171e-07 1.210000000000000000e+02 1.655000000000000000e+03 3.088000000000000000e+03 6.293200000000000000e+04
1.730000000000000000e+02 5.694135482158947428e-06 8.311323880917544588e-08 8.700000000000000000e+01 1.534000000000000000e+03 2.916000000000000000e+03 5.984400000000000000e+04
1.740000000000000000e+02 5.344598358939999697e-06 9.648778298536459794e-08 1.010000000000000000e+02 1.447000000000000000e+03 2.737000000000000000e+03 5.692800000000000000e+04
1.750000000000000000e+02 5.112224517246956526e-06 8.693453714522948176e-08 9.100000000000000000e+01 1.346000000000000000e+03 2.618000000000000000e+03 5.419100000000000000e+04
1.760000000000000000e+02 4.883756118271442717e-06 7.929194047312139676e-08 8.300000000000000000e+01 1.255000000000000000e+03 2.501000000000000000e+03 5.157300000000000000e+04
1.770000000000000000e+02 4.647476833860869339e-06 6.591739629693224470e-08 6.900000000000000000e+01 1.172000000000000000e+03 2.380000000000000000e+03 4.907200000000000000e+04
1.780000000000000000e+02 4.485400961083368227e-06 8.502388797720246382e-08 8.900000000000000000e+01 1.103000000000000000e+03 2.297000000000000000e+03 4.669200000000000000e+04
1.790000000000000000e+02 4.131958395146890287e-06 7.451531755305384529e-08 7.800000000000000000e+01 1.014000000000000000e+03 2.116000000000000000e+03 4.439500000000000000e+04
1.800000000000000000e+02 3.878104618507430970e-06 6.496207171291874235e-08 6.800000000000000000e+01 9.360000000000000000e+02 1.986000000000000000e+03 4.227900000000000000e+04
1.810000000000000000e+02 3.729697795241286012e-06 5.254285212074309264e-08 5.500000000000000000e+01 8.680000000000000000e+02 1.910000000000000000e+03 4.029300000000000000e+04
1.820000000000000000e+02 3.651588940890683112e-06 4.681090461666203220e-08 4.900000000000000000e+01 8.130000000000000000e+02 1.870000000000000000e+03 3.838300000000000000e+04
1.830000000000000000e+02 3.421167820556404622e-06 4.203428169659447412e-08 4.400000000000000000e+01 7.640000000000000000e+02 1.752000000000000000e+03 3.651300000000000000e+04
1.840000000000000000e+02 3.331342638053211521e-06 4.681090461666203220e-08 4.900000000000000000e+01 7.200000000000000000e+02 1.706000000000000000e+03 3.476100000000000000e+04
1.850000000000000000e+02 3.141928666252999374e-06 3.534700960849989809e-08 3.700000000000000000e+01 6.710000000000000000e+02 1.609000000000000000e+03 3.305500000000000000e+04
1.860000000000000000e+02 2.964231022605377852e-06 4.298960628060798970e-08 4.500000000000000000e+01 6.340000000000000000e+02 1.518000000000000000e+03 3.144600000000000000e+04
1.870000000000000000e+02 2.751384394499985300e-06 3.821298336054043162e-08 4.000000000000000000e+01 5.890000000000000000e+02 1.409000000000000000e+03 2.992800000000000000e+04
1.880000000000000000e+02 2.569781308134833569e-06 2.674908835237830412e-08 2.800000000000000000e+01 5.490000000000000000e+02 1.316000000000000000e+03 2.851900000000000000e+04
1.890000000000000000e+02 2.462381633402754530e-06 2.865973752040532537e-08 3.000000000000000000e+01 5.210000000000000000e+02 1.261000000000000000e+03 2.720300000000000000e+04
1.900000000000000000e+02 2.405752713998567777e-06 2.770441293639181309e-08 2.900000000000000000e+01 4.910000000000000000e+02 1.232000000000000000e+03 2.594200000000000000e+04
1.910000000000000000e+02 2.292494875190193425e-06 2.006181626428372809e-08 2.100000000000000000e+01 4.620000000000000000e+02 1.174000000000000000e+03 2.471000000000000000e+04
1.920000000000000000e+02 2.249535005297361978e-06 2.197246543231074934e-08 2.300000000000000000e+01 4.410000000000000000e+02 1.152000000000000000e+03 2.353600000000000000e+04
1.930000000000000000e+02 2.023019327680613697e-06 2.483843918435128287e-08 2.600000000000000000e+01 4.180000000000000000e+02 1.036000000000000000e+03 2.238400000000000000e+04
1.940000000000000000e+02 1.903903324795944456e-06 2.197246543231074934e-08 2.300000000000000000e+01 3.920000000000000000e+02 9.750000000000000000e+02 2.134800000000000000e+04
1.950000000000000000e+02 1.776976436476214797e-06 1.815116709625670684e-08 1.900000000000000000e+01 3.690000000000000000e+02 9.100000000000000000e+02 2.037300000000000000e+04
1.960000000000000000e+02 1.816030863651516247e-06 2.483843918435128287e-08 2.600000000000000000e+01 3.500000000000000000e+02 9.300000000000000000e+02 1.946300000000000000e+04
1.970000000000000000e+02 1.763307386964859279e-06 1.432986876020266268e-08 1.500000000000000000e+01 3.240000000000000000e+02 9.030000000000000000e+02 1.853300000000000000e+04
1.980000000000000000e+02 1.593420628752297962e-06 1.624051792822968559e-08 1.700000000000000000e+01 3.090000000000000000e+02 8.160000000000000000e+02 1.763000000000000000e+04
1.990000000000000000e+02 1.569987972447117135e-06 1.146389500816213081e-08 1.200000000000000000e+01 2.920000000000000000e+02 8.040000000000000000e+02 1.681400000000000000e+04
2.000000000000000000e+02 1.536791709348110998e-06 2.101714084829723706e-08 2.200000000000000000e+01 2.800000000000000000e+02 7.870000000000000000e+02 1.601000000000000000e+04
2.010000000000000000e+02 1.411817542387146443e-06 2.006181626428372809e-08 2.100000000000000000e+01 2.580000000000000000e+02 7.230000000000000000e+02 1.522300000000000000e+04
2.020000000000000000e+02 1.376668557929375202e-06 1.146389500816213081e-08 1.200000000000000000e+01 2.370000000000000000e+02 7.050000000000000000e+02 1.450000000000000000e+04
2.030000000000000000e+02 1.286843375426181889e-06 5.731947504081065404e-09 6.000000000000000000e+00 2.250000000000000000e+02 6.590000000000000000e+02 1.379500000000000000e+04
2.040000000000000000e+02 1.321992359883953130e-06 2.101714084829723706e-08 2.200000000000000000e+01 2.190000000000000000e+02 6.770000000000000000e+02 1.313600000000000000e+04
2.050000000000000000e+02 1.167727372541512647e-06 1.146389500816213081e-08 1.200000000000000000e+01 1.970000000000000000e+02 5.980000000000000000e+02 1.245900000000000000e+04
2.060000000000000000e+02 1.146247437595096712e-06 1.815116709625670684e-08 1.900000000000000000e+01 1.850000000000000000e+02 5.870000000000000000e+02 1.186100000000000000e+04
2.070000000000000000e+02 1.054469533733138507e-06 1.050857042414861853e-08 1.100000000000000000e+01 1.660000000000000000e+02 5.400000000000000000e+02 1.127400000000000000e+04
2.080000000000000000e+02 9.744079580237705031e-07 8.597921256121597279e-09 9.000000000000000000e+00 1.550000000000000000e+02 4.990000000000000000e+02 1.073400000000000000e+04
2.090000000000000000e+02 9.080154318257581233e-07 7.642596672108086654e-09 8.000000000000000000e+00 1.460000000000000000e+02 4.650000000000000000e+02 1.023500000000000000e+04
2.100000000000000000e+02 8.982518250319327079e-07 4.776622920067553952e-09 5.000000000000000000e+00 1.380000000000000000e+02 4.600000000000000000e+02 9.770000000000000000e+03
2.110000000000000000e+02 8.533392337803360514e-07 8.597921256121597279e-09 9.000000000000000000e+00 1.330000000000000000e+02 4.370000000000000000e+02 9.310000000000000000e+03
2.120000000000000000e+02 8.435756269865107419e-07 8.597921256121597279e-09 9.000000000000000000e+00 1.240000000000000000e+02 4.320000000000000000e+02 8.873000000000000000e+03
2.130000000000000000e+02 7.557031658420825330e-07 6.687272088094576029e-09 7.000000000000000000e+00 1.150000000000000000e+02 3.870000000000000000e+02 8.441000000000000000e+03
2.140000000000000000e+02 6.639252619801242215e-07 5.731947504081065404e-09 6.000000000000000000e+00 1.080000000000000000e+02 3.400000000000000000e+02 8.054000000000000000e+03
2.150000000000000000e+02 7.205541813843112918e-07 3.821298336054043327e-09 4.000000000000000000e+00 1.020000000000000000e+02 3.690000000000000000e+02 7.714000000000000000e+03
2.160000000000000000e+02 6.463507697512386009e-07 4.776622920067553952e-09 5.000000000000000000e+00 9.800000000000000000e+01 3.310000000000000000e+02 7.345000000000000000e+03
2.170000000000000000e+02 6.795470328502447378e-07 3.821298336054043327e-09 4.000000000000000000e+00 9.300000000000000000e+01 3.480000000000000000e+02 7.014000000000000000e+03
2.180000000000000000e+02 5.994854571408768400e-07 9.553245840135107904e-09 1.000000000000000000e+01 8.900000000000000000e+01 3.070000000000000000e+02 6.666000000000000000e+03
2.190000000000000000e+02 6.112017852934672538e-07 3.821298336054043327e-09 4.000000000000000000e+00 7.900000000000000000e+01 3.130000000000000000e+02 6.359000000000000000e+03
2.200000000000000000e+02 5.389510950191596671e-07 7.642596672108086654e-09 8.000000000000000000e+00 7.500000000000000000e+01 2.760000000000000000e+02 6.046000000000000000e+03
2.210000000000000000e+02 5.057548319201534243e-07 3.821298336054043327e-09 4.000000000000000000e+00 6.700000000000000000e+01 2.590000000000000000e+02 5.770000000000000000e+03
2.220000000000000000e+02 5.291874882253342518e-07 2.865973752040532702e-09 3.000000000000000000e+00 6.300000000000000000e+01 2.710000000000000000e+02 5.511000000000000000e+03
2.230000000000000000e+02 4.608422406685567677e-07 4.776622920067553952e-09 5.000000000000000000e+00 6.000000000000000000e+01 2.360000000000000000e+02 5.240000000000000000e+03
2.240000000000000000e+02 4.842748969737375952e-07 3.821298336054043327e-09 4.000000000000000000e+00 5.500000000000000000e+01 2.480000000000000000e+02 5.004000000000000000e+03
2.250000000000000000e+02 4.823221756149725968e-07 3.821298336054043327e-09 4.000000000000000000e+00 5.100000000000000000e+01 2.470000000000000000e+02 4.756000000000000000e+03
2.260000000000000000e+02 4.413150270809060958e-07 9.553245840135108318e-10 1.000000000000000000e+00 4.700000000000000000e+01 2.260000000000000000e+02 4.509000000000000000e+03
2.270000000000000000e+02 4.022605999056046461e-07 1.910649168027021664e-09 2.000000000000000000e+00 4.600000000000000000e+01 2.060000000000000000e+02 4.283000000000000000e+03
2.280000000000000000e+02 4.022605999056046461e-07 1.910649168027021664e-09 2.000000000000000000e+00 4.400000000000000000e+01 2.060000000000000000e+02 4.077000000000000000e+03
2.290000000000000000e+02 3.671116154478333519e-07 4.776622920067553952e-09 5.000000000000000000e+00 4.200000000000000000e+01 1.880000000000000000e+02 3.871000000000000000e+03
2.300000000000000000e+02 3.280571882725319552e-07 4.776622920067553952e-09 5.000000000000000000e+00 3.700000000000000000e+01 1.680000000000000000e+02 3.683000000000000000e+03
2.310000000000000000e+02 3.378207950663573176e-07 0.000000000000000000e+00 0.000000000000000000e+00 3.200000000000000000e+01 1.730000000000000000e+02 3.515000000000000000e+03
2.320000000000000000e+02 3.280571882725319552e-07 1.910649168027021664e-09 2.000000000000000000e+00 3.200000000000000000e+01 1.680000000000000000e+02 3.342000000000000000e+03
2.330000000000000000e+02 2.733809902271099362e-07 9.553245840135108318e-10 1.000000000000000000e+00 3.000000000000000000e+01 1.400000000000000000e+02 3.174000000000000000e+03
2.340000000000000000e+02 2.519010552806941600e-07 0.000000000000000000e+00 0.000000000000000000e+00 2.900000000000000000e+01 1.290000000000000000e+02 3.034000000000000000e+03
2.350000000000000000e+02 2.909554824559956097e-07 0.000000000000000000e+00 0.000000000000000000e+00 2.900000000000000000e+01 1.490000000000000000e+02 2.905000000000000000e+03
2.360000000000000000e+02 2.636173834332846267e-07 1.910649168027021664e-09 2.000000000000000000e+00 2.900000000000000000e+01 1.350000000000000000e+02 2.756000000000000000e+03
2.370000000000000000e+02 2.421374484868687976e-07 9.553245840135108318e-10 1.000000000000000000e+00 2.700000000000000000e+01 1.240000000000000000e+02 2.621000000000000000e+03
2.380000000000000000e+02 2.323738416930434616e-07 9.553245840135108318e-10 1.000000000000000000e+00 2.600000000000000000e+01 1.190000000000000000e+02 2.497000000000000000e+03
2.390000000000000000e+02 2.265156776167482548e-07 1.910649168027021664e-09 2.000000000000000000e+00 2.500000000000000000e+01 1.160000000000000000e+02 2.378000000000000000e+03
2.400000000000000000e+02 1.855085290826817538e-07 9.553245840135108318e-10 1.000000000000000000e+00 2.300000000000000000e+01 9.500000000000000000e+01 2.262000000000000000e+03
2.410000000000000000e+02 1.737922009300913400e-07 9.553245840135108318e-10 1.000000000000000000e+00 2.200000000000000000e+01 8.900000000000000000e+01 2.167000000000000000e+03
2.420000000000000000e+02 1.640285941362659776e-07 9.553245840135108318e-10 1.000000000000000000e+00 2.100000000000000000e+01 8.400000000000000000e+01 2.078000000000000000e+03
2.430000000000000000e+02 1.991775785940372453e-07 2.865973752040532702e-09 3.000000000000000000e+00 2.000000000000000000e+01 1.020000000000000000e+02 1.994000000000000000e+03
2.440000000000000000e+02 1.718394795713262622e-07 0.000000000000000000e+00 0.000000000000000000e+00 1.700000000000000000e+01 8.800000000000000000e+01 1.892000000000000000e+03
2.450000000000000000e+02 1.835558077239166760e-07 9.553245840135108318e-10 1.000000000000000000e+00 1.700000000000000000e+01 9.400000000000000000e+01 1.804000000000000000e+03
2.460000000000000000e+02 1.445013805486152792e-07 9.553245840135108318e-10 1.000000000000000000e+00 1.600000000000000000e+01 7.400000000000000000e+01 1.710000000000000000e+03
2.470000000000000000e+02 1.601231514187358485e-07 0.000000000000000000e+00 0.000000000000000000e+00 1.500000000000000000e+01 8.200000000000000000e+01 1.636000000000000000e+03
2.480000000000000000e+02 1.113051174496090628e-07 0.000000000000000000e+00 0.000000000000000000e+00 1.500000000000000000e+01 5.700000000000000000e+01 1.554000000000000000e+03
2.490000000000000000e+02 1.308323310372597612e-07 0.000000000000000000e+00 0.000000000000000000e+00 1.500000000000000000e+01 6.700000000000000000e+01 1.497000000000000000e+03
2.500000000000000000e+02 1.425486591898502014e-07 0.000000000000000000e+00 0.000000000000000000e+00 1.500000000000000000e+01 7.300000000000000000e+01 1.430000000000000000e+03
2.510000000000000000e+02 1.445013805486152792e-07 3.821298336054043327e-09 4.000000000000000000e+00 1.500000000000000000e+01 7.400000000000000000e+01 1.357000000000000000e+03
2.520000000000000000e+02 1.093523960908439851e-07 9.553245840135108318e-10 1.000000000000000000e+00 1.100000000000000000e+01 5.600000000000000000e+01 1.283000000000000000e+03
2.530000000000000000e+02 7.615613299183776869e-08 0.000000000000000000e+00 0.000000000000000000e+00 1.000000000000000000e+01 3.900000000000000000e+01 1.227000000000000000e+03
2.540000000000000000e+02 1.230214456021994766e-07 9.553245840135108318e-10 1.000000000000000000e+00 1.000000000000000000e+01 6.300000000000000000e+01 1.188000000000000000e+03
2.550000000000000000e+02 7.810885435060284647e-08 9.553245840135108318e-10 1.000000000000000000e+00 9.000000000000000000e+00 4.000000000000000000e+01 1.125000000000000000e+03
2.560000000000000000e+02 6.443980483924735496e-08 0.000000000000000000e+00 0.000000000000000000e+00 8.000000000000000000e+00 3.300000000000000000e+01 1.085000000000000000e+03
2.570000000000000000e+02 9.373062522072341576e-08 0.000000000000000000e+00 0.000000000000000000e+00 8.000000000000000000e+00 4.800000000000000000e+01 1.052000000000000000e+03
2.580000000000000000e+02 7.810885435060284647e-08 0.000000000000000000e+00 0.000000000000000000e+00 8.000000000000000000e+00 4.000000000000000000e+01 1.004000000000000000e+03
2.590000000000000000e+02 6.053436212171719940e-08 0.000000000000000000e+00 0.000000000000000000e+00 8.000000000000000000e+00 3.100000000000000000e+01 9.640000000000000000e+02
2.600000000000000000e+02 7.225069027430763960e-08 9.553245840135108318e-10 1.000000000000000000e+00 8.000000000000000000e+00 3.700000000000000000e+01 9.330000000000000000e+02
2.610000000000000000e+02 8.982518250319327344e-08 9.553245840135108318e-10 1.000000000000000000e+00 7.000000000000000000e+00 4.600000000000000000e+01 8.960000000000000000e+02
2.620000000000000000e+02 6.443980483924735496e-08 0.000000000000000000e+00 0.000000000000000000e+00 6.000000000000000000e+00 3.300000000000000000e+01 8.500000000000000000e+02
2.630000000000000000e+02 5.272347668665692137e-08 0.000000000000000000e+00 0.000000000000000000e+00 6.000000000000000000e+00 2.700000000000000000e+01 8.170000000000000000e+02
2.640000000000000000e+02 7.615613299183776869e-08 9.553245840135108318e-10 1.000000000000000000e+00 6.000000000000000000e+00 3.900000000000000000e+01 7.900000000000000000e+02
2.650000000000000000e+02 5.077075532789185021e-08 0.000000000000000000e+00 0.000000000000000000e+00 5.000000000000000000e+00 2.600000000000000000e+01 7.510000000000000000e+02
2.660000000000000000e+02 8.006157570936792425e-08 0.000000000000000000e+00 0.000000000000000000e+00 5.000000000000000000e+00 4.100000000000000000e+01 7.250000000000000000e+02
2.670000000000000000e+02 6.443980483924735496e-08 0.000000000000000000e+00 0.000000000000000000e+00 5.000000000000000000e+00 3.300000000000000000e+01 6.840000000000000000e+02
2.680000000000000000e+02 8.006157570936792425e-08 1.910649168027021664e-09 2.000000000000000000e+00 5.000000000000000000e+00 4.100000000000000000e+01 6.510000000000000000e+02
2.690000000000000000e+02 4.295986989283156556e-08 0.000000000000000000e+00 0.000000000000000000e+00 3.000000000000000000e+00 2.200000000000000000e+01 6.100000000000000000e+02
2.700000000000000000e+02 3.514898445777128091e-08 0.000000000000000000e+00 0.000000000000000000e+00 3.000000000000000000e+00 1.800000000000000000e+01 5.880000000000000000e+02
2.710000000000000000e+02 4.881803396912677904e-08 0.000000000000000000e+00 0.000000000000000000e+00 3.000000000000000000e+00 2.500000000000000000e+01 5.700000000000000000e+02
2.720000000000000000e+02 4.491259125159663672e-08 9.553245840135108318e-10 1.000000000000000000e+00 3.000000000000000000e+00 2.300000000000000000e+01 5.450000000000000000e+02
2.730000000000000000e+02 4.491259125159663672e-08 0.000000000000000000e+00 0.000000000000000000e+00 2.000000000000000000e+00 2.300000000000000000e+01 5.220000000000000000e+02
2.740000000000000000e+02 2.929082038147606743e-08 0.000000000000000000e+00 0.000000000000000000e+00 2.000000000000000000e+00 1.500000000000000000e+01 4.990000000000000000e+02
2.750000000000000000e+02 5.467619804542199253e-08 0.000000000000000000e+00 0.000000000000000000e+00 2.000000000000000000e+00 2.800000000000000000e+01 4.840000000000000000e+02
2.760000000000000000e+02 4.881803396912677904e-08 0.000000000000000000e+00 0.000000000000000000e+00 2.000000000000000000e+00 2.500000000000000000e+01 4.560000000000000000e+02
2.770000000000000000e+02 3.124354174024113859e-08 0.000000000000000000e+00 0.000000000000000000e+00 2.000000000000000000e+00 1.600000000000000000e+01 4.310000000000000000e+02
2.780000000000000000e+02 3.319626309900620975e-08 0.000000000000000000e+00 0.000000000000000000e+00 2.000000000000000000e+00 1.700000000000000000e+01 4.150000000000000000e+02
2.790000000000000000e+02 5.077075532789185021e-08 0.000000000000000000e+00 0.000000000000000000e+00 2.000000000000000000e+00 2.600000000000000000e+01 3.980000000000000000e+02
2.800000000000000000e+02 2.538537766394592510e-08 0.000000000000000000e+00 0.000000000000000000e+00 2.000000000000000000e+00 1.300000000000000000e+01 3.720000000000000000e+02
2.810000000000000000e+02 2.538537766394592510e-08 9.553245840135108318e-10 1.000000000000000000e+00 2.000000000000000000e+00 1.300000000000000000e+01 3.590000000000000000e+02
2.820000000000000000e+02 3.319626309900620975e-08 0.000000000000000000e+00 0.000000000000000000e+00 1.000000000000000000e+00 1.700000000000000000e+01 3.460000000000000000e+02
2.830000000000000000e+02 3.319626309900620975e-08 0.000000000000000000e+00 0.000000000000000000e+00 1.000000000000000000e+00 1.700000000000000000e+01 3.290000000000000000e+02
2.840000000000000000e+02 2.538537766394592510e-08 0.000000000000000000e+00 0.000000000000000000e+00 1.000000000000000000e+00 1.300000000000000000e+01 3.120000000000000000e+02
2.850000000000000000e+02 3.124354174024113859e-08 0.000000000000000000e+00 0.000000000000000000e+00 1.000000000000000000e+00 1.600000000000000000e+01 2.990000000000000000e+02
2.860000000000000000e+02 2.343265630518085394e-08 0.000000000000000000e+00 0.000000000000000000e+00 1.000000000000000000e+00 1.200000000000000000e+01 2.830000000000000000e+02
2.870000000000000000e+02 1.757449222888564046e-08 0.000000000000000000e+00 0.000000000000000000e+00 1.000000000000000000e+00 9.000000000000000000e+00 2.710000000000000000e+02
2.880000000000000000e+02 9.763606793825355809e-09 0.000000000000000000e+00 0.000000000000000000e+00 1.000000000000000000e+00 5.000000000000000000e+00 2.620000000000000000e+02
2.890000000000000000e+02 1.757449222888564046e-08 0.000000000000000000e+00 0.000000000000000000e+00 1.000000000000000000e+00 9.000000000000000000e+00 2.570000000000000000e+02
2.900000000000000000e+02 2.929082038147606743e-08 0.000000000000000000e+00 0.000000000000000000e+00 1.000000000000000000e+00 1.500000000000000000e+01 2.480000000000000000e+02
2.910000000000000000e+02 3.319626309900620975e-08 0.000000000000000000e+00 0.000000000000000000e+00 1.000000000000000000e+00 1.700000000000000000e+01 2.330000000000000000e+02
2.920000000000000000e+02 1.366904951135549813e-08 0.000000000000000000e+00 0.000000000000000000e+00 1.000000000000000000e+00 7.000000000000000000e+00 2.160000000000000000e+02
2.930000000000000000e+02 1.366904951135549813e-08 0.000000000000000000e+00 0.000000000000000000e+00 1.000000000000000000e+00 7.000000000000000000e+00 2.090000000000000000e+02
2.940000000000000000e+02 1.366904951135549813e-08 0.000000000000000000e+00 0.000000000000000000e+00 1.000000000000000000e+00 7.000000000000000000e+00 2.020000000000000000e+02
2.950000000000000000e+02 1.366904951135549813e-08 0.000000000000000000e+00 0.000000000000000000e+00 1.000000000000000000e+00 7.000000000000000000e+00 1.950000000000000000e+02
2.960000000000000000e+02 2.147993494641578278e-08 0.000000000000000000e+00 0.000000000000000000e+00 1.000000000000000000e+00 1.100000000000000000e+01 1.880000000000000000e+02
2.970000000000000000e+02 2.343265630518085394e-08 0.000000000000000000e+00 0.000000000000000000e+00 1.000000000000000000e+00 1.200000000000000000e+01 1.770000000000000000e+02
2.980000000000000000e+02 9.763606793825355809e-09 0.000000000000000000e+00 0.000000000000000000e+00 1.000000000000000000e+00 5.000000000000000000e+00 1.650000000000000000e+02
2.990000000000000000e+02 1.562177087012056929e-08 0.000000000000000000e+00 0.000000000000000000e+00 1.000000000000000000e+00 8.000000000000000000e+00 1.600000000000000000e+02
3.000000000000000000e+02 7.810885435060284647e-09 0.000000000000000000e+00 0.000000000000000000e+00 1.000000000000000000e+00 4.000000000000000000e+00 1.520000000000000000e+02
3.010000000000000000e+02 9.763606793825355809e-09 0.000000000000000000e+00 0.000000000000000000e+00 1.000000000000000000e+00 5.000000000000000000e+00 1.480000000000000000e+02
3.020000000000000000e+02 9.763606793825355809e-09 0.000000000000000000e+00 0.000000000000000000e+00 1.000000000000000000e+00 5.000000000000000000e+00 1.430000000000000000e+02
3.030000000000000000e+02 1.366904951135549813e-08 9.553245840135108318e-10 1.000000000000000000e+00 1.000000000000000000e+00 7.000000000000000000e+00 1.380000000000000000e+02
3.040000000000000000e+02 9.763606793825355809e-09 0.000000000000000000e+00 0.000000000000000000e+00 1.000000000000000000e+00 5.000000000000000000e+00 1.310000000000000000e+02
3.050000000000000000e+02 7.810885435060284647e-09 0.000000000000000000e+00 0.000000000000000000e+00 1.000000000000000000e+00 4.000000000000000000e+00 1.260000000000000000e+02
3.060000000000000000e+02 1.757449222888564046e-08 0.000000000000000000e+00 0.000000000000000000e+00 1.000000000000000000e+00 9.000000000000000000e+00 1.220000000000000000e+02
3.070000000000000000e+02 7.810885435060284647e-09 0.000000000000000000e+00 0.000000000000000000e+00 1.000000000000000000e+00 4.000000000000000000e+00 1.130000000000000000e+02
3.080000000000000000e+02 7.810885435060284647e-09 0.000000000000000000e+00 0.000000000000000000e+00 1.000000000000000000e+00 4.000000000000000000e+00 1.090000000000000000e+02
3.090000000000000000e+02 9.763606793825355809e-09 0.000000000000000000e+00 0.000000000000000000e+00 1.000000000000000000e+00 5.000000000000000000e+00 1.050000000000000000e+02
3.100000000000000000e+02 3.905442717530142324e-09 0.000000000000000000e+00 0.000000000000000000e+00 1.000000000000000000e+00 2.000000000000000000e+00 1.000000000000000000e+02
3.110000000000000000e+02 7.810885435060284647e-09 0.000000000000000000e+00 0.000000000000000000e+00 1.000000000000000000e+00 4.000000000000000000e+00 9.800000000000000000e+01
3.120000000000000000e+02 5.858164076295213485e-09 0.000000000000000000e+00 0.000000000000000000e+00 1.000000000000000000e+00 3.000000000000000000e+00 9.400000000000000000e+01
3.130000000000000000e+02 5.858164076295213485e-09 0.000000000000000000e+00 0.000000000000000000e+00 1.000000000000000000e+00 3.000000000000000000e+00 9.100000000000000000e+01
3.140000000000000000e+02 7.810885435060284647e-09 0.000000000000000000e+00 0.000000000000000000e+00 1.000000000000000000e+00 4.000000000000000000e+00 8.800000000000000000e+01
3.150000000000000000e+02 3.905442717530142324e-09 0.000000000000000000e+00 0.000000000000000000e+00 1.000000000000000000e+00 2.000000000000000000e+00 8.400000000000000000e+01
3.160000000000000000e+02 1.952721358765071162e-09 0.000000000000000000e+00 0.000000000000000000e+00 1.000000000000000000e+00 1.000000000000000000e+00 8.200000000000000000e+01
3.170000000000000000e+02 9.763606793825355809e-09 0.000000000000000000e+00 0.000000000000000000e+00 1.000000000000000000e+00 5.000000000000000000e+00 8.100000000000000000e+01
3.180000000000000000e+02 1.171632815259042697e-08 0.000000000000000000e+00 0.000000000000000000e+00 1.000000000000000000e+00 6.000000000000000000e+00 7.600000000000000000e+01
3.190000000000000000e+02 3.905442717530142324e-09 0.000000000000000000e+00 0.000000000000000000e+00 1.000000000000000000e+00 2.000000000000000000e+00 7.000000000000000000e+01
3.200000000000000000e+02 1.952721358765071162e-09 0.000000000000000000e+00 0.000000000000000000e+00 1.000000000000000000e+00 1.000000000000000000e+00 6.800000000000000000e+01
3.210000000000000000e+02 7.810885435060284647e-09 0.000000000000000000e+00 0.000000000000000000e+00 1.000000000000000000e+00 4.000000000000000000e+00 6.700000000000000000e+01
3.220000000000000000e+02 1.952721358765071162e-09 0.000000000000000000e+00 0.000000000000000000e+00 1.000000000000000000e+00 1.000000000000000000e+00 6.300000000000000000e+01
3.230000000000000000e+02 7.810885435060284647e-09 0.000000000000000000e+00 0.000000000000000000e+00 1.000000000000000000e+00 4.000000000000000000e+00 6.200000000000000000e+01
3.240000000000000000e+02 0.000000000000000000e+00 0.000000000000000000e+00 0.000000000000000000e+00 1.000000000000000000e+00 0.000000000000000000e+00 5.800000000000000000e+01
3.250000000000000000e+02 1.952721358765071162e-09 0.000000000000000000e+00 0.000000000000000000e+00 1.000000000000000000e+00 1.000000000000000000e+00 5.800000000000000000e+01
3.260000000000000000e+02 3.905442717530142324e-09 0.000000000000000000e+00 0.000000000000000000e+00 1.000000000000000000e+00 2.000000000000000000e+00 5.700000000000000000e+01
3.270000000000000000e+02 5.858164076295213485e-09 0.000000000000000000e+00 0.000000000000000000e+00 1.000000000000000000e+00 3.000000000000000000e+00 5.500000000000000000e+01
3.280000000000000000e+02 1.952721358765071162e-09 0.000000000000000000e+00 0.000000000000000000e+00 1.000000000000000000e+00 1.000000000000000000e+00 5.200000000000000000e+01
3.290000000000000000e+02 5.858164076295213485e-09 0.000000000000000000e+00 0.000000000000000000e+00 1.000000000000000000e+00 3.000000000000000000e+00 5.100000000000000000e+01
3.300000000000000000e+02 5.858164076295213485e-09 0.000000000000000000e+00 0.000000000000000000e+00 1.000000000000000000e+00 3.000000000000000000e+00 4.800000000000000000e+01
3.310000000000000000e+02 5.858164076295213485e-09 0.000000000000000000e+00 0.000000000000000000e+00 1.000000000000000000e+00 3.000000000000000000e+00 4.500000000000000000e+01
3.320000000000000000e+02 0.000000000000000000e+00 0.000000000000000000e+00 0.000000000000000000e+00 1.000000000000000000e+00 0.000000000000000000e+00 4.200000000000000000e+01
3.330000000000000000e+02 1.952721358765071162e-09 0.000000000000000000e+00 0.000000000000000000e+00 1.000000000000000000e+00 1.000000000000000000e+00 4.200000000000000000e+01
3.340000000000000000e+02 3.905442717530142324e-09 0.000000000000000000e+00 0.000000000000000000e+00 1.000000000000000000e+00 2.000000000000000000e+00 4.100000000000000000e+01
3.350000000000000000e+02 0.000000000000000000e+00 0.000000000000000000e+00 0.000000000000000000e+00 1.000000000000000000e+00 0.000000000000000000e+00 3.900000000000000000e+01
3.360000000000000000e+02 3.905442717530142324e-09 0.000000000000000000e+00 0.000000000000000000e+00 1.000000000000000000e+00 2.000000000000000000e+00 3.900000000000000000e+01
3.370000000000000000e+02 1.952721358765071162e-09 0.000000000000000000e+00 0.000000000000000000e+00 1.000000000000000000e+00 1.000000000000000000e+00 3.700000000000000000e+01
3.380000000000000000e+02 5.858164076295213485e-09 0.000000000000000000e+00 0.000000000000000000e+00 1.000000000000000000e+00 3.000000000000000000e+00 3.600000000000000000e+01
3.390000000000000000e+02 3.905442717530142324e-09 0.000000000000000000e+00 0.000000000000000000e+00 1.000000000000000000e+00 2.000000000000000000e+00 3.300000000000000000e+01
3.400000000000000000e+02 3.905442717530142324e-09 0.000000000000000000e+00 0.000000000000000000e+00 1.000000000000000000e+00 2.000000000000000000e+00 3.100000000000000000e+01
3.410000000000000000e+02 5.858164076295213485e-09 0.000000000000000000e+00 0.000000000000000000e+00 1.000000000000000000e+00 3.000000000000000000e+00 2.900000000000000000e+01
3.420000000000000000e+02 0.000000000000000000e+00 0.000000000000000000e+00 0.000000000000000000e+00 1.000000000000000000e+00 0.000000000000000000e+00 2.600000000000000000e+01
3.430000000000000000e+02 1.952721358765071162e-09 0.000000000000000000e+00 0.000000000000000000e+00 1.000000000000000000e+00 1.000000000000000000e+00 2.600000000000000000e+01
3.440000000000000000e+02 1.952721358765071162e-09 0.000000000000000000e+00 0.000000000000000000e+00 1.000000000000000000e+00 1.000000000000000000e+00 2.500000000000000000e+01
3.450000000000000000e+02 1.952721358765071162e-09 0.000000000000000000e+00 0.000000000000000000e+00 1.000000000000000000e+00 1.000000000000000000e+00 2.400000000000000000e+01
3.460000000000000000e+02 0.000000000000000000e+00 0.000000000000000000e+00 0.000000000000000000e+00 1.000000000000000000e+00 0.000000000000000000e+00 2.300000000000000000e+01
3.470000000000000000e+02 3.905442717530142324e-09 0.000000000000000000e+00 0.000000000000000000e+00 1.000000000000000000e+00 2.000000000000000000e+00 2.300000000000000000e+01
3.480000000000000000e+02 1.952721358765071162e-09 0.000000000000000000e+00 0.000000000000000000e+00 1.000000000000000000e+00 1.000000000000000000e+00 2.100000000000000000e+01
3.490000000000000000e+02 0.000000000000000000e+00 0.000000000000000000e+00 0.000000000000000000e+00 1.000000000000000000e+00 0.000000000000000000e+00 2.000000000000000000e+01
3.500000000000000000e+02 1.952721358765071162e-09 0.000000000000000000e+00 0.000000000000000000e+00 1.000000000000000000e+00 1.000000000000000000e+00 2.000000000000000000e+01
3.510000000000000000e+02 1.952721358765071162e-09 0.000000000000000000e+00 0.000000000000000000e+00 1.000000000000000000e+00 1.000000000000000000e+00 1.900000000000000000e+01
3.520000000000000000e+02 0.000000000000000000e+00 0.000000000000000000e+00 0.000000000000000000e+00 1.000000000000000000e+00 0.000000000000000000e+00 1.800000000000000000e+01
3.530000000000000000e+02 3.905442717530142324e-09 0.000000000000000000e+00 0.000000000000000000e+00 1.000000000000000000e+00 2.000000000000000000e+00 1.800000000000000000e+01
3.540000000000000000e+02 1.952721358765071162e-09 0.000000000000000000e+00 0.000000000000000000e+00 1.000000000000000000e+00 1.000000000000000000e+00 1.600000000000000000e+01
3.550000000000000000e+02 1.952721358765071162e-09 0.000000000000000000e+00 0.000000000000000000e+00 1.000000000000000000e+00 1.000000000000000000e+00 1.500000000000000000e+01
3.560000000000000000e+02 0.000000000000000000e+00 0.000000000000000000e+00 0.000000000000000000e+00 1.000000000000000000e+00 0.000000000000000000e+00 1.400000000000000000e+01
3.570000000000000000e+02 1.952721358765071162e-09 0.000000000000000000e+00 0.000000000000000000e+00 1.000000000000000000e+00 1.000000000000000000e+00 1.400000000000000000e+01
3.580000000000000000e+02 1.952721358765071162e-09 0.000000000000000000e+00 0.000000000000000000e+00 1.000000000000000000e+00 1.000000000000000000e+00 1.300000000000000000e+01
3.590000000000000000e+02 0.000000000000000000e+00 0.000000000000000000e+00 0.000000000000000000e+00 1.000000000000000000e+00 0.000000000000000000e+00 1.200000000000000000e+01
3.600000000000000000e+02 0.000000000000000000e+00 0.000000000000000000e+00 0.000000000000000000e+00 1.000000000000000000e+00 0.000000000000000000e+00 1.200000000000000000e+01
3.610000000000000000e+02 0.000000000000000000e+00 0.000000000000000000e+00 0.000000000000000000e+00 1.000000000000000000e+00 0.000000000000000000e+00 1.200000000000000000e+01
3.620000000000000000e+02 0.000000000000000000e+00 0.000000000000000000e+00 0.000000000000000000e+00 1.000000000000000000e+00 0.000000000000000000e+00 1.200000000000000000e+01
3.630000000000000000e+02 0.000000000000000000e+00 0.000000000000000000e+00 0.000000000000000000e+00 1.000000000000000000e+00 0.000000000000000000e+00 1.200000000000000000e+01
3.640000000000000000e+02 1.952721358765071162e-09 0.000000000000000000e+00 0.000000000000000000e+00 1.000000000000000000e+00 1.000000000000000000e+00 1.200000000000000000e+01
3.650000000000000000e+02 0.000000000000000000e+00 0.000000000000000000e+00 0.000000000000000000e+00 1.000000000000000000e+00 0.000000000000000000e+00 1.100000000000000000e+01
3.660000000000000000e+02 0.000000000000000000e+00 0.000000000000000000e+00 0.000000000000000000e+00 1.000000000000000000e+00 0.000000000000000000e+00 1.100000000000000000e+01
3.670000000000000000e+02 0.000000000000000000e+00 0.000000000000000000e+00 0.000000000000000000e+00 1.000000000000000000e+00 0.000000000000000000e+00 1.100000000000000000e+01
3.680000000000000000e+02 0.000000000000000000e+00 0.000000000000000000e+00 0.000000000000000000e+00 1.000000000000000000e+00 0.000000000000000000e+00 1.100000000000000000e+01
3.690000000000000000e+02 0.000000000000000000e+00 0.000000000000000000e+00 0.000000000000000000e+00 1.000000000000000000e+00 0.000000000000000000e+00 1.100000000000000000e+01
3.700000000000000000e+02 0.000000000000000000e+00 0.000000000000000000e+00 0.000000000000000000e+00 1.000000000000000000e+00 0.000000000000000000e+00 1.100000000000000000e+01
3.710000000000000000e+02 3.905442717530142324e-09 0.000000000000000000e+00 0.000000000000000000e+00 1.000000000000000000e+00 2.000000000000000000e+00 1.100000000000000000e+01
3.720000000000000000e+02 0.000000000000000000e+00 0.000000000000000000e+00 0.000000000000000000e+00 1.000000000000000000e+00 0.000000000000000000e+00 9.000000000000000000e+00
3.730000000000000000e+02 1.952721358765071162e-09 0.000000000000000000e+00 0.000000000000000000e+00 1.000000000000000000e+00 1.000000000000000000e+00 9.000000000000000000e+00
3.740000000000000000e+02 0.000000000000000000e+00 0.000000000000000000e+00 0.000000000000000000e+00 1.000000000000000000e+00 0.000000000000000000e+00 8.000000000000000000e+00
3.750000000000000000e+02 0.000000000000000000e+00 0.000000000000000000e+00 0.000000000000000000e+00 1.000000000000000000e+00 0.000000000000000000e+00 8.000000000000000000e+00
3.760000000000000000e+02 0.000000000000000000e+00 0.000000000000000000e+00 0.000000000000000000e+00 1.000000000000000000e+00 0.000000000000000000e+00 8.000000000000000000e+00
3.770000000000000000e+02 0.000000000000000000e+00 0.000000000000000000e+00 0.000000000000000000e+00 1.000000000000000000e+00 0.000000000000000000e+00 8.000000000000000000e+00
3.780000000000000000e+02 0.000000000000000000e+00 0.000000000000000000e+00 0.000000000000000000e+00 1.000000000000000000e+00 0.000000000000000000e+00 8.000000000000000000e+00
3.790000000000000000e+02 0.000000000000000000e+00 0.000000000000000000e+00 0.000000000000000000e+00 1.000000000000000000e+00 0.000000000000000000e+00 8.000000000000000000e+00
3.800000000000000000e+02 1.952721358765071162e-09 0.000000000000000000e+00 0.000000000000000000e+00 1.000000000000000000e+00 1.000000000000000000e+00 8.000000000000000000e+00
3.810000000000000000e+02 0.000000000000000000e+00 0.000000000000000000e+00 0.000000000000000000e+00 1.000000000000000000e+00 0.000000000000000000e+00 7.000000000000000000e+00
3.820000000000000000e+02 0.000000000000000000e+00 0.000000000000000000e+00 0.000000000000000000e+00 1.000000000000000000e+00 0.000000000000000000e+00 7.000000000000000000e+00
3.830000000000000000e+02 0.000000000000000000e+00 0.000000000000000000e+00 0.000000000000000000e+00 1.000000000000000000e+00 0.000000000000000000e+00 7.000000000000000000e+00
3.840000000000000000e+02 0.000000000000000000e+00 0.000000000000000000e+00 0.000000000000000000e+00 1.000000000000000000e+00 0.000000000000000000e+00 7.000000000000000000e+00
3.850000000000000000e+02 0.000000000000000000e+00 0.000000000000000000e+00 0.000000000000000000e+00 1.000000000000000000e+00 0.000000000000000000e+00 7.000000000000000000e+00
3.860000000000000000e+02 0.000000000000000000e+00 0.000000000000000000e+00 0.000000000000000000e+00 1.000000000000000000e+00 0.000000000000000000e+00 7.000000000000000000e+00
3.870000000000000000e+02 1.952721358765071162e-09 0.000000000000000000e+00 0.000000000000000000e+00 1.000000000000000000e+00 1.000000000000000000e+00 7.000000000000000000e+00
3.880000000000000000e+02 0.000000000000000000e+00 0.000000000000000000e+00 0.000000000000000000e+00 1.000000000000000000e+00 0.000000000000000000e+00 6.000000000000000000e+00
3.890000000000000000e+02 0.000000000000000000e+00 0.000000000000000000e+00 0.000000000000000000e+00 1.000000000000000000e+00 0.000000000000000000e+00 6.000000000000000000e+00
3.900000000000000000e+02 0.000000000000000000e+00 0.000000000000000000e+00 0.000000000000000000e+00 1.000000000000000000e+00 0.000000000000000000e+00 6.000000000000000000e+00
3.910000000000000000e+02 1.952721358765071162e-09 0.000000000000000000e+00 0.000000000000000000e+00 1.000000000000000000e+00 1.000000000000000000e+00 6.000000000000000000e+00
3.920000000000000000e+02 1.952721358765071162e-09 0.000000000000000000e+00 0.000000000000000000e+00 1.000000000000000000e+00 1.000000000000000000e+00 5.000000000000000000e+00
3.930000000000000000e+02 0.000000000000000000e+00 0.000000000000000000e+00 0.000000000000000000e+00 1.000000000000000000e+00 0.000000000000000000e+00 4.000000000000000000e+00
3.940000000000000000e+02 0.000000000000000000e+00 0.000000000000000000e+00 0.000000000000000000e+00 1.000000000000000000e+00 0.000000000000000000e+00 4.000000000000000000e+00
3.950000000000000000e+02 0.000000000000000000e+00 0.000000000000000000e+00 0.000000000000000000e+00 1.000000000000000000e+00 0.000000000000000000e+00 4.000000000000000000e+00
3.960000000000000000e+02 1.952721358765071162e-09 0.000000000000000000e+00 0.000000000000000000e+00 1.000000000000000000e+00 1.000000000000000000e+00 4.000000000000000000e+00
3.970000000000000000e+02 0.000000000000000000e+00 0.000000000000000000e+00 0.000000000000000000e+00 1.000000000000000000e+00 0.000000000000000000e+00 3.000000000000000000e+00
3.980000000000000000e+02 0.000000000000000000e+00 0.000000000000000000e+00 0.000000000000000000e+00 1.000000000000000000e+00 0.000000000000000000e+00 3.000000000000000000e+00
3.990000000000000000e+02 0.000000000000000000e+00 0.000000000000000000e+00 0.000000000000000000e+00 1.000000000000000000e+00 0.000000000000000000e+00 3.000000000000000000e+00
4.000000000000000000e+02 0.000000000000000000e+00 0.000000000000000000e+00 0.000000000000000000e+00 1.000000000000000000e+00 0.000000000000000000e+00 3.000000000000000000e+00
4.010000000000000000e+02 0.000000000000000000e+00 0.000000000000000000e+00 0.000000000000000000e+00 1.000000000000000000e+00 0.000000000000000000e+00 3.000000000000000000e+00
4.020000000000000000e+02 0.000000000000000000e+00 0.000000000000000000e+00 0.000000000000000000e+00 1.000000000000000000e+00 0.000000000000000000e+00 3.000000000000000000e+00
4.030000000000000000e+02 0.000000000000000000e+00 0.000000000000000000e+00 0.000000000000000000e+00 1.000000000000000000e+00 0.000000000000000000e+00 3.000000000000000000e+00
4.040000000000000000e+02 0.000000000000000000e+00 0.000000000000000000e+00 0.000000000000000000e+00 1.000000000000000000e+00 0.000000000000000000e+00 3.000000000000000000e+00
4.050000000000000000e+02 0.000000000000000000e+00 0.000000000000000000e+00 0.000000000000000000e+00 1.000000000000000000e+00 0.000000000000000000e+00 3.000000000000000000e+00
4.060000000000000000e+02 0.000000000000000000e+00 0.000000000000000000e+00 0.000000000000000000e+00 1.000000000000000000e+00 0.000000000000000000e+00 3.000000000000000000e+00
4.070000000000000000e+02 0.000000000000000000e+00 0.000000000000000000e+00 0.000000000000000000e+00 1.000000000000000000e+00 0.000000000000000000e+00 3.000000000000000000e+00
4.080000000000000000e+02 0.000000000000000000e+00 0.000000000000000000e+00 0.000000000000000000e+00 1.000000000000000000e+00 0.000000000000000000e+00 3.000000000000000000e+00
4.090000000000000000e+02 0.000000000000000000e+00 0.000000000000000000e+00 0.000000000000000000e+00 1.000000000000000000e+00 0.000000000000000000e+00 3.000000000000000000e+00
4.100000000000000000e+02 0.000000000000000000e+00 0.000000000000000000e+00 0.000000000000000000e+00 1.000000000000000000e+00 0.000000000000000000e+00 3.000000000000000000e+00
4.110000000000000000e+02 0.000000000000000000e+00 0.000000000000000000e+00 0.000000000000000000e+00 1.000000000000000000e+00 0.000000000000000000e+00 3.000000000000000000e+00
4.120000000000000000e+02 0.000000000000000000e+00 0.000000000000000000e+00 0.000000000000000000e+00 1.000000000000000000e+00 0.000000000000000000e+00 3.000000000000000000e+00
4.130000000000000000e+02 1.952721358765071162e-09 0.000000000000000000e+00 0.000000000000000000e+00 1.000000000000000000e+00 1.000000000000000000e+00 3.000000000000000000e+00
4.140000000000000000e+02 0.000000000000000000e+00 0.000000000000000000e+00 0.000000000000000000e+00 1.000000000000000000e+00 0.000000000000000000e+00 2.000000000000000000e+00
4.150000000000000000e+02 0.000000000000000000e+00 0.000000000000000000e+00 0.000000000000000000e+00 1.000000000000000000e+00 0.000000000000000000e+00 2.000000000000000000e+00
4.160000000000000000e+02 0.000000000000000000e+00 0.000000000000000000e+00 0.000000000000000000e+00 1.000000000000000000e+00 0.000000000000000000e+00 2.000000000000000000e+00
4.170000000000000000e+02 0.000000000000000000e+00 0.000000000000000000e+00 0.000000000000000000e+00 1.000000000000000000e+00 0.000000000000000000e+00 2.000000000000000000e+00
4.180000000000000000e+02 1.952721358765071162e-09 0.000000000000000000e+00 0.000000000000000000e+00 1.000000000000000000e+00 1.000000000000000000e+00 2.000000000000000000e+00
4.190000000000000000e+02 0.000000000000000000e+00 0.000000000000000000e+00 0.000000000000000000e+00 1.000000000000000000e+00 0.000000000000000000e+00 1.000000000000000000e+00
4.200000000000000000e+02 0.000000000000000000e+00 0.000000000000000000e+00 0.000000000000000000e+00 1.000000000000000000e+00 0.000000000000000000e+00 1.000000000000000000e+00
4.210000000000000000e+02 0.000000000000000000e+00 0.000000000000000000e+00 0.000000000000000000e+00 1.000000000000000000e+00 0.000000000000000000e+00 1.000000000000000000e+00
4.220000000000000000e+02 0.000000000000000000e+00 0.000000000000000000e+00 0.000000000000000000e+00 1.000000000000000000e+00 0.000000000000000000e+00 1.000000000000000000e+00
4.230000000000000000e+02 0.000000000000000000e+00 0.000000000000000000e+00 0.000000000000000000e+00 1.000000000000000000e+00 0.000000000000000000e+00 1.000000000000000000e+00
4.240000000000000000e+02 0.000000000000000000e+00 0.000000000000000000e+00 0.000000000000000000e+00 1.000000000000000000e+00 0.000000000000000000e+00 1.000000000000000000e+00
4.250000000000000000e+02 0.000000000000000000e+00 0.000000000000000000e+00 0.000000000000000000e+00 1.000000000000000000e+00 0.000000000000000000e+00 1.000000000000000000e+00
4.260000000000000000e+02 0.000000000000000000e+00 0.000000000000000000e+00 0.000000000000000000e+00 1.000000000000000000e+00 0.000000000000000000e+00 1.000000000000000000e+00
4.270000000000000000e+02 0.000000000000000000e+00 0.000000000000000000e+00 0.000000000000000000e+00 1.000000000000000000e+00 0.000000000000000000e+00 1.000000000000000000e+00
4.280000000000000000e+02 0.000000000000000000e+00 0.000000000000000000e+00 0.000000000000000000e+00 1.000000000000000000e+00 0.000000000000000000e+00 1.000000000000000000e+00
4.290000000000000000e+02 0.000000000000000000e+00 0.000000000000000000e+00 0.000000000000000000e+00 1.000000000000000000e+00 0.000000000000000000e+00 1.000000000000000000e+00
4.300000000000000000e+02 0.000000000000000000e+00 0.000000000000000000e+00 0.000000000000000000e+00 1.000000000000000000e+00 0.000000000000000000e+00 1.000000000000000000e+00
4.310000000000000000e+02 0.000000000000000000e+00 0.000000000000000000e+00 0.000000000000000000e+00 1.000000000000000000e+00 0.000000000000000000e+00 1.000000000000000000e+00
4.320000000000000000e+02 0.000000000000000000e+00 0.000000000000000000e+00 0.000000000000000000e+00 1.000000000000000000e+00 0.000000000000000000e+00 1.000000000000000000e+00
4.330000000000000000e+02 0.000000000000000000e+00 0.000000000000000000e+00 0.000000000000000000e+00 1.000000000000000000e+00 0.000000000000000000e+00 1.000000000000000000e+00
4.340000000000000000e+02 0.000000000000000000e+00 0.000000000000000000e+00 0.000000000000000000e+00 1.000000000000000000e+00 0.000000000000000000e+00 1.000000000000000000e+00
4.350000000000000000e+02 0.000000000000000000e+00 0.000000000000000000e+00 0.000000000000000000e+00 1.000000000000000000e+00 0.000000000000000000e+00 1.000000000000000000e+00
4.360000000000000000e+02 0.000000000000000000e+00 0.000000000000000000e+00 0.000000000000000000e+00 1.000000000000000000e+00 0.000000000000000000e+00 1.000000000000000000e+00
4.370000000000000000e+02 0.000000000000000000e+00 0.000000000000000000e+00 0.000000000000000000e+00 1.000000000000000000e+00 0.000000000000000000e+00 1.000000000000000000e+00
4.380000000000000000e+02 0.000000000000000000e+00 0.000000000000000000e+00 0.000000000000000000e+00 1.000000000000000000e+00 0.000000000000000000e+00 1.000000000000000000e+00
4.390000000000000000e+02 0.000000000000000000e+00 0.000000000000000000e+00 0.000000000000000000e+00 1.000000000000000000e+00 0.000000000000000000e+00 1.000000000000000000e+00
4.400000000000000000e+02 0.000000000000000000e+00 0.000000000000000000e+00 0.000000000000000000e+00 1.000000000000000000e+00 0.000000000000000000e+00 1.000000000000000000e+00
4.410000000000000000e+02 0.000000000000000000e+00 0.000000000000000000e+00 0.000000000000000000e+00 1.000000000000000000e+00 0.000000000000000000e+00 1.000000000000000000e+00
4.420000000000000000e+02 0.000000000000000000e+00 0.000000000000000000e+00 0.000000000000000000e+00 1.000000000000000000e+00 0.000000000000000000e+00 1.000000000000000000e+00
4.430000000000000000e+02 0.000000000000000000e+00 0.000000000000000000e+00 0.000000000000000000e+00 1.000000000000000000e+00 0.000000000000000000e+00 1.000000000000000000e+00
4.440000000000000000e+02 0.000000000000000000e+00 0.000000000000000000e+00 0.000000000000000000e+00 1.000000000000000000e+00 0.000000000000000000e+00 1.000000000000000000e+00
4.450000000000000000e+02 0.000000000000000000e+00 0.000000000000000000e+00 0.000000000000000000e+00 1.000000000000000000e+00 0.000000000000000000e+00 1.000000000000000000e+00
4.460000000000000000e+02 0.000000000000000000e+00 0.000000000000000000e+00 0.000000000000000000e+00 1.000000000000000000e+00 0.000000000000000000e+00 1.000000000000000000e+00
4.470000000000000000e+02 0.000000000000000000e+00 0.000000000000000000e+00 0.000000000000000000e+00 1.000000000000000000e+00 0.000000000000000000e+00 1.000000000000000000e+00
4.480000000000000000e+02 0.000000000000000000e+00 0.000000000000000000e+00 0.000000000000000000e+00 1.000000000000000000e+00 0.000000000000000000e+00 1.000000000000000000e+00
4.490000000000000000e+02 0.000000000000000000e+00 0.000000000000000000e+00 0.000000000000000000e+00 1.000000000000000000e+00 0.000000000000000000e+00 1.000000000000000000e+00
4.500000000000000000e+02 0.000000000000000000e+00 0.000000000000000000e+00 0.000000000000000000e+00 1.000000000000000000e+00 0.000000000000000000e+00 1.000000000000000000e+00
4.510000000000000000e+02 0.000000000000000000e+00 0.000000000000000000e+00 0.000000000000000000e+00 1.000000000000000000e+00 0.000000000000000000e+00 1.000000000000000000e+00
4.520000000000000000e+02 0.000000000000000000e+00 0.000000000000000000e+00 0.000000000000000000e+00 1.000000000000000000e+00 0.000000000000000000e+00 1.000000000000000000e+00
4.530000000000000000e+02 0.000000000000000000e+00 0.000000000000000000e+00 0.000000000000000000e+00 1.000000000000000000e+00 0.000000000000000000e+00 1.000000000000000000e+00
4.540000000000000000e+02 0.000000000000000000e+00 0.000000000000000000e+00 0.000000000000000000e+00 1.000000000000000000e+00 0.000000000000000000e+00 1.000000000000000000e+00
4.550000000000000000e+02 1.952721358765071162e-09 0.000000000000000000e+00 0.000000000000000000e+00 1.000000000000000000e+00 1.000000000000000000e+00 1.000000000000000000e+00
