0.000000000000000000e+00 0.000000000000000000e+00 0.000000000000000000e+00 0.000000000000000000e+00 0.000000000000000000e+00 0.000000000000000000e+00 0.000000000000000000e+00
1.000000000000000000e+00 1.941544925457163243e-02 9.677761239692959927e-02 7.709113100000000000e+07 7.965894480000000000e+08 8.996283000000000000e+06 4.633664660000000000e+08
2.000000000000000000e+00 3.009486000308720516e-02 8.817672965243078531e-02 7.023983800000000000e+07 7.194975690000000000e+08 1.394466200000000000e+07 4.543697350000000000e+08
3.000000000000000000e+00 3.604913155804475439e-02 7.754578643738642418e-02 6.177143900000000000e+07 6.492570420000000000e+08 1.670361500000000000e+07 4.404246350000000000e+08
4.000000000000000000e+00 3.894481716742720367e-02 6.747424953609067189e-02 5.374865200000000000e+07 5.874850140000000000e+08 1.804535100000000000e+07 4.237205860000000000e+08
5.000000000000000000e+00 3.993112808334978864e-02 5.876594258156139783e-02 4.681178700000000000e+07 5.337358570000000000e+08 1.850236500000000000e+07 4.056748140000000000e+08
6.000000000000000000e+00 3.973055916211046951e-02 5.148161902871873502e-02 4.100923900000000000e+07 4.869236080000000000e+08 1.840943000000000000e+07 3.871720730000000000e+08
7.000000000000000000e+00 3.882955613147058560e-02 4.550580651380780467e-02 3.624902500000000000e+07 4.459139180000000000e+08 1.799194400000000000e+07 3.687622620000000000e+08
8.000000000000000000e+00 3.750886800156903039e-02 4.052418138651930207e-02 3.228076100000000000e+07 4.096644840000000000e+08 1.737999400000000000e+07 3.507699790000000000e+08
9.000000000000000000e+00 3.600746173794158039e-02 3.638581597103494186e-02 2.898422100000000000e+07 3.773833570000000000e+08 1.668430700000000000e+07 3.333896440000000000e+08
1.000000000000000000e+01 3.436486194621125867e-02 3.288140177903389749e-02 2.619267400000000000e+07 3.483987960000000000e+08 1.592319700000000000e+07 3.167050140000000000e+08
1.100000000000000000e+01 3.274571060048368787e-02 2.987969025773389714e-02 2.380157000000000000e+07 3.222058040000000000e+08 1.517295200000000000e+07 3.007814990000000000e+08
1.200000000000000000e+01 3.112917926519765191e-02 2.728603557126774506e-02 2.173551600000000000e+07 2.984039460000000000e+08 1.442392100000000000e+07 2.856082510000000000e+08
1.300000000000000000e+01 2.956828106760685942e-02 2.500101898087320543e-02 1.991531700000000000e+07 2.766681470000000000e+08 1.370066800000000000e+07 2.711840760000000000e+08
1.400000000000000000e+01 2.805243453226248171e-02 2.298808547355680673e-02 1.831185400000000000e+07 2.567525680000000000e+08 1.299829000000000000e+07 2.574831410000000000e+08
1.500000000000000000e+01 2.660999792704082934e-02 2.118369217034982155e-02 1.687451000000000000e+07 2.384404620000000000e+08 1.232992700000000000e+07 2.444846060000000000e+08
1.600000000000000000e+01 2.523473200137642258e-02 1.954506622868508112e-02 1.556921300000000000e+07 2.215657430000000000e+08 1.169268800000000000e+07 2.321544380000000000e+08
1.700000000000000000e+01 2.394115040454385460e-02 1.808019052323634954e-02 1.440232200000000000e+07 2.059963120000000000e+08 1.109329800000000000e+07 2.204615340000000000e+08
1.800000000000000000e+01 2.270477093024260429e-02 1.673934878010753524e-02 1.333423400000000000e+07 1.915938030000000000e+08 1.052041300000000000e+07 2.093680020000000000e+08
1.900000000000000000e+01 2.153526215077753228e-02 1.550523954014564575e-02 1.235116700000000000e+07 1.782594040000000000e+08 9.978513000000000000e+06 1.988474130000000000e+08
2.000000000000000000e+01 2.042782862693850662e-02 1.439099770155977814e-02 1.146358400000000000e+07 1.659080670000000000e+08 9.465376000000000000e+06 1.888687110000000000e+08
2.100000000000000000e+01 1.938604643558024601e-02 1.336087043045955207e-02 1.064300500000000000e+07 1.544443380000000000e+08 8.982659000000000000e+06 1.794031720000000000e+08
2.200000000000000000e+01 1.838522834487344923e-02 1.240808251460808441e-02 9.884033000000000000e+06 1.438011840000000000e+08 8.518923000000000000e+06 1.704203450000000000e+08
2.300000000000000000e+01 1.744456690247594977e-02 1.152841215694170446e-02 9.183305000000000000e+06 1.339170240000000000e+08 8.083061000000000000e+06 1.619012770000000000e+08
2.400000000000000000e+01 1.655630782707271514e-02 1.072186688965856560e-02 8.540827000000000000e+06 1.247336020000000000e+08 7.671480000000000000e+06 1.538180720000000000e+08
2.500000000000000000e+01 1.570456271926454900e-02 9.961786497402976698e-03 7.935362000000000000e+06 1.161926660000000000e+08 7.276818000000000000e+06 1.461464490000000000e+08
2.600000000000000000e+01 1.490346323339347169e-02 9.267016539948899276e-03 7.381922000000000000e+06 1.082571890000000000e+08 6.905623000000000000e+06 1.388694870000000000e+08
2.700000000000000000e+01 1.414703125667277073e-02 8.620012017069789839e-03 6.866531000000000000e+06 1.008751500000000000e+08 6.555125000000000000e+06 1.319637360000000000e+08
2.800000000000000000e+01 1.343283453888200266e-02 8.019982047959785601e-03 6.388559000000000000e+06 9.400852500000000000e+07 6.224197000000000000e+06 1.254084740000000000e+08
2.900000000000000000e+01 1.275353532425408873e-02 7.464158549798372878e-03 5.945801000000000000e+06 8.761987300000000000e+07 5.909439000000000000e+06 1.191841470000000000e+08
3.000000000000000000e+01 1.211434126122019374e-02 6.949999405709566744e-03 5.536232000000000000e+06 8.167398900000000000e+07 5.613264000000000000e+06 1.132745980000000000e+08
3.100000000000000000e+01 1.150437952226427384e-02 6.472057581063788909e-03 5.155513000000000000e+06 7.613767500000000000e+07 5.330634000000000000e+06 1.076612320000000000e+08
3.200000000000000000e+01 1.092470113299178966e-02 6.026416332822488037e-03 4.800524000000000000e+06 7.098209200000000000e+07 5.062036000000000000e+06 1.023305100000000000e+08
3.300000000000000000e+01 1.037634417002743746e-02 5.611383427134391394e-03 4.469917000000000000e+06 6.618149900000000000e+07 4.807951000000000000e+06 9.726837600000000000e+07
3.400000000000000000e+01 9.852801770536583764e-03 5.224303764151249675e-03 4.161577000000000000e+06 6.171152200000000000e+07 4.565364000000000000e+06 9.246032600000000000e+07
3.500000000000000000e+01 9.359784435036789044e-03 4.868480212762303118e-03 3.878135000000000000e+06 5.754988500000000000e+07 4.336921000000000000e+06 8.789487000000000000e+07
3.600000000000000000e+01 8.893217550913859806e-03 4.533045066401925928e-03 3.610934000000000000e+06 5.367169800000000000e+07 4.120734000000000000e+06 8.355785800000000000e+07
3.700000000000000000e+01 8.440247096594639953e-03 4.222886721670158876e-03 3.363868000000000000e+06 5.006071100000000000e+07 3.910847000000000000e+06 7.943704900000000000e+07
3.800000000000000000e+01 8.016375160218816576e-03 3.934547899615664125e-03 3.134183000000000000e+06 4.669678800000000000e+07 3.714443000000000000e+06 7.552613100000000000e+07
3.900000000000000000e+01 7.618670955806483569e-03 3.662822595949697183e-03 2.917732000000000000e+06 4.356254400000000000e+07 3.530164000000000000e+06 7.181160500000000000e+07
4.000000000000000000e+01 7.248692677376411195e-03 3.417375876266432085e-03 2.722214000000000000e+06 4.064477200000000000e+07 3.358732000000000000e+06 6.828136200000000000e+07
4.100000000000000000e+01 6.877499352917849050e-03 3.182864652932152014e-03 2.535407000000000000e+06 3.792250600000000000e+07 3.186737000000000000e+06 6.492257000000000000e+07
4.200000000000000000e+01 6.534634082047141752e-03 2.965568268472127365e-03 2.362313000000000000e+06 3.538706900000000000e+07 3.027868000000000000e+06 6.173576900000000000e+07
4.300000000000000000e+01 6.214302195871755988e-03 2.765229372782863296e-03 2.202727000000000000e+06 3.302472000000000000e+07 2.879440000000000000e+06 5.870785500000000000e+07
4.400000000000000000e+01 5.902119534924752005e-03 2.575047646300307556e-03 2.051232000000000000e+06 3.082196200000000000e+07 2.734788000000000000e+06 5.582836100000000000e+07
4.500000000000000000e+01 5.610370365625607855e-03 2.406271171596715761e-03 1.916788000000000000e+06 2.877070800000000000e+07 2.599604000000000000e+06 5.309351700000000000e+07
4.600000000000000000e+01 5.334721095744824129e-03 2.239917553965048869e-03 1.784274000000000000e+06 2.685389600000000000e+07 2.471880000000000000e+06 5.049385800000000000e+07
4.700000000000000000e+01 5.071321561668143581e-03 2.089415447342295000e-03 1.664387000000000000e+06 2.506959600000000000e+07 2.349832000000000000e+06 4.802193600000000000e+07
4.800000000000000000e+01 4.812628982099699526e-03 1.949045402599079452e-03 1.552571000000000000e+06 2.340518400000000000e+07 2.229965000000000000e+06 4.567206600000000000e+07
4.900000000000000000e+01 4.581668803003900899e-03 1.818894040014139941e-03 1.448895000000000000e+06 2.185258800000000000e+07 2.122948000000000000e+06 4.344206300000000000e+07
5.000000000000000000e+01 4.348438235947228378e-03 1.693616009632938329e-03 1.349101000000000000e+06 2.040367600000000000e+07 2.014879000000000000e+06 4.131907200000000000e+07
5.100000000000000000e+01 4.138351813845314239e-03 1.581622266057495455e-03 1.259889000000000000e+06 1.905456000000000000e+07 1.917534000000000000e+06 3.930415400000000000e+07
5.200000000000000000e+01 3.931278187934824676e-03 1.474262079711314861e-03 1.174368000000000000e+06 1.779465200000000000e+07 1.821585000000000000e+06 3.738658000000000000e+07
5.300000000000000000e+01 3.737308930558957965e-03 1.375931743581900639e-03 1.096040000000000000e+06 1.662027100000000000e+07 1.731708000000000000e+06 3.556495500000000000e+07
5.400000000000000000e+01 3.558580623544010686e-03 1.286203177741000823e-03 1.024564000000000000e+06 1.552422700000000000e+07 1.648893000000000000e+06 3.383321700000000000e+07
5.500000000000000000e+01 3.380592566596154515e-03 1.198385279497753879e-03 9.546100000000000000e+05 1.449964900000000000e+07 1.566421000000000000e+06 3.218429900000000000e+07
5.600000000000000000e+01 3.212737087097252819e-03 1.118247712635874521e-03 8.907740000000000000e+05 1.354502100000000000e+07 1.488644000000000000e+06 3.061784900000000000e+07
5.700000000000000000e+01 3.054947281980017592e-03 1.042760022765918271e-03 8.306420000000000000e+05 1.265422900000000000e+07 1.415531000000000000e+06 2.912916700000000000e+07
5.800000000000000000e+01 2.905764232744876240e-03 9.736056561746478204e-04 7.755550000000000000e+05 1.182357300000000000e+07 1.346406000000000000e+06 2.771361000000000000e+07
5.900000000000000000e+01 2.760854347162329352e-03 9.096033131187045064e-04 7.245720000000000000e+05 1.104800500000000000e+07 1.279261000000000000e+06 2.636717800000000000e+07
6.000000000000000000e+01 2.625597926740416092e-03 8.498968337415843937e-04 6.770110000000000000e+05 1.032342100000000000e+07 1.216589000000000000e+06 2.508788800000000000e+07
6.100000000000000000e+01 2.498700073402592130e-03 7.921286400220044861e-04 6.309940000000000000e+05 9.646401000000000000e+06 1.157790000000000000e+06 2.387126700000000000e+07
6.200000000000000000e+01 2.373839526371863615e-03 7.393480168447870904e-04 5.889500000000000000e+05 9.015395000000000000e+06 1.099935000000000000e+06 2.271345400000000000e+07
6.300000000000000000e+01 2.255418939108479702e-03 6.912034616295490829e-04 5.505990000000000000e+05 8.426439000000000000e+06 1.045064000000000000e+06 2.161349500000000000e+07
6.400000000000000000e+01 2.150255949985442096e-03 6.440757531647045694e-04 5.130580000000000000e+05 7.875835000000000000e+06 9.963360000000000000e+05 2.056840900000000000e+07
6.500000000000000000e+01 2.043429016834046128e-03 6.013493591527980424e-04 4.790230000000000000e+05 7.362768000000000000e+06 9.468370000000000000e+05 1.957206100000000000e+07
6.600000000000000000e+01 1.942470130132853889e-03 5.622082914607976845e-04 4.478440000000000000e+05 6.883734000000000000e+06 9.000570000000000000e+05 1.862519600000000000e+07
6.700000000000000000e+01 1.845426151949745592e-03 5.230571808379292156e-04 4.166570000000000000e+05 6.435883000000000000e+06 8.550910000000000000e+05 1.772511900000000000e+07
6.800000000000000000e+01 1.758096067504176085e-03 4.904615933392029439e-04 3.906920000000000000e+05 6.019219000000000000e+06 8.146260000000000000e+05 1.687001100000000000e+07
6.900000000000000000e+01 1.670025732991515686e-03 4.571554684815595316e-04 3.641610000000000000e+05 5.628519000000000000e+06 7.738180000000000000e+05 1.605537000000000000e+07
7.000000000000000000e+01 1.588367302121207860e-03 4.288067853736743525e-04 3.415790000000000000e+05 5.264353000000000000e+06 7.359810000000000000e+05 1.528153300000000000e+07
7.100000000000000000e+01 1.513446657575848913e-03 3.992692703242796729e-04 3.180500000000000000e+05 4.922772000000000000e+06 7.012660000000000000e+05 1.454553700000000000e+07
7.200000000000000000e+01 1.439471288626367057e-03 3.745109350017346642e-04 2.983280000000000000e+05 4.604718000000000000e+06 6.669890000000000000e+05 1.384425800000000000e+07
7.300000000000000000e+01 1.367347623926342759e-03 3.492303672740492424e-04 2.781900000000000000e+05 4.306385000000000000e+06 6.335700000000000000e+05 1.317725600000000000e+07
7.400000000000000000e+01 1.304469531492840565e-03 3.248624508890010296e-04 2.587790000000000000e+05 4.028193000000000000e+06 6.044350000000000000e+05 1.254367700000000000e+07
7.500000000000000000e+01 1.239286520483090471e-03 3.036040769739834096e-04 2.418450000000000000e+05 3.769410000000000000e+06 5.742320000000000000e+05 1.193923400000000000e+07
7.600000000000000000e+01 1.176335050491917429e-03 2.845413388200007275e-04 2.266600000000000000e+05 3.527565000000000000e+06 5.450630000000000000e+05 1.136499500000000000e+07
7.700000000000000000e+01 1.120708387287060051e-03 2.649300055673489630e-04 2.110380000000000000e+05 3.300900000000000000e+06 5.192880000000000000e+05 1.081992200000000000e+07
7.800000000000000000e+01 1.064770948543832278e-03 2.487144383144681940e-04 1.981210000000000000e+05 3.089859000000000000e+06 4.933690000000000000e+05 1.030062500000000000e+07
7.900000000000000000e+01 1.014026051087544688e-03 2.324674869026247003e-04 1.851790000000000000e+05 2.891734000000000000e+06 4.698560000000000000e+05 9.807240000000000000e+06
8.000000000000000000e+01 9.660565518419824511e-04 2.174545606211970709e-04 1.732200000000000000e+05 2.706550000000000000e+06 4.476290000000000000e+05 9.337370000000000000e+06
8.100000000000000000e+01 9.180676291252722271e-04 2.033404766524629843e-04 1.619770000000000000e+05 2.533328000000000000e+06 4.253930000000000000e+05 8.889734000000000000e+06
8.200000000000000000e+01 8.759186967337740260e-04 1.904516302496351784e-04 1.517100000000000000e+05 2.371349000000000000e+06 4.058630000000000000e+05 8.464336000000000000e+06
8.300000000000000000e+01 8.295289731415952505e-04 1.777787068604712154e-04 1.416150000000000000e+05 2.219639000000000000e+06 3.843680000000000000e+05 8.058467000000000000e+06
8.400000000000000000e+01 7.919143421814610166e-04 1.658000010675635637e-04 1.320730000000000000e+05 2.078023000000000000e+06 3.669390000000000000e+05 7.674096000000000000e+06
8.500000000000000000e+01 7.529098539525031766e-04 1.560232078674834055e-04 1.242850000000000000e+05 1.945949000000000000e+06 3.488660000000000000e+05 7.307151000000000000e+06
8.600000000000000000e+01 7.159513046844845005e-04 1.451178403111022769e-04 1.155980000000000000e+05 1.821662000000000000e+06 3.317410000000000000e+05 6.958281000000000000e+06
8.700000000000000000e+01 6.805897963775363975e-04 1.363265097024529151e-04 1.085950000000000000e+05 1.706063000000000000e+06 3.153560000000000000e+05 6.626536000000000000e+06
8.800000000000000000e+01 6.515042274149034389e-04 1.273732368335556847e-04 1.014630000000000000e+05 1.597467000000000000e+06 3.018790000000000000e+05 6.311172000000000000e+06
8.900000000000000000e+01 6.161168211464245056e-04 1.188191704666648202e-04 9.464900000000000000e+04 1.496002000000000000e+06 2.854820000000000000e+05 6.009286000000000000e+06
9.000000000000000000e+01 5.892088391158459542e-04 1.108990641108217775e-04 8.834000000000000000e+04 1.401352000000000000e+06 2.730140000000000000e+05 5.723799000000000000e+06
9.100000000000000000e+01 5.588758516728092266e-04 1.037635617290478277e-04 8.265600000000000000e+04 1.313012000000000000e+06 2.589590000000000000e+05 5.450777000000000000e+06
9.200000000000000000e+01 5.321232574114159817e-04 9.812068994754292084e-05 7.816100000000000000e+04 1.230355000000000000e+06 2.465630000000000000e+05 5.191814000000000000e+06
9.300000000000000000e+01 5.049778774001377740e-04 9.093748364414556604e-05 7.243900000000000000e+04 1.152192000000000000e+06 2.339850000000000000e+05 4.945248000000000000e+06
9.400000000000000000e+01 4.839703142716767869e-04 8.447987909596730140e-05 6.729500000000000000e+04 1.079753000000000000e+06 2.242510000000000000e+05 4.711260000000000000e+06
9.500000000000000000e+01 4.605477662304617906e-04 7.945213683013256265e-05 6.329000000000000000e+04 1.012457000000000000e+06 2.133980000000000000e+05 4.487003000000000000e+06
9.600000000000000000e+01 4.354137945647481439e-04 7.452356850662014828e-05 5.936400000000000000e+04 9.491640000000000000e+05 2.017520000000000000e+05 4.273601000000000000e+06
9.700000000000000000e+01 4.167564714452140365e-04 6.989001127735771995e-05 5.567300000000000000e+04 8.897990000000000000e+05 1.931070000000000000e+05 4.071846000000000000e+06
9.800000000000000000e+01 3.953496480764854062e-04 6.542843923921123049e-05 5.211900000000000000e+04 8.341260000000000000e+05 1.831880000000000000e+05 3.878734000000000000e+06
9.900000000000000000e+01 3.771584882645070557e-04 6.170251188715192856e-05 4.915100000000000000e+04 7.820050000000000000e+05 1.747590000000000000e+05 3.695544000000000000e+06
1.000000000000000000e+02 3.584774253469029393e-04 5.730872963236501169e-05 4.565100000000000000e+04 7.328540000000000000e+05 1.661030000000000000e+05 3.520783000000000000e+06
1.010000000000000000e+02 3.398654236600478660e-04 5.389915460265036376e-05 4.293500000000000000e+04 6.872020000000000000e+05 1.574790000000000000e+05 3.354679000000000000e+06
1.020000000000000000e+02 3.264265397889849350e-04 5.015439675521340127e-05 3.995200000000000000e+04 6.442670000000000000e+05 1.512520000000000000e+05 3.197197000000000000e+06
1.030000000000000000e+02 3.104108087456000078e-04 4.718671068369446870e-05 3.758800000000000000e+04 6.043150000000000000e+05 1.438310000000000000e+05 3.045942000000000000e+06
1.040000000000000000e+02 2.946691644617501610e-04 4.404955015377660466e-05 3.508900000000000000e+04 5.667260000000000000e+05 1.365370000000000000e+05 2.902106000000000000e+06
1.050000000000000000e+02 2.807036887062261486e-04 4.155262646669912504e-05 3.310000000000000000e+04 5.316370000000000000e+05 1.300660000000000000e+05 2.765563000000000000e+06
1.060000000000000000e+02 2.658058863355906225e-04 3.874437192271103334e-05 3.086300000000000000e+04 4.985370000000000000e+05 1.231630000000000000e+05 2.635493000000000000e+06
1.070000000000000000e+02 2.559452374827101903e-04 3.608927207446122672e-05 2.874800000000000000e+04 4.676740000000000000e+05 1.185940000000000000e+05 2.512328000000000000e+06
1.080000000000000000e+02 2.422538484867212312e-04 3.421626546756348516e-05 2.725600000000000000e+04 4.389240000000000000e+05 1.122500000000000000e+05 2.393733000000000000e+06
1.090000000000000000e+02 2.302501433171609134e-04 3.145571484519879161e-05 2.505700000000000000e+04 4.116680000000000000e+05 1.066880000000000000e+05 2.281478000000000000e+06
1.100000000000000000e+02 2.203182750700705898e-04 2.978105612294572251e-05 2.372300000000000000e+04 3.866100000000000000e+05 1.020860000000000000e+05 2.174790000000000000e+06
1.110000000000000000e+02 2.086145546215762369e-04 2.807626860808839855e-05 2.236500000000000000e+04 3.628870000000000000e+05 9.666300000000000000e+04 2.072702000000000000e+06
1.120000000000000000e+02 1.999020487298978953e-04 2.627356251726725052e-05 2.092900000000000000e+04 3.405200000000000000e+05 9.262600000000000000e+04 1.976038000000000000e+06
1.130000000000000000e+02 1.900349253866347556e-04 2.470309920277055787e-05 1.967800000000000000e+04 3.195910000000000000e+05 8.805400000000000000e+04 1.883411000000000000e+06
1.140000000000000000e+02 1.810245929373513517e-04 2.292047897368558088e-05 1.825800000000000000e+04 2.999130000000000000e+05 8.387900000000000000e+04 1.795356000000000000e+06
1.150000000000000000e+02 1.720077859976852403e-04 2.179190461738459680e-05 1.735900000000000000e+04 2.816550000000000000e+05 7.970100000000000000e+04 1.711474000000000000e+06
1.160000000000000000e+02 1.632736984713978464e-04 2.009339393431982523e-05 1.600600000000000000e+04 2.642960000000000000e+05 7.565400000000000000e+04 1.631772000000000000e+06
1.170000000000000000e+02 1.570473968866834328e-04 1.879283438690289889e-05 1.497000000000000000e+04 2.482890000000000000e+05 7.276900000000000000e+04 1.556112000000000000e+06
1.180000000000000000e+02 1.495715186581043476e-04 1.763789733707319478e-05 1.405000000000000000e+04 2.333190000000000000e+05 6.930500000000000000e+04 1.483342000000000000e+06
1.190000000000000000e+02 1.419661506218708946e-04 1.666247767651049918e-05 1.327300000000000000e+04 2.192690000000000000e+05 6.578100000000000000e+04 1.414035000000000000e+06
1.200000000000000000e+02 1.345096958644399863e-04 1.586029857342225970e-05 1.263400000000000000e+04 2.059960000000000000e+05 6.232600000000000000e+04 1.348253000000000000e+06
1.210000000000000000e+02 1.290668076160345415e-04 1.454844072877873737e-05 1.158900000000000000e+04 1.933620000000000000e+05 5.980400000000000000e+04 1.285927000000000000e+06
1.220000000000000000e+02 1.220290365700193991e-04 1.373496332846390190e-05 1.094100000000000000e+04 1.817730000000000000e+05 5.654300000000000000e+04 1.226123000000000000e+06
1.230000000000000000e+02 1.182241943884417701e-04 1.295161472075331960e-05 1.031700000000000000e+04 1.708310000000000000e+05 5.478000000000000000e+04 1.169579000000000000e+06
1.240000000000000000e+02 1.112749080443237935e-04 1.199125945649275143e-05 9.552000000000000000e+03 1.605140000000000000e+05 5.156000000000000000e+04 1.114799000000000000e+06
1.250000000000000000e+02 1.069434739782850559e-04 1.139747116891726146e-05 9.079000000000000000e+03 1.509620000000000000e+05 4.955300000000000000e+04 1.063239000000000000e+06
1.260000000000000000e+02 1.004409274705746593e-04 1.071580723624603465e-05 8.536000000000000000e+03 1.418830000000000000e+05 4.654000000000000000e+04 1.013684000000000000e+06
1.270000000000000000e+02 9.551599845278671303e-05 9.894797637780136310e-06 7.882000000000000000e+03 1.333470000000000000e+05 4.425800000000000000e+04 9.671430000000000000e+05
1.280000000000000000e+02 9.225932979027924488e-05 9.390140361658897057e-06 7.480000000000000000e+03 1.254650000000000000e+05 4.274900000000000000e+04 9.228850000000000000e+05
1.290000000000000000e+02 8.793868654154503338e-05 8.648218843779162220e-06 6.889000000000000000e+03 1.179850000000000000e+05 4.074700000000000000e+04 8.801350000000000000e+05
1.300000000000000000e+02 8.346913001400829073e-05 8.184988657488770434e-06 6.520000000000000000e+03 1.110960000000000000e+05 3.867600000000000000e+04 8.393880000000000000e+05
1.310000000000000000e+02 7.990168581313033158e-05 7.759419461953694682e-06 6.181000000000000000e+03 1.045760000000000000e+05 3.702300000000000000e+04 8.007110000000000000e+05
1.320000000000000000e+02 7.549039969903805175e-05 7.414193713363294603e-06 5.906000000000000000e+03 9.839500000000000000e+04 3.497900000000000000e+04 7.636880000000000000e+05
1.330000000000000000e+02 7.244307289223849366e-05 6.950963527072902818e-06 5.537000000000000000e+03 9.248900000000000000e+04 3.356700000000000000e+04 7.287090000000000000e+05
1.340000000000000000e+02 6.919287872011376016e-05 6.531671163330379456e-06 5.203000000000000000e+03 8.695200000000000000e+04 3.206100000000000000e+04 6.951410000000000000e+05
1.350000000000000000e+02 6.641963867284928250e-05 6.053376580737861088e-06 4.822000000000000000e+03 8.174900000000000000e+04 3.077600000000000000e+04 6.630800000000000000e+05
1.360000000000000000e+02 6.285651079889314195e-05 5.637850316070869160e-06 4.491000000000000000e+03 7.692700000000000000e+04 2.912500000000000000e+04 6.323020000000000000e+05
1.370000000000000000e+02 6.034009220347651104e-05 5.244920645857068377e-06 4.178000000000000000e+03 7.243600000000000000e+04 2.795900000000000000e+04 6.031770000000000000e+05
1.380000000000000000e+02 5.695825006023649362e-05 4.966229314267726172e-06 3.956000000000000000e+03 6.825800000000000000e+04 2.639200000000000000e+04 5.752180000000000000e+05
1.390000000000000000e+02 5.476771414741669842e-05 4.766626063264549161e-06 3.797000000000000000e+03 6.430200000000000000e+04 2.537700000000000000e+04 5.488250000000000000e+05
1.400000000000000000e+02 5.133839240803674431e-05 4.435209344617765187e-06 3.533000000000000000e+03 6.050500000000000000e+04 2.378800000000000000e+04 5.234480000000000000e+05
1.410000000000000000e+02 4.946510652397016121e-05 4.194179003783739863e-06 3.341000000000000000e+03 5.697200000000000000e+04 2.292000000000000000e+04 4.996600000000000000e+05
1.420000000000000000e+02 4.709544304389515218e-05 4.078685298800769112e-06 3.249000000000000000e+03 5.363100000000000000e+04 2.182200000000000000e+04 4.767400000000000000e+05
1.430000000000000000e+02 4.439989688122330066e-05 3.656882202341225218e-06 2.913000000000000000e+03 5.038200000000000000e+04 2.057300000000000000e+04 4.549170000000000000e+05
1.440000000000000000e+02 4.200433543961742077e-05 3.395765999771031399e-06 2.705000000000000000e+03 4.746900000000000000e+04 1.946300000000000000e+04 4.343440000000000000e+05
1.450000000000000000e+02 4.098784044953059379e-05 3.240100571315723659e-06 2.581000000000000000e+03 4.476400000000000000e+04 1.899200000000000000e+04 4.148810000000000000e+05
1.460000000000000000e+02 3.853185043101934178e-05 3.015389993142335395e-06 2.402000000000000000e+03 4.218300000000000000e+04 1.785400000000000000e+04 3.958890000000000000e+05
1.470000000000000000e+02 3.698444722954959439e-05 2.884831891857238485e-06 2.298000000000000000e+03 3.978100000000000000e+04 1.713700000000000000e+04 3.780330000000000000e+05
1.480000000000000000e+02 3.511979399932663490e-05 2.711591334382782783e-06 2.160000000000000000e+03 3.748300000000000000e+04 1.627300000000000000e+04 3.608960000000000000e+05
1.490000000000000000e+02 3.360044692284866767e-05 2.543372242342369417e-06 2.026000000000000000e+03 3.532300000000000000e+04 1.556900000000000000e+04 3.446230000000000000e+05
1.500000000000000000e+02 3.237029375013213237e-05 2.356322654924298034e-06 1.877000000000000000e+03 3.329700000000000000e+04 1.499900000000000000e+04 3.290530000000000000e+05
1.510000000000000000e+02 3.030924764496670842e-05 2.242084316299838185e-06 1.786000000000000000e+03 3.142000000000000000e+04 1.404400000000000000e+04 3.140530000000000000e+05
1.520000000000000000e+02 2.900571691457936219e-05 2.124079878599846478e-06 1.692000000000000000e+03 2.963400000000000000e+04 1.344000000000000000e+04 3.000090000000000000e+05
1.530000000000000000e+02 2.787699742452541798e-05 2.022395203560492256e-06 1.611000000000000000e+03 2.794200000000000000e+04 1.291700000000000000e+04 2.865680000000000000e+05
1.540000000000000000e+02 2.664900241526978858e-05 1.787641694519019957e-06 1.424000000000000000e+03 2.633100000000000000e+04 1.234800000000000000e+04 2.736510000000000000e+05
1.550000000000000000e+02 2.581595131935999403e-05 1.733660941103066228e-06 1.381000000000000000e+03 2.490700000000000000e+04 1.196200000000000000e+04 2.613020000000000000e+05
1.560000000000000000e+02 2.428149709865568207e-05 1.737427040178597873e-06 1.384000000000000000e+03 2.352600000000000000e+04 1.125100000000000000e+04 2.493400000000000000e+05
1.570000000000000000e+02 2.299307351249468056e-05 1.626954800629669882e-06 1.296000000000000000e+03 2.214200000000000000e+04 1.065400000000000000e+04 2.380890000000000000e+05
1.580000000000000000e+02 2.195715505125970382e-05 1.449948144079682534e-06 1.155000000000000000e+03 2.084600000000000000e+04 1.017400000000000000e+04 2.274350000000000000e+05
1.590000000000000000e+02 2.093418557079016251e-05 1.403499588814792308e-06 1.118000000000000000e+03 1.969100000000000000e+04 9.700000000000000000e+03 2.172610000000000000e+05
1.600000000000000000e+02 1.974072117690903438e-05 1.315623943719053979e-06 1.048000000000000000e+03 1.857300000000000000e+04 9.147000000000000000e+03 2.075610000000000000e+05
1.610000000000000000e+02 1.896594049444370604e-05 1.116020692715876969e-06 8.890000000000000000e+02 1.752500000000000000e+04 8.788000000000000000e+03 1.984140000000000000e+05
1.620000000000000000e+02 1.859042005224602773e-05 1.126063623583961216e-06 8.970000000000000000e+02 1.663500000000000000e+04 8.614000000000000000e+03 1.896260000000000000e+05
1.630000000000000000e+02 1.714876686036068324e-05 1.082125801036092157e-06 8.620000000000000000e+02 1.573800000000000000e+04 7.946000000000000000e+03 1.810120000000000000e+05
1.640000000000000000e+02 1.643441475480073041e-05 1.021868215827585826e-06 8.140000000000000000e+02 1.487600000000000000e+04 7.615000000000000000e+03 1.730660000000000000e+05
1.650000000000000000e+02 1.595961879340136692e-05 9.992716213743959521e-07 7.960000000000000000e+02 1.406200000000000000e+04 7.395000000000000000e+03 1.654510000000000000e+05
1.660000000000000000e+02 1.526037383206775881e-05 8.662027873722778748e-07 6.900000000000000000e+02 1.326600000000000000e+04 7.071000000000000000e+03 1.580560000000000000e+05
1.670000000000000000e+02 1.449206763998514987e-05 8.272864302584509398e-07 6.590000000000000000e+02 1.257600000000000000e+04 6.715000000000000000e+03 1.509850000000000000e+05
1.680000000000000000e+02 1.389857268823594297e-05 8.260310638999403560e-07 6.580000000000000000e+02 1.191700000000000000e+04 6.440000000000000000e+03 1.442700000000000000e+05
1.690000000000000000e+02 1.324680732304226985e-05 7.569859141818602555e-07 6.030000000000000000e+02 1.125900000000000000e+04 6.138000000000000000e+03 1.378300000000000000e+05
1.700000000000000000e+02 1.279790932317378061e-05 7.256017552190965061e-07 5.780000000000000000e+02 1.065600000000000000e+04 5.930000000000000000e+03 1.316910000000000000e+05
1.710000000000000000e+02 1.211377150606651383e-05 7.168141907095227367e-07 5.710000000000000000e+02 1.007800000000000000e+04 5.613000000000000000e+03 1.257610000000000000e+05
1.720000000000000000e+02 1.142315919857652934e-05 6.678549027276113426e-07 5.320000000000000000e+02 9.507000000000000000e+03 5.293000000000000000e+03 1.201480000000000000e+05
1.730000000000000000e+02 1.042824584309876988e-05 6.327046446893160534e-07 5.040000000000000000e+02 8.975000000000000000e+03 4.832000000000000000e+03 1.148550000000000000e+05
1.740000000000000000e+02 1.055126116037042341e-05 5.962990202925101803e-07 4.750000000000000000e+02 8.471000000000000000e+03 4.889000000000000000e+03 1.100230000000000000e+05
1.750000000000000000e+02 1.000308764130024899e-05 5.724470594808097223e-07 4.560000000000000000e+02 7.996000000000000000e+03 4.635000000000000000e+03 1.051340000000000000e+05
1.760000000000000000e+02 9.681521285625223390e-06 5.147002069893245588e-07 4.100000000000000000e+02 7.540000000000000000e+03 4.486000000000000000e+03 1.004990000000000000e+05
1.770000000000000000e+02 9.211041651147671710e-06 5.046572761212402056e-07 4.020000000000000000e+02 7.130000000000000000e+03 4.268000000000000000e+03 9.601300000000000000e+04
1.780000000000000000e+02 8.714664055139245780e-06 4.519318890637971659e-07 3.600000000000000000e+02 6.728000000000000000e+03 4.038000000000000000e+03 9.174500000000000000e+04
1.790000000000000000e+02 8.362883411011534125e-06 4.268245618935862299e-07 3.400000000000000000e+02 6.368000000000000000e+03 3.875000000000000000e+03 8.770700000000000000e+04
1.800000000000000000e+02 7.855714997698576976e-06 4.079940665159280014e-07 3.250000000000000000e+02 6.028000000000000000e+03 3.640000000000000000e+03 8.383200000000000000e+04
1.810000000000000000e+02 7.398184343986461573e-06 3.816313729872064815e-07 3.040000000000000000e+02 5.703000000000000000e+03 3.428000000000000000e+03 8.019200000000000000e+04
1.820000000000000000e+02 7.283801680558433358e-06 3.527579467414638998e-07 2.810000000000000000e+02 5.399000000000000000e+03 3.375000000000000000e+03 7.676400000000000000e+04
1.830000000000000000e+02 7.050720026780563423e-06 3.489918476659322541e-07 2.780000000000000000e+02 5.118000000000000000e+03 3.267000000000000000e+03 7.338900000000000000e+04
1.840000000000000000e+02 6.569449574998480523e-06 3.213737877787002033e-07 2.560000000000000000e+02 4.840000000000000000e+03 3.044000000000000000e+03 7.012200000000000000e+04
1.850000000000000000e+02 6.183138315496270151e-06 3.037986587595525587e-07 2.420000000000000000e+02 4.584000000000000000e+03 2.865000000000000000e+03 6.707800000000000000e+04
1.860000000000000000e+02 5.984587277092899779e-06 2.824574306648732154e-07 2.250000000000000000e+02 4.342000000000000000e+03 2.773000000000000000e+03 6.421300000000000000e+04
1.870000000000000000e+02 5.658704594496063221e-06 2.598608362116833413e-07 2.070000000000000000e+02 4.117000000000000000e+03 2.622000000000000000e+03 6.144000000000000000e+04
1.880000000000000000e+02 5.496842334928097470e-06 2.284766772489196712e-07 1.820000000000000000e+02 3.910000000000000000e+03 2.547000000000000000e+03 5.881800000000000000e+04
1.890000000000000000e+02 5.091107604277731412e-06 2.372642417584935200e-07 1.890000000000000000e+02 3.728000000000000000e+03 2.359000000000000000e+03 5.627100000000000000e+04
1.900000000000000000e+02 5.041469844676888819e-06 2.510732717021095189e-07 2.000000000000000000e+02 3.539000000000000000e+03 2.336000000000000000e+03 5.391200000000000000e+04
1.910000000000000000e+02 4.791122883211769102e-06 2.096461818712614692e-07 1.670000000000000000e+02 3.339000000000000000e+03 2.220000000000000000e+03 5.157600000000000000e+04
1.920000000000000000e+02 4.618469806339272979e-06 2.109015482297720002e-07 1.680000000000000000e+02 3.172000000000000000e+03 2.140000000000000000e+03 4.935600000000000000e+04
1.930000000000000000e+02 4.247265691063406485e-06 1.883049537765821524e-07 1.500000000000000000e+02 3.004000000000000000e+03 1.968000000000000000e+03 4.721600000000000000e+04
1.940000000000000000e+02 4.184678950697126767e-06 1.958371519276454438e-07 1.560000000000000000e+02 2.854000000000000000e+03 1.939000000000000000e+03 4.524800000000000000e+04
1.950000000000000000e+02 4.027133018050973674e-06 1.719851911159450387e-07 1.370000000000000000e+02 2.698000000000000000e+03 1.866000000000000000e+03 4.330900000000000000e+04
1.960000000000000000e+02 3.750888095054979708e-06 1.933264192106243291e-07 1.540000000000000000e+02 2.561000000000000000e+03 1.738000000000000000e+03 4.144300000000000000e+04
1.970000000000000000e+02 3.822107489264884740e-06 1.481332303042446336e-07 1.180000000000000000e+02 2.407000000000000000e+03 1.771000000000000000e+03 3.970500000000000000e+04
1.980000000000000000e+02 3.437954393223580697e-06 1.694744583989239240e-07 1.350000000000000000e+02 2.289000000000000000e+03 1.593000000000000000e+03 3.793400000000000000e+04
1.990000000000000000e+02 3.409898268231799696e-06 1.242812694925442286e-07 9.900000000000000000e+01 2.154000000000000000e+03 1.580000000000000000e+03 3.634100000000000000e+04
2.000000000000000000e+02 3.241561518281116231e-06 1.569207948138184560e-07 1.250000000000000000e+02 2.055000000000000000e+03 1.502000000000000000e+03 3.476100000000000000e+04
2.010000000000000000e+02 3.133653345235806154e-06 1.242812694925442286e-07 9.900000000000000000e+01 1.930000000000000000e+03 1.452000000000000000e+03 3.325900000000000000e+04
2.020000000000000000e+02 3.017112518346871186e-06 1.129829722659492915e-07 9.000000000000000000e+01 1.831000000000000000e+03 1.398000000000000000e+03 3.180700000000000000e+04
2.030000000000000000e+02 2.760291066499032907e-06 1.067061404733965575e-07 8.500000000000000000e+01 1.741000000000000000e+03 1.279000000000000000e+03 3.040900000000000000e+04
2.040000000000000000e+02 2.676122691523691174e-06 9.917394232233326607e-08 7.900000000000000000e+01 1.656000000000000000e+03 1.240000000000000000e+03 2.913000000000000000e+04
2.050000000000000000e+02 2.559581864634756207e-06 1.067061404733965575e-07 8.500000000000000000e+01 1.577000000000000000e+03 1.186000000000000000e+03 2.789000000000000000e+04
2.060000000000000000e+02 2.540158393486600096e-06 9.038637781275943053e-08 7.200000000000000000e+01 1.492000000000000000e+03 1.177000000000000000e+03 2.670400000000000000e+04
2.070000000000000000e+02 2.410668585832228004e-06 8.410954602020669652e-08 6.700000000000000000e+01 1.420000000000000000e+03 1.117000000000000000e+03 2.552700000000000000e+04
2.080000000000000000e+02 2.149530807062577491e-06 9.164174417126997468e-08 7.300000000000000000e+01 1.353000000000000000e+03 9.960000000000000000e+02 2.441000000000000000e+04
2.090000000000000000e+02 2.188377749358889288e-06 1.054507741148860001e-07 8.400000000000000000e+01 1.280000000000000000e+03 1.014000000000000000e+03 2.341400000000000000e+04
2.100000000000000000e+02 2.106367537844453461e-06 7.281124879361175944e-08 5.800000000000000000e+01 1.196000000000000000e+03 9.760000000000000000e+02 2.240000000000000000e+04
2.110000000000000000e+02 1.897025682136551869e-06 6.778978335956956959e-08 5.400000000000000000e+01 1.138000000000000000e+03 8.790000000000000000e+02 2.142400000000000000e+04
2.120000000000000000e+02 1.907816499441083089e-06 6.402368428403793713e-08 5.100000000000000000e+01 1.084000000000000000e+03 8.840000000000000000e+02 2.054500000000000000e+04
2.130000000000000000e+02 1.834438941770272152e-06 6.151295156701683558e-08 4.900000000000000000e+01 1.033000000000000000e+03 8.500000000000000000e+02 1.966100000000000000e+04
2.140000000000000000e+02 1.674734845663213154e-06 5.649148613297464573e-08 4.500000000000000000e+01 9.840000000000000000e+02 7.760000000000000000e+02 1.881100000000000000e+04
2.150000000000000000e+02 1.638046066827807685e-06 5.900221884999574066e-08 4.700000000000000000e+01 9.390000000000000000e+02 7.590000000000000000e+02 1.803500000000000000e+04
2.160000000000000000e+02 1.478341970720748687e-06 5.021465434042190511e-08 4.000000000000000000e+01 8.920000000000000000e+02 6.850000000000000000e+02 1.727600000000000000e+04
2.170000000000000000e+02 1.437336864963530773e-06 3.891635711382697464e-08 3.100000000000000000e+01 8.520000000000000000e+02 6.660000000000000000e+02 1.659100000000000000e+04
2.180000000000000000e+02 1.407122576510844079e-06 4.519318890637971526e-08 3.600000000000000000e+01 8.210000000000000000e+02 6.520000000000000000e+02 1.592500000000000000e+04
2.190000000000000000e+02 1.376908288058157172e-06 4.017172347233752541e-08 3.200000000000000000e+01 7.850000000000000000e+02 6.380000000000000000e+02 1.527300000000000000e+04
2.200000000000000000e+02 1.329428691918220696e-06 4.895928798191136096e-08 3.900000000000000000e+01 7.530000000000000000e+02 6.160000000000000000e+02 1.463500000000000000e+04
2.210000000000000000e+02 1.286265422700096666e-06 3.640562439680587972e-08 2.900000000000000000e+01 7.140000000000000000e+02 5.960000000000000000e+02 1.401900000000000000e+04
2.220000000000000000e+02 1.178357249654786589e-06 4.519318890637971526e-08 3.600000000000000000e+01 6.850000000000000000e+02 5.460000000000000000e+02 1.342300000000000000e+04
2.230000000000000000e+02 1.113612345827600543e-06 3.515025803829533556e-08 2.800000000000000000e+01 6.490000000000000000e+02 5.160000000000000000e+02 1.287700000000000000e+04
2.240000000000000000e+02 1.079081730453101191e-06 4.142708983084807619e-08 3.300000000000000000e+01 6.210000000000000000e+02 5.000000000000000000e+02 1.236000000000000000e+04
2.250000000000000000e+02 1.016494990086821262e-06 3.891635711382697464e-08 3.100000000000000000e+01 5.880000000000000000e+02 4.710000000000000000e+02 1.186000000000000000e+04
2.260000000000000000e+02 9.733317208686972312e-07 3.389489167978478479e-08 2.700000000000000000e+01 5.570000000000000000e+02 4.510000000000000000e+02 1.138900000000000000e+04
2.270000000000000000e+02 9.301684516505733064e-07 2.510732717021095256e-08 2.000000000000000000e+01 5.300000000000000000e+02 4.310000000000000000e+02 1.093800000000000000e+04
2.280000000000000000e+02 8.373674228316065768e-07 2.134122809467931017e-08 1.700000000000000000e+01 5.100000000000000000e+02 3.880000000000000000e+02 1.050700000000000000e+04
2.290000000000000000e+02 9.323266151114794232e-07 2.510732717021095256e-08 2.000000000000000000e+01 4.930000000000000000e+02 4.320000000000000000e+02 1.011900000000000000e+04
2.300000000000000000e+02 8.373674228316065768e-07 2.134122809467931017e-08 1.700000000000000000e+01 4.730000000000000000e+02 3.880000000000000000e+02 9.687000000000000000e+03
2.310000000000000000e+02 7.747806824653266476e-07 2.510732717021095256e-08 2.000000000000000000e+01 4.560000000000000000e+02 3.590000000000000000e+02 9.299000000000000000e+03
2.320000000000000000e+02 8.114694613007321161e-07 2.761805988723204748e-08 2.200000000000000000e+01 4.360000000000000000e+02 3.760000000000000000e+02 8.940000000000000000e+03
2.330000000000000000e+02 7.790970093871390930e-07 2.636269352872150002e-08 2.100000000000000000e+01 4.140000000000000000e+02 3.610000000000000000e+02 8.564000000000000000e+03
2.340000000000000000e+02 7.100357786381406015e-07 2.887342624574259494e-08 2.300000000000000000e+01 3.930000000000000000e+02 3.290000000000000000e+02 8.203000000000000000e+03
2.350000000000000000e+02 6.755051632636413558e-07 1.883049537765821524e-08 1.500000000000000000e+01 3.700000000000000000e+02 3.130000000000000000e+02 7.874000000000000000e+03
2.360000000000000000e+02 6.776633267245475785e-07 2.259659445318985763e-08 1.800000000000000000e+01 3.550000000000000000e+02 3.140000000000000000e+02 7.561000000000000000e+03
2.370000000000000000e+02 5.827041344446746263e-07 1.631976266063712032e-08 1.300000000000000000e+01 3.370000000000000000e+02 2.700000000000000000e+02 7.247000000000000000e+03
2.380000000000000000e+02 6.755051632636413558e-07 1.380902994361602374e-08 1.100000000000000000e+01 3.240000000000000000e+02 3.130000000000000000e+02 6.977000000000000000e+03
2.390000000000000000e+02 5.675969902183312790e-07 2.259659445318985763e-08 1.800000000000000000e+01 3.130000000000000000e+02 2.630000000000000000e+02 6.664000000000000000e+03
2.400000000000000000e+02 5.524898459919878259e-07 1.506439630212657286e-08 1.200000000000000000e+01 2.950000000000000000e+02 2.560000000000000000e+02 6.401000000000000000e+03
2.410000000000000000e+02 5.352245383047382560e-07 2.636269352872150002e-08 2.100000000000000000e+01 2.830000000000000000e+02 2.480000000000000000e+02 6.145000000000000000e+03
2.420000000000000000e+02 4.985357594693327876e-07 1.883049537765821524e-08 1.500000000000000000e+01 2.620000000000000000e+02 2.310000000000000000e+02 5.897000000000000000e+03
2.430000000000000000e+02 4.186837114158032884e-07 1.757512901914766778e-08 1.400000000000000000e+01 2.470000000000000000e+02 1.940000000000000000e+02 5.666000000000000000e+03
2.440000000000000000e+02 4.812704517820831118e-07 1.380902994361602374e-08 1.100000000000000000e+01 2.330000000000000000e+02 2.230000000000000000e+02 5.472000000000000000e+03
2.450000000000000000e+02 4.769541248602707722e-07 1.004293086808438135e-08 8.000000000000000000e+00 2.220000000000000000e+02 2.210000000000000000e+02 5.249000000000000000e+03
2.460000000000000000e+02 3.884694229631164352e-07 1.129829722659492882e-08 9.000000000000000000e+00 2.140000000000000000e+02 1.800000000000000000e+02 5.028000000000000000e+03
2.470000000000000000e+02 4.510561633293963114e-07 1.506439630212657286e-08 1.200000000000000000e+01 2.050000000000000000e+02 2.090000000000000000e+02 4.848000000000000000e+03
2.480000000000000000e+02 4.208418748767094582e-07 7.532198151063286429e-09 6.000000000000000000e+00 1.930000000000000000e+02 1.950000000000000000e+02 4.639000000000000000e+03
2.490000000000000000e+02 3.647296248931481971e-07 1.129829722659492882e-08 9.000000000000000000e+00 1.870000000000000000e+02 1.690000000000000000e+02 4.444000000000000000e+03
2.500000000000000000e+02 4.035765671894598353e-07 1.004293086808438135e-08 8.000000000000000000e+00 1.780000000000000000e+02 1.870000000000000000e+02 4.275000000000000000e+03
2.510000000000000000e+02 3.539388075886171894e-07 1.255366358510547628e-08 1.000000000000000000e+01 1.700000000000000000e+02 1.640000000000000000e+02 4.088000000000000000e+03
2.520000000000000000e+02 3.301990095186489514e-07 1.129829722659492882e-08 9.000000000000000000e+00 1.600000000000000000e+02 1.530000000000000000e+02 3.924000000000000000e+03
2.530000000000000000e+02 3.043010479877745435e-07 5.021465434042190677e-09 4.000000000000000000e+00 1.510000000000000000e+02 1.410000000000000000e+02 3.771000000000000000e+03
2.540000000000000000e+02 3.107755383704931587e-07 7.532198151063286429e-09 6.000000000000000000e+00 1.470000000000000000e+02 1.440000000000000000e+02 3.630000000000000000e+03
2.550000000000000000e+02 3.021428845268683208e-07 6.276831792552738139e-09 5.000000000000000000e+00 1.410000000000000000e+02 1.400000000000000000e+02 3.486000000000000000e+03
2.560000000000000000e+02 2.935102306832435358e-07 3.766099075531643214e-09 3.000000000000000000e+00 1.360000000000000000e+02 1.360000000000000000e+02 3.346000000000000000e+03
2.570000000000000000e+02 2.632959422305566826e-07 6.276831792552738139e-09 5.000000000000000000e+00 1.330000000000000000e+02 1.220000000000000000e+02 3.210000000000000000e+03
2.580000000000000000e+02 2.503469614651195051e-07 8.787564509573833891e-09 7.000000000000000000e+00 1.280000000000000000e+02 1.160000000000000000e+02 3.088000000000000000e+03
2.590000000000000000e+02 2.546632883869318976e-07 8.787564509573833891e-09 7.000000000000000000e+00 1.210000000000000000e+02 1.180000000000000000e+02 2.972000000000000000e+03
2.600000000000000000e+02 2.632959422305566826e-07 3.766099075531643214e-09 3.000000000000000000e+00 1.140000000000000000e+02 1.220000000000000000e+02 2.854000000000000000e+03
2.610000000000000000e+02 2.287653268560574633e-07 3.766099075531643214e-09 3.000000000000000000e+00 1.110000000000000000e+02 1.060000000000000000e+02 2.732000000000000000e+03
2.620000000000000000e+02 2.201326730124326519e-07 6.276831792552738139e-09 5.000000000000000000e+00 1.080000000000000000e+02 1.020000000000000000e+02 2.626000000000000000e+03
2.630000000000000000e+02 2.266071633951512671e-07 5.021465434042190677e-09 4.000000000000000000e+00 1.030000000000000000e+02 1.050000000000000000e+02 2.524000000000000000e+03
2.640000000000000000e+02 2.330816537778698558e-07 7.532198151063286429e-09 6.000000000000000000e+00 9.900000000000000000e+01 1.080000000000000000e+02 2.419000000000000000e+03
2.650000000000000000e+02 1.963928749424644138e-07 2.510732717021095338e-09 2.000000000000000000e+00 9.300000000000000000e+01 9.100000000000000000e+01 2.311000000000000000e+03
2.660000000000000000e+02 1.834438941770272099e-07 1.255366358510547669e-09 1.000000000000000000e+00 9.100000000000000000e+01 8.500000000000000000e+01 2.220000000000000000e+03
2.670000000000000000e+02 2.028673653251830290e-07 7.532198151063286429e-09 6.000000000000000000e+00 9.000000000000000000e+01 9.400000000000000000e+01 2.135000000000000000e+03
2.680000000000000000e+02 1.748112403334023985e-07 3.766099075531643214e-09 3.000000000000000000e+00 8.400000000000000000e+01 8.100000000000000000e+01 2.041000000000000000e+03
2.690000000000000000e+02 1.985510384033706365e-07 7.532198151063286429e-09 6.000000000000000000e+00 8.100000000000000000e+01 9.200000000000000000e+01 1.960000000000000000e+03
2.700000000000000000e+02 1.316479711152783413e-07 3.766099075531643214e-09 3.000000000000000000e+00 7.500000000000000000e+01 6.100000000000000000e+01 1.868000000000000000e+03
2.710000000000000000e+02 1.467551153416217679e-07 2.510732717021095338e-09 2.000000000000000000e+00 7.200000000000000000e+01 6.800000000000000000e+01 1.807000000000000000e+03
2.720000000000000000e+02 1.445969518807155717e-07 2.510732717021095338e-09 2.000000000000000000e+00 7.000000000000000000e+01 6.700000000000000000e+01 1.739000000000000000e+03
2.730000000000000000e+02 1.402806249589031527e-07 2.510732717021095338e-09 2.000000000000000000e+00 6.800000000000000000e+01 6.500000000000000000e+01 1.672000000000000000e+03
2.740000000000000000e+02 1.251734807325597526e-07 3.766099075531643214e-09 3.000000000000000000e+00 6.600000000000000000e+01 5.800000000000000000e+01 1.607000000000000000e+03
2.750000000000000000e+02 1.014336826625915145e-07 3.766099075531643214e-09 3.000000000000000000e+00 6.300000000000000000e+01 4.700000000000000000e+01 1.549000000000000000e+03
2.760000000000000000e+02 1.186989903498411374e-07 5.021465434042190677e-09 4.000000000000000000e+00 6.000000000000000000e+01 5.500000000000000000e+01 1.502000000000000000e+03
2.770000000000000000e+02 1.057500095844039202e-07 0.000000000000000000e+00 0.000000000000000000e+00 5.600000000000000000e+01 4.900000000000000000e+01 1.447000000000000000e+03
2.780000000000000000e+02 8.632653843624810111e-08 2.510732717021095338e-09 2.000000000000000000e+00 5.600000000000000000e+01 4.000000000000000000e+01 1.398000000000000000e+03
2.790000000000000000e+02 1.402806249589031527e-07 5.021465434042190677e-09 4.000000000000000000e+00 5.400000000000000000e+01 6.500000000000000000e+01 1.358000000000000000e+03
2.800000000000000000e+02 1.186989903498411374e-07 1.255366358510547669e-09 1.000000000000000000e+00 5.000000000000000000e+01 5.500000000000000000e+01 1.293000000000000000e+03
2.810000000000000000e+02 7.769388459262328968e-08 2.510732717021095338e-09 2.000000000000000000e+00 4.900000000000000000e+01 3.600000000000000000e+01 1.238000000000000000e+03
2.820000000000000000e+02 8.632653843624810111e-08 2.510732717021095338e-09 2.000000000000000000e+00 4.700000000000000000e+01 4.000000000000000000e+01 1.202000000000000000e+03
2.830000000000000000e+02 7.985204805352948592e-08 1.255366358510547669e-09 1.000000000000000000e+00 4.500000000000000000e+01 3.700000000000000000e+01 1.162000000000000000e+03
2.840000000000000000e+02 1.057500095844039202e-07 3.766099075531643214e-09 3.000000000000000000e+00 4.400000000000000000e+01 4.900000000000000000e+01 1.125000000000000000e+03
2.850000000000000000e+02 1.014336826625915145e-07 0.000000000000000000e+00 0.000000000000000000e+00 4.100000000000000000e+01 4.700000000000000000e+01 1.076000000000000000e+03
2.860000000000000000e+02 9.711735574077910879e-08 3.766099075531643214e-09 3.000000000000000000e+00 4.100000000000000000e+01 4.500000000000000000e+01 1.029000000000000000e+03
2.870000000000000000e+02 6.258674036627987629e-08 2.510732717021095338e-09 2.000000000000000000e+00 3.800000000000000000e+01 2.900000000000000000e+01 9.840000000000000000e+02
2.880000000000000000e+02 8.416837497534189164e-08 2.510732717021095338e-09 2.000000000000000000e+00 3.600000000000000000e+01 3.900000000000000000e+01 9.550000000000000000e+02
2.890000000000000000e+02 8.201021151443569540e-08 1.255366358510547669e-09 1.000000000000000000e+00 3.400000000000000000e+01 3.800000000000000000e+01 9.160000000000000000e+02
2.900000000000000000e+02 8.848470189715429735e-08 2.510732717021095338e-09 2.000000000000000000e+00 3.300000000000000000e+01 4.100000000000000000e+01 8.780000000000000000e+02
2.910000000000000000e+02 6.258674036627987629e-08 1.255366358510547669e-09 1.000000000000000000e+00 3.100000000000000000e+01 2.900000000000000000e+01 8.370000000000000000e+02
2.920000000000000000e+02 4.963775960084265913e-08 0.000000000000000000e+00 0.000000000000000000e+00 3.000000000000000000e+01 2.300000000000000000e+01 8.080000000000000000e+02
2.930000000000000000e+02 5.827041344446746395e-08 2.510732717021095338e-09 2.000000000000000000e+00 3.000000000000000000e+01 2.700000000000000000e+01 7.850000000000000000e+02
2.940000000000000000e+02 6.258674036627987629e-08 3.766099075531643214e-09 3.000000000000000000e+00 2.800000000000000000e+01 2.900000000000000000e+01 7.580000000000000000e+02
2.950000000000000000e+02 6.474490382718607253e-08 0.000000000000000000e+00 0.000000000000000000e+00 2.500000000000000000e+01 3.000000000000000000e+01 7.290000000000000000e+02
2.960000000000000000e+02 6.690306728809228200e-08 1.255366358510547669e-09 1.000000000000000000e+00 2.500000000000000000e+01 3.100000000000000000e+01 6.990000000000000000e+02
2.970000000000000000e+02 4.532143267903025342e-08 1.255366358510547669e-09 1.000000000000000000e+00 2.400000000000000000e+01 2.100000000000000000e+01 6.680000000000000000e+02
2.980000000000000000e+02 6.690306728809228200e-08 1.255366358510547669e-09 1.000000000000000000e+00 2.300000000000000000e+01 3.100000000000000000e+01 6.470000000000000000e+02
2.990000000000000000e+02 5.611224998356126109e-08 0.000000000000000000e+00 0.000000000000000000e+00 2.200000000000000000e+01 2.600000000000000000e+01 6.160000000000000000e+02
3.000000000000000000e+02 4.316326921812405056e-08 1.255366358510547669e-09 1.000000000000000000e+00 2.200000000000000000e+01 2.000000000000000000e+01 5.900000000000000000e+02
3.010000000000000000e+02 4.963775960084265913e-08 3.766099075531643214e-09 3.000000000000000000e+00 2.100000000000000000e+01 2.300000000000000000e+01 5.700000000000000000e+02
3.020000000000000000e+02 3.453061537449923912e-08 1.255366358510547669e-09 1.000000000000000000e+00 1.800000000000000000e+01 1.600000000000000000e+01 5.470000000000000000e+02
3.030000000000000000e+02 4.316326921812405056e-08 1.255366358510547669e-09 1.000000000000000000e+00 1.700000000000000000e+01 2.000000000000000000e+01 5.310000000000000000e+02
3.040000000000000000e+02 2.805612499178063055e-08 1.255366358510547669e-09 1.000000000000000000e+00 1.600000000000000000e+01 1.300000000000000000e+01 5.110000000000000000e+02
3.050000000000000000e+02 2.589796153087442769e-08 2.510732717021095338e-09 2.000000000000000000e+00 1.500000000000000000e+01 1.200000000000000000e+01 4.980000000000000000e+02
3.060000000000000000e+02 3.453061537449923912e-08 0.000000000000000000e+00 0.000000000000000000e+00 1.300000000000000000e+01 1.600000000000000000e+01 4.860000000000000000e+02
3.070000000000000000e+02 2.373979806996822814e-08 0.000000000000000000e+00 0.000000000000000000e+00 1.300000000000000000e+01 1.100000000000000000e+01 4.700000000000000000e+02
3.080000000000000000e+02 3.237245191359303626e-08 0.000000000000000000e+00 0.000000000000000000e+00 1.300000000000000000e+01 1.500000000000000000e+01 4.590000000000000000e+02
3.090000000000000000e+02 2.158163460906202528e-08 1.255366358510547669e-09 1.000000000000000000e+00 1.300000000000000000e+01 1.000000000000000000e+01 4.440000000000000000e+02
3.100000000000000000e+02 3.668877883540544198e-08 1.255366358510547669e-09 1.000000000000000000e+00 1.200000000000000000e+01 1.700000000000000000e+01 4.340000000000000000e+02
3.110000000000000000e+02 2.805612499178063055e-08 0.000000000000000000e+00 0.000000000000000000e+00 1.100000000000000000e+01 1.300000000000000000e+01 4.170000000000000000e+02
3.120000000000000000e+02 3.453061537449923912e-08 0.000000000000000000e+00 0.000000000000000000e+00 1.100000000000000000e+01 1.600000000000000000e+01 4.040000000000000000e+02
3.130000000000000000e+02 2.805612499178063055e-08 0.000000000000000000e+00 0.000000000000000000e+00 1.100000000000000000e+01 1.300000000000000000e+01 3.880000000000000000e+02
3.140000000000000000e+02 2.589796153087442769e-08 1.255366358510547669e-09 1.000000000000000000e+00 1.100000000000000000e+01 1.200000000000000000e+01 3.750000000000000000e+02
3.150000000000000000e+02 2.589796153087442769e-08 0.000000000000000000e+00 0.000000000000000000e+00 1.000000000000000000e+01 1.200000000000000000e+01 3.630000000000000000e+02
3.160000000000000000e+02 2.158163460906202528e-08 0.000000000000000000e+00 0.000000000000000000e+00 1.000000000000000000e+01 1.000000000000000000e+01 3.510000000000000000e+02
3.170000000000000000e+02 1.726530768724961956e-08 1.255366358510547669e-09 1.000000000000000000e+00 1.000000000000000000e+01 8.000000000000000000e+00 3.410000000000000000e+02
3.180000000000000000e+02 2.589796153087442769e-08 2.510732717021095338e-09 2.000000000000000000e+00 9.000000000000000000e+00 1.200000000000000000e+01 3.330000000000000000e+02
3.190000000000000000e+02 3.021428845268683340e-08 0.000000000000000000e+00 0.000000000000000000e+00 7.000000000000000000e+00 1.400000000000000000e+01 3.210000000000000000e+02
3.200000000000000000e+02 1.510714422634341670e-08 1.255366358510547669e-09 1.000000000000000000e+00 7.000000000000000000e+00 7.000000000000000000e+00 3.070000000000000000e+02
3.210000000000000000e+02 2.373979806996822814e-08 0.000000000000000000e+00 0.000000000000000000e+00 6.000000000000000000e+00 1.100000000000000000e+01 3.000000000000000000e+02
3.220000000000000000e+02 2.589796153087442769e-08 0.000000000000000000e+00 0.000000000000000000e+00 6.000000000000000000e+00 1.200000000000000000e+01 2.890000000000000000e+02
3.230000000000000000e+02 1.294898076543721384e-08 0.000000000000000000e+00 0.000000000000000000e+00 6.000000000000000000e+00 6.000000000000000000e+00 2.770000000000000000e+02
3.240000000000000000e+02 1.942347114815582242e-08 0.000000000000000000e+00 0.000000000000000000e+00 6.000000000000000000e+00 9.000000000000000000e+00 2.710000000000000000e+02
3.250000000000000000e+02 1.942347114815582242e-08 1.255366358510547669e-09 1.000000000000000000e+00 6.000000000000000000e+00 9.000000000000000000e+00 2.620000000000000000e+02
3.260000000000000000e+02 1.942347114815582242e-08 0.000000000000000000e+00 0.000000000000000000e+00 5.000000000000000000e+00 9.000000000000000000e+00 2.530000000000000000e+02
3.270000000000000000e+02 1.294898076543721384e-08 0.000000000000000000e+00 0.000000000000000000e+00 5.000000000000000000e+00 6.000000000000000000e+00 2.440000000000000000e+02
3.280000000000000000e+02 2.158163460906202528e-08 0.000000000000000000e+00 0.000000000000000000e+00 5.000000000000000000e+00 1.000000000000000000e+01 2.380000000000000000e+02
3.290000000000000000e+02 1.942347114815582242e-08 0.000000000000000000e+00 0.000000000000000000e+00 5.000000000000000000e+00 9.000000000000000000e+00 2.280000000000000000e+02
3.300000000000000000e+02 1.942347114815582242e-08 0.000000000000000000e+00 0.000000000000000000e+00 5.000000000000000000e+00 9.000000000000000000e+00 2.190000000000000000e+02
3.310000000000000000e+02 1.510714422634341670e-08 0.000000000000000000e+00 0.000000000000000000e+00 5.000000000000000000e+00 7.000000000000000000e+00 2.100000000000000000e+02
3.320000000000000000e+02 1.726530768724961956e-08 0.000000000000000000e+00 0.000000000000000000e+00 5.000000000000000000e+00 8.000000000000000000e+00 2.030000000000000000e+02
3.330000000000000000e+02 1.079081730453101264e-08 0.000000000000000000e+00 0.000000000000000000e+00 5.000000000000000000e+00 5.000000000000000000e+00 1.950000000000000000e+02
3.340000000000000000e+02 1.942347114815582242e-08 0.000000000000000000e+00 0.000000000000000000e+00 5.000000000000000000e+00 9.000000000000000000e+00 1.900000000000000000e+02
3.350000000000000000e+02 1.726530768724961956e-08 1.255366358510547669e-09 1.000000000000000000e+00 5.000000000000000000e+00 8.000000000000000000e+00 1.810000000000000000e+02
3.360000000000000000e+02 1.294898076543721384e-08 0.000000000000000000e+00 0.000000000000000000e+00 4.000000000000000000e+00 6.000000000000000000e+00 1.730000000000000000e+02
3.370000000000000000e+02 1.294898076543721384e-08 1.255366358510547669e-09 1.000000000000000000e+00 4.000000000000000000e+00 6.000000000000000000e+00 1.670000000000000000e+02
3.380000000000000000e+02 6.474490382718606922e-09 0.000000000000000000e+00 0.000000000000000000e+00 3.000000000000000000e+00 3.000000000000000000e+00 1.610000000000000000e+02
3.390000000000000000e+02 1.510714422634341670e-08 0.000000000000000000e+00 0.000000000000000000e+00 3.000000000000000000e+00 7.000000000000000000e+00 1.580000000000000000e+02
3.400000000000000000e+02 6.474490382718606922e-09 0.000000000000000000e+00 0.000000000000000000e+00 3.000000000000000000e+00 3.000000000000000000e+00 1.510000000000000000e+02
3.410000000000000000e+02 1.294898076543721384e-08 0.000000000000000000e+00 0.000000000000000000e+00 3.000000000000000000e+00 6.000000000000000000e+00 1.480000000000000000e+02
3.420000000000000000e+02 8.632653843624809780e-09 0.000000000000000000e+00 0.000000000000000000e+00 3.000000000000000000e+00 4.000000000000000000e+00 1.420000000000000000e+02
3.430000000000000000e+02 6.474490382718606922e-09 1.255366358510547669e-09 1.000000000000000000e+00 3.000000000000000000e+00 3.000000000000000000e+00 1.380000000000000000e+02
3.440000000000000000e+02 8.632653843624809780e-09 0.000000000000000000e+00 0.000000000000000000e+00 2.000000000000000000e+00 4.000000000000000000e+00 1.350000000000000000e+02
3.450000000000000000e+02 1.079081730453101264e-08 0.000000000000000000e+00 0.000000000000000000e+00 2.000000000000000000e+00 5.000000000000000000e+00 1.310000000000000000e+02
3.460000000000000000e+02 6.474490382718606922e-09 0.000000000000000000e+00 0.000000000000000000e+00 2.000000000000000000e+00 3.000000000000000000e+00 1.260000000000000000e+02
3.470000000000000000e+02 4.316326921812404890e-09 0.000000000000000000e+00 0.000000000000000000e+00 2.000000000000000000e+00 2.000000000000000000e+00 1.230000000000000000e+02
3.480000000000000000e+02 6.474490382718606922e-09 0.000000000000000000e+00 0.000000000000000000e+00 2.000000000000000000e+00 3.000000000000000000e+00 1.210000000000000000e+02
3.490000000000000000e+02 8.632653843624809780e-09 0.000000000000000000e+00 0.000000000000000000e+00 2.000000000000000000e+00 4.000000000000000000e+00 1.180000000000000000e+02
3.500000000000000000e+02 2.589796153087442769e-08 0.000000000000000000e+00 0.000000000000000000e+00 2.000000000000000000e+00 1.200000000000000000e+01 1.140000000000000000e+02
3.510000000000000000e+02 8.632653843624809780e-09 0.000000000000000000e+00 0.000000000000000000e+00 2.000000000000000000e+00 4.000000000000000000e+00 1.020000000000000000e+02
3.520000000000000000e+02 4.316326921812404890e-09 0.000000000000000000e+00 0.000000000000000000e+00 2.000000000000000000e+00 2.000000000000000000e+00 9.800000000000000000e+01
3.530000000000000000e+02 6.474490382718606922e-09 1.255366358510547669e-09 1.000000000000000000e+00 2.000000000000000000e+00 3.000000000000000000e+00 9.600000000000000000e+01
3.540000000000000000e+02 6.474490382718606922e-09 0.000000000000000000e+00 0.000000000000000000e+00 1.000000000000000000e+00 3.000000000000000000e+00 9.300000000000000000e+01
3.550000000000000000e+02 4.316326921812404890e-09 0.000000000000000000e+00 0.000000000000000000e+00 1.000000000000000000e+00 2.000000000000000000e+00 9.000000000000000000e+01
3.560000000000000000e+02 6.474490382718606922e-09 0.000000000000000000e+00 0.000000000000000000e+00 1.000000000000000000e+00 3.000000000000000000e+00 8.800000000000000000e+01
3.570000000000000000e+02 8.632653843624809780e-09 0.000000000000000000e+00 0.000000000000000000e+00 1.000000000000000000e+00 4.000000000000000000e+00 8.500000000000000000e+01
3.580000000000000000e+02 2.158163460906202445e-09 0.000000000000000000e+00 0.000000000000000000e+00 1.000000000000000000e+00 1.000000000000000000e+00 8.100000000000000000e+01
3.590000000000000000e+02 6.474490382718606922e-09 0.000000000000000000e+00 0.000000000000000000e+00 1.000000000000000000e+00 3.000000000000000000e+00 8.000000000000000000e+01
3.600000000000000000e+02 2.158163460906202445e-09 0.000000000000000000e+00 0.000000000000000000e+00 1.000000000000000000e+00 1.000000000000000000e+00 7.700000000000000000e+01
3.610000000000000000e+02 4.316326921812404890e-09 0.000000000000000000e+00 0.000000000000000000e+00 1.000000000000000000e+00 2.000000000000000000e+00 7.600000000000000000e+01
3.620000000000000000e+02 6.474490382718606922e-09 0.000000000000000000e+00 0.000000000000000000e+00 1.000000000000000000e+00 3.000000000000000000e+00 7.400000000000000000e+01
3.630000000000000000e+02 6.474490382718606922e-09 0.000000000000000000e+00 0.000000000000000000e+00 1.000000000000000000e+00 3.000000000000000000e+00 7.100000000000000000e+01
3.640000000000000000e+02 4.316326921812404890e-09 0.000000000000000000e+00 0.000000000000000000e+00 1.000000000000000000e+00 2.000000000000000000e+00 6.800000000000000000e+01
3.650000000000000000e+02 0.000000000000000000e+00 0.000000000000000000e+00 0.000000000000000000e+00 1.000000000000000000e+00 0.000000000000000000e+00 6.600000000000000000e+01
3.660000000000000000e+02 4.316326921812404890e-09 0.000000000000000000e+00 0.000000000000000000e+00 1.000000000000000000e+00 2.000000000000000000e+00 6.600000000000000000e+01
3.670000000000000000e+02 2.158163460906202445e-09 0.000000000000000000e+00 0.000000000000000000e+00 1.000000000000000000e+00 1.000000000000000000e+00 6.400000000000000000e+01
3.680000000000000000e+02 6.474490382718606922e-09 0.000000000000000000e+00 0.000000000000000000e+00 1.000000000000000000e+00 3.000000000000000000e+00 6.300000000000000000e+01
3.690000000000000000e+02 0.000000000000000000e+00 0.000000000000000000e+00 0.000000000000000000e+00 1.000000000000000000e+00 0.000000000000000000e+00 6.000000000000000000e+01
3.700000000000000000e+02 2.158163460906202445e-09 0.000000000000000000e+00 0.000000000000000000e+00 1.000000000000000000e+00 1.000000000000000000e+00 6.000000000000000000e+01
3.710000000000000000e+02 2.158163460906202445e-09 0.000000000000000000e+00 0.000000000000000000e+00 1.000000000000000000e+00 1.000000000000000000e+00 5.900000000000000000e+01
3.720000000000000000e+02 1.079081730453101264e-08 0.000000000000000000e+00 0.000000000000000000e+00 1.000000000000000000e+00 5.000000000000000000e+00 5.800000000000000000e+01
3.730000000000000000e+02 6.474490382718606922e-09 0.000000000000000000e+00 0.000000000000000000e+00 1.000000000000000000e+00 3.000000000000000000e+00 5.300000000000000000e+01
3.740000000000000000e+02 4.316326921812404890e-09 0.000000000000000000e+00 0.000000000000000000e+00 1.000000000000000000e+00 2.000000000000000000e+00 5.000000000000000000e+01
3.750000000000000000e+02 0.000000000000000000e+00 0.000000000000000000e+00 0.000000000000000000e+00 1.000000000000000000e+00 0.000000000000000000e+00 4.800000000000000000e+01
3.760000000000000000e+02 2.158163460906202445e-09 0.000000000000000000e+00 0.000000000000000000e+00 1.000000000000000000e+00 1.000000000000000000e+00 4.800000000000000000e+01
3.770000000000000000e+02 0.000000000000000000e+00 0.000000000000000000e+00 0.000000000000000000e+00 1.000000000000000000e+00 0.000000000000000000e+00 4.700000000000000000e+01
3.780000000000000000e+02 4.316326921812404890e-09 0.000000000000000000e+00 0.000000000000000000e+00 1.000000000000000000e+00 2.000000000000000000e+00 4.700000000000000000e+01
3.790000000000000000e+02 4.316326921812404890e-09 0.000000000000000000e+00 0.000000000000000000e+00 1.000000000000000000e+00 2.000000000000000000e+00 4.500000000000000000e+01
3.800000000000000000e+02 0.000000000000000000e+00 0.000000000000000000e+00 0.000000000000000000e+00 1.000000000000000000e+00 0.000000000000000000e+00 4.300000000000000000e+01
3.810000000000000000e+02 0.000000000000000000e+00 0.000000000000000000e+00 0.000000000000000000e+00 1.000000000000000000e+00 0.000000000000000000e+00 4.300000000000000000e+01
3.820000000000000000e+02 2.158163460906202445e-09 0.000000000000000000e+00 0.000000000000000000e+00 1.000000000000000000e+00 1.000000000000000000e+00 4.300000000000000000e+01
3.830000000000000000e+02 0.000000000000000000e+00 0.000000000000000000e+00 0.000000000000000000e+00 1.000000000000000000e+00 0.000000000000000000e+00 4.200000000000000000e+01
3.840000000000000000e+02 6.474490382718606922e-09 0.000000000000000000e+00 0.000000000000000000e+00 1.000000000000000000e+00 3.000000000000000000e+00 4.200000000000000000e+01
3.850000000000000000e+02 0.000000000000000000e+00 0.000000000000000000e+00 0.000000000000000000e+00 1.000000000000000000e+00 0.000000000000000000e+00 3.900000000000000000e+01
3.860000000000000000e+02 4.316326921812404890e-09 0.000000000000000000e+00 0.000000000000000000e+00 1.000000000000000000e+00 2.000000000000000000e+00 3.900000000000000000e+01
3.870000000000000000e+02 2.158163460906202445e-09 0.000000000000000000e+00 0.000000000000000000e+00 1.000000000000000000e+00 1.000000000000000000e+00 3.700000000000000000e+01
3.880000000000000000e+02 2.158163460906202445e-09 0.000000000000000000e+00 0.000000000000000000e+00 1.000000000000000000e+00 1.000000000000000000e+00 3.600000000000000000e+01
3.890000000000000000e+02 4.316326921812404890e-09 0.000000000000000000e+00 0.000000000000000000e+00 1.000000000000000000e+00 2.000000000000000000e+00 3.500000000000000000e+01
3.900000000000000000e+02 4.316326921812404890e-09 0.000000000000000000e+00 0.000000000000000000e+00 1.000000000000000000e+00 2.000000000000000000e+00 3.300000000000000000e+01
3.910000000000000000e+02 0.000000000000000000e+00 0.000000000000000000e+00 0.000000000000000000e+00 1.000000000000000000e+00 0.000000000000000000e+00 3.100000000000000000e+01
3.920000000000000000e+02 2.158163460906202445e-09 0.000000000000000000e+00 0.000000000000000000e+00 1.000000000000000000e+00 1.000000000000000000e+00 3.100000000000000000e+01
3.930000000000000000e+02 0.000000000000000000e+00 0.000000000000000000e+00 0.000000000000000000e+00 1.000000000000000000e+00 0.000000000000000000e+00 3.000000000000000000e+01
3.940000000000000000e+02 4.316326921812404890e-09 0.000000000000000000e+00 0.000000000000000000e+00 1.000000000000000000e+00 2.000000000000000000e+00 3.000000000000000000e+01
3.950000000000000000e+02 0.000000000000000000e+00 0.000000000000000000e+00 0.000000000000000000e+00 1.000000000000000000e+00 0.000000000000000000e+00 2.800000000000000000e+01
3.960000000000000000e+02 4.316326921812404890e-09 0.000000000000000000e+00 0.000000000000000000e+00 1.000000000000000000e+00 2.000000000000000000e+00 2.800000000000000000e+01
3.970000000000000000e+02 2.158163460906202445e-09 0.000000000000000000e+00 0.000000000000000000e+00 1.000000000000000000e+00 1.000000000000000000e+00 2.600000000000000000e+01
3.980000000000000000e+02 0.000000000000000000e+00 0.000000000000000000e+00 0.000000000000000000e+00 1.000000000000000000e+00 0.000000000000000000e+00 2.500000000000000000e+01
3.990000000000000000e+02 2.158163460906202445e-09 0.000000000000000000e+00 0.000000000000000000e+00 1.000000000000000000e+00 1.000000000000000000e+00 2.500000000000000000e+01
4.000000000000000000e+02 0.000000000000000000e+00 0.000000000000000000e+00 0.000000000000000000e+00 1.000000000000000000e+00 0.000000000000000000e+00 2.400000000000000000e+01
4.010000000000000000e+02 0.000000000000000000e+00 0.000000000000000000e+00 0.000000000000000000e+00 1.000000000000000000e+00 0.000000000000000000e+00 2.400000000000000000e+01
4.020000000000000000e+02 0.000000000000000000e+00 0.000000000000000000e+00 0.000000000000000000e+00 1.000000000000000000e+00 0.000000000000000000e+00 2.400000000000000000e+01
4.030000000000000000e+02 0.000000000000000000e+00 0.000000000000000000e+00 0.000000000000000000e+00 1.000000000000000000e+00 0.000000000000000000e+00 2.400000000000000000e+01
4.040000000000000000e+02 0.000000000000000000e+00 0.000000000000000000e+00 0.000000000000000000e+00 1.000000000000000000e+00 0.000000000000000000e+00 2.400000000000000000e+01
4.050000000000000000e+02 0.000000000000000000e+00 0.000000000000000000e+00 0.000000000000000000e+00 1.000000000000000000e+00 0.000000000000000000e+00 2.400000000000000000e+01
4.060000000000000000e+02 0.000000000000000000e+00 0.000000000000000000e+00 0.000000000000000000e+00 1.000000000000000000e+00 0.000000000000000000e+00 2.400000000000000000e+01
4.070000000000000000e+02 2.158163460906202445e-09 0.000000000000000000e+00 0.000000000000000000e+00 1.000000000000000000e+00 1.000000000000000000e+00 2.400000000000000000e+01
4.080000000000000000e+02 0.000000000000000000e+00 0.000000000000000000e+00 0.000000000000000000e+00 1.000000000000000000e+00 0.000000000000000000e+00 2.300000000000000000e+01
4.090000000000000000e+02 2.158163460906202445e-09 0.000000000000000000e+00 0.000000000000000000e+00 1.000000000000000000e+00 1.000000000000000000e+00 2.300000000000000000e+01
4.100000000000000000e+02 0.000000000000000000e+00 0.000000000000000000e+00 0.000000000000000000e+00 1.000000000000000000e+00 0.000000000000000000e+00 2.200000000000000000e+01
4.110000000000000000e+02 0.000000000000000000e+00 0.000000000000000000e+00 0.000000000000000000e+00 1.000000000000000000e+00 0.000000000000000000e+00 2.200000000000000000e+01
4.120000000000000000e+02 0.000000000000000000e+00 0.000000000000000000e+00 0.000000000000000000e+00 1.000000000000000000e+00 0.000000000000000000e+00 2.200000000000000000e+01
4.130000000000000000e+02 0.000000000000000000e+00 0.000000000000000000e+00 0.000000000000000000e+00 1.000000000000000000e+00 0.000000000000000000e+00 2.200000000000000000e+01
4.140000000000000000e+02 2.158163460906202445e-09 0.000000000000000000e+00 0.000000000000000000e+00 1.000000000000000000e+00 1.000000000000000000e+00 2.200000000000000000e+01
4.150000000000000000e+02 2.158163460906202445e-09 0.000000000000000000e+00 0.000000000000000000e+00 1.000000000000000000e+00 1.000000000000000000e+00 2.100000000000000000e+01
4.160000000000000000e+02 0.000000000000000000e+00 0.000000000000000000e+00 0.000000000000000000e+00 1.000000000000000000e+00 0.000000000000000000e+00 2.000000000000000000e+01
4.170000000000000000e+02 0.000000000000000000e+00 0.000000000000000000e+00 0.000000000000000000e+00 1.000000000000000000e+00 0.000000000000000000e+00 2.000000000000000000e+01
4.180000000000000000e+02 0.000000000000000000e+00 0.000000000000000000e+00 0.000000000000000000e+00 1.000000000000000000e+00 0.000000000000000000e+00 2.000000000000000000e+01
4.190000000000000000e+02 0.000000000000000000e+00 0.000000000000000000e+00 0.000000000000000000e+00 1.000000000000000000e+00 0.000000000000000000e+00 2.000000000000000000e+01
4.200000000000000000e+02 0.000000000000000000e+00 0.000000000000000000e+00 0.000000000000000000e+00 1.000000000000000000e+00 0.000000000000000000e+00 2.000000000000000000e+01
4.210000000000000000e+02 0.000000000000000000e+00 0.000000000000000000e+00 0.000000000000000000e+00 1.000000000000000000e+00 0.000000000000000000e+00 2.000000000000000000e+01
4.220000000000000000e+02 0.000000000000000000e+00 0.000000000000000000e+00 0.000000000000000000e+00 1.000000000000000000e+00 0.000000000000000000e+00 2.000000000000000000e+01
4.230000000000000000e+02 4.316326921812404890e-09 0.000000000000000000e+00 0.000000000000000000e+00 1.000000000000000000e+00 2.000000000000000000e+00 2.000000000000000000e+01
4.240000000000000000e+02 0.000000000000000000e+00 0.000000000000000000e+00 0.000000000000000000e+00 1.000000000000000000e+00 0.000000000000000000e+00 1.800000000000000000e+01
4.250000000000000000e+02 0.000000000000000000e+00 0.000000000000000000e+00 0.000000000000000000e+00 1.000000000000000000e+00 0.000000000000000000e+00 1.800000000000000000e+01
4.260000000000000000e+02 4.316326921812404890e-09 1.255366358510547669e-09 1.000000000000000000e+00 1.000000000000000000e+00 2.000000000000000000e+00 1.800000000000000000e+01
4.270000000000000000e+02 4.316326921812404890e-09 0.000000000000000000e+00 0.000000000000000000e+00 1.000000000000000000e+00 2.000000000000000000e+00 1.600000000000000000e+01
4.280000000000000000e+02 0.000000000000000000e+00 0.000000000000000000e+00 0.000000000000000000e+00 1.000000000000000000e+00 0.000000000000000000e+00 1.400000000000000000e+01
4.290000000000000000e+02 0.000000000000000000e+00 0.000000000000000000e+00 0.000000000000000000e+00 1.000000000000000000e+00 0.000000000000000000e+00 1.400000000000000000e+01
4.300000000000000000e+02 2.158163460906202445e-09 0.000000000000000000e+00 0.000000000000000000e+00 1.000000000000000000e+00 1.000000000000000000e+00 1.400000000000000000e+01
4.310000000000000000e+02 0.000000000000000000e+00 0.000000000000000000e+00 0.000000000000000000e+00 1.000000000000000000e+00 0.000000000000000000e+00 1.300000000000000000e+01
4.320000000000000000e+02 0.000000000000000000e+00 0.000000000000000000e+00 0.000000000000000000e+00 1.000000000000000000e+00 0.000000000000000000e+00 1.300000000000000000e+01
4.330000000000000000e+02 0.000000000000000000e+00 0.000000000000000000e+00 0.000000000000000000e+00 1.000000000000000000e+00 0.000000000000000000e+00 1.300000000000000000e+01
4.340000000000000000e+02 0.000000000000000000e+00 0.000000000000000000e+00 0.000000000000000000e+00 1.000000000000000000e+00 0.000000000000000000e+00 1.300000000000000000e+01
4.350000000000000000e+02 2.158163460906202445e-09 0.000000000000000000e+00 0.000000000000000000e+00 1.000000000000000000e+00 1.000000000000000000e+00 1.300000000000000000e+01
4.360000000000000000e+02 0.000000000000000000e+00 0.000000000000000000e+00 0.000000000000000000e+00 1.000000000000000000e+00 0.000000000000000000e+00 1.200000000000000000e+01
4.370000000000000000e+02 0.000000000000000000e+00 0.000000000000000000e+00 0.000000000000000000e+00 1.000000000000000000e+00 0.000000000000000000e+00 1.200000000000000000e+01
4.380000000000000000e+02 2.158163460906202445e-09 0.000000000000000000e+00 0.000000000000000000e+00 1.000000000000000000e+00 1.000000000000000000e+00 1.200000000000000000e+01
4.390000000000000000e+02 0.000000000000000000e+00 0.000000000000000000e+00 0.000000000000000000e+00 1.000000000000000000e+00 0.000000000000000000e+00 1.100000000000000000e+01
4.400000000000000000e+02 0.000000000000000000e+00 0.000000000000000000e+00 0.000000000000000000e+00 1.000000000000000000e+00 0.000000000000000000e+00 1.100000000000000000e+01
4.410000000000000000e+02 2.158163460906202445e-09 0.000000000000000000e+00 0.000000000000000000e+00 1.000000000000000000e+00 1.000000000000000000e+00 1.100000000000000000e+01
4.420000000000000000e+02 0.000000000000000000e+00 0.000000000000000000e+00 0.000000000000000000e+00 1.000000000000000000e+00 0.000000000000000000e+00 1.000000000000000000e+01
4.430000000000000000e+02 0.000000000000000000e+00 0.000000000000000000e+00 0.000000000000000000e+00 1.000000000000000000e+00 0.000000000000000000e+00 1.000000000000000000e+01
4.440000000000000000e+02 2.158163460906202445e-09 0.000000000000000000e+00 0.000000000000000000e+00 1.000000000000000000e+00 1.000000000000000000e+00 1.000000000000000000e+01
4.450000000000000000e+02 0.000000000000000000e+00 0.000000000000000000e+00 0.000000000000000000e+00 1.000000000000000000e+00 0.000000000000000000e+00 9.000000000000000000e+00
4.460000000000000000e+02 0.000000000000000000e+00 0.000000000000000000e+00 0.000000000000000000e+00 1.000000000000000000e+00 0.000000000000000000e+00 9.000000000000000000e+00
4.470000000000000000e+02 4.316326921812404890e-09 0.000000000000000000e+00 0.000000000000000000e+00 1.000000000000000000e+00 2.000000000000000000e+00 9.000000000000000000e+00
4.480000000000000000e+02 0.000000000000000000e+00 0.000000000000000000e+00 0.000000000000000000e+00 1.000000000000000000e+00 0.000000000000000000e+00 7.000000000000000000e+00
4.490000000000000000e+02 2.158163460906202445e-09 0.000000000000000000e+00 0.000000000000000000e+00 1.000000000000000000e+00 1.000000000000000000e+00 7.000000000000000000e+00
4.500000000000000000e+02 0.000000000000000000e+00 0.000000000000000000e+00 0.000000000000000000e+00 1.000000000000000000e+00 0.000000000000000000e+00 6.000000000000000000e+00
4.510000000000000000e+02 2.158163460906202445e-09 0.000000000000000000e+00 0.000000000000000000e+00 1.000000000000000000e+00 1.000000000000000000e+00 6.000000000000000000e+00
4.520000000000000000e+02 0.000000000000000000e+00 0.000000000000000000e+00 0.000000000000000000e+00 1.000000000000000000e+00 0.000000000000000000e+00 5.000000000000000000e+00
4.530000000000000000e+02 2.158163460906202445e-09 0.000000000000000000e+00 0.000000000000000000e+00 1.000000000000000000e+00 1.000000000000000000e+00 5.000000000000000000e+00
4.540000000000000000e+02 0.000000000000000000e+00 0.000000000000000000e+00 0.000000000000000000e+00 1.000000000000000000e+00 0.000000000000000000e+00 4.000000000000000000e+00
4.550000000000000000e+02 0.000000000000000000e+00 0.000000000000000000e+00 0.000000000000000000e+00 1.000000000000000000e+00 0.000000000000000000e+00 4.000000000000000000e+00
4.560000000000000000e+02 0.000000000000000000e+00 0.000000000000000000e+00 0.000000000000000000e+00 1.000000000000000000e+00 0.000000000000000000e+00 4.000000000000000000e+00
4.570000000000000000e+02 0.000000000000000000e+00 0.000000000000000000e+00 0.000000000000000000e+00 1.000000000000000000e+00 0.000000000000000000e+00 4.000000000000000000e+00
4.580000000000000000e+02 0.000000000000000000e+00 0.000000000000000000e+00 0.000000000000000000e+00 1.000000000000000000e+00 0.000000000000000000e+00 4.000000000000000000e+00
4.590000000000000000e+02 0.000000000000000000e+00 0.000000000000000000e+00 0.000000000000000000e+00 1.000000000000000000e+00 0.000000000000000000e+00 4.000000000000000000e+00
4.600000000000000000e+02 0.000000000000000000e+00 0.000000000000000000e+00 0.000000000000000000e+00 1.000000000000000000e+00 0.000000000000000000e+00 4.000000000000000000e+00
4.610000000000000000e+02 0.000000000000000000e+00 0.000000000000000000e+00 0.000000000000000000e+00 1.000000000000000000e+00 0.000000000000000000e+00 4.000000000000000000e+00
4.620000000000000000e+02 0.000000000000000000e+00 0.000000000000000000e+00 0.000000000000000000e+00 1.000000000000000000e+00 0.000000000000000000e+00 4.000000000000000000e+00
4.630000000000000000e+02 0.000000000000000000e+00 0.000000000000000000e+00 0.000000000000000000e+00 1.000000000000000000e+00 0.000000000000000000e+00 4.000000000000000000e+00
4.640000000000000000e+02 0.000000000000000000e+00 0.000000000000000000e+00 0.000000000000000000e+00 1.000000000000000000e+00 0.000000000000000000e+00 4.000000000000000000e+00
4.650000000000000000e+02 0.000000000000000000e+00 0.000000000000000000e+00 0.000000000000000000e+00 1.000000000000000000e+00 0.000000000000000000e+00 4.000000000000000000e+00
4.660000000000000000e+02 0.000000000000000000e+00 0.000000000000000000e+00 0.000000000000000000e+00 1.000000000000000000e+00 0.000000000000000000e+00 4.000000000000000000e+00
4.670000000000000000e+02 0.000000000000000000e+00 0.000000000000000000e+00 0.000000000000000000e+00 1.000000000000000000e+00 0.000000000000000000e+00 4.000000000000000000e+00
4.680000000000000000e+02 0.000000000000000000e+00 0.000000000000000000e+00 0.000000000000000000e+00 1.000000000000000000e+00 0.000000000000000000e+00 4.000000000000000000e+00
4.690000000000000000e+02 0.000000000000000000e+00 0.000000000000000000e+00 0.000000000000000000e+00 1.000000000000000000e+00 0.000000000000000000e+00 4.000000000000000000e+00
4.700000000000000000e+02 0.000000000000000000e+00 0.000000000000000000e+00 0.000000000000000000e+00 1.000000000000000000e+00 0.000000000000000000e+00 4.000000000000000000e+00
4.710000000000000000e+02 0.000000000000000000e+00 0.000000000000000000e+00 0.000000000000000000e+00 1.000000000000000000e+00 0.000000000000000000e+00 4.000000000000000000e+00
4.720000000000000000e+02 0.000000000000000000e+00 0.000000000000000000e+00 0.000000000000000000e+00 1.000000000000000000e+00 0.000000000000000000e+00 4.000000000000000000e+00
4.730000000000000000e+02 0.000000000000000000e+00 0.000000000000000000e+00 0.000000000000000000e+00 1.000000000000000000e+00 0.000000000000000000e+00 4.000000000000000000e+00
4.740000000000000000e+02 0.000000000000000000e+00 0.000000000000000000e+00 0.000000000000000000e+00 1.000000000000000000e+00 0.000000000000000000e+00 4.000000000000000000e+00
4.750000000000000000e+02 0.000000000000000000e+00 0.000000000000000000e+00 0.000000000000000000e+00 1.000000000000000000e+00 0.000000000000000000e+00 4.000000000000000000e+00
4.760000000000000000e+02 0.000000000000000000e+00 0.000000000000000000e+00 0.000000000000000000e+00 1.000000000000000000e+00 0.000000000000000000e+00 4.000000000000000000e+00
4.770000000000000000e+02 0.000000000000000000e+00 0.000000000000000000e+00 0.000000000000000000e+00 1.000000000000000000e+00 0.000000000000000000e+00 4.000000000000000000e+00
4.780000000000000000e+02 0.000000000000000000e+00 0.000000000000000000e+00 0.000000000000000000e+00 1.000000000000000000e+00 0.000000000000000000e+00 4.000000000000000000e+00
4.790000000000000000e+02 0.000000000000000000e+00 0.000000000000000000e+00 0.000000000000000000e+00 1.000000000000000000e+00 0.000000000000000000e+00 4.000000000000000000e+00
4.800000000000000000e+02 0.000000000000000000e+00 0.000000000000000000e+00 0.000000000000000000e+00 1.000000000000000000e+00 0.000000000000000000e+00 4.000000000000000000e+00
4.810000000000000000e+02 0.000000000000000000e+00 0.000000000000000000e+00 0.000000000000000000e+00 1.000000000000000000e+00 0.000000000000000000e+00 4.000000000000000000e+00
4.820000000000000000e+02 0.000000000000000000e+00 0.000000000000000000e+00 0.000000000000000000e+00 1.000000000000000000e+00 0.000000000000000000e+00 4.000000000000000000e+00
4.830000000000000000e+02 0.000000000000000000e+00 0.000000000000000000e+00 0.000000000000000000e+00 1.000000000000000000e+00 0.000000000000000000e+00 4.000000000000000000e+00
4.840000000000000000e+02 0.000000000000000000e+00 0.000000000000000000e+00 0.000000000000000000e+00 1.000000000000000000e+00 0.000000000000000000e+00 4.000000000000000000e+00
4.850000000000000000e+02 0.000000000000000000e+00 0.000000000000000000e+00 0.000000000000000000e+00 1.000000000000000000e+00 0.000000000000000000e+00 4.000000000000000000e+00
4.860000000000000000e+02 0.000000000000000000e+00 0.000000000000000000e+00 0.000000000000000000e+00 1.000000000000000000e+00 0.000000000000000000e+00 4.000000000000000000e+00
4.870000000000000000e+02 0.000000000000000000e+00 0.000000000000000000e+00 0.000000000000000000e+00 1.000000000000000000e+00 0.000000000000000000e+00 4.000000000000000000e+00
4.880000000000000000e+02 0.000000000000000000e+00 0.000000000000000000e+00 0.000000000000000000e+00 1.000000000000000000e+00 0.000000000000000000e+00 4.000000000000000000e+00
4.890000000000000000e+02 0.000000000000000000e+00 0.000000000000000000e+00 0.000000000000000000e+00 1.000000000000000000e+00 0.000000000000000000e+00 4.000000000000000000e+00
4.900000000000000000e+02 0.000000000000000000e+00 0.000000000000000000e+00 0.000000000000000000e+00 1.000000000000000000e+00 0.000000000000000000e+00 4.000000000000000000e+00
4.910000000000000000e+02 0.000000000000000000e+00 0.000000000000000000e+00 0.000000000000000000e+00 1.000000000000000000e+00 0.000000000000000000e+00 4.000000000000000000e+00
4.920000000000000000e+02 0.000000000000000000e+00 0.000000000000000000e+00 0.000000000000000000e+00 1.000000000000000000e+00 0.000000000000000000e+00 4.000000000000000000e+00
4.930000000000000000e+02 0.000000000000000000e+00 0.000000000000000000e+00 0.000000000000000000e+00 1.000000000000000000e+00 0.000000000000000000e+00 4.000000000000000000e+00
4.940000000000000000e+02 0.000000000000000000e+00 0.000000000000000000e+00 0.000000000000000000e+00 1.000000000000000000e+00 0.000000000000000000e+00 4.000000000000000000e+00
4.950000000000000000e+02 0.000000000000000000e+00 0.000000000000000000e+00 0.000000000000000000e+00 1.000000000000000000e+00 0.000000000000000000e+00 4.000000000000000000e+00
4.960000000000000000e+02 0.000000000000000000e+00 0.000000000000000000e+00 0.000000000000000000e+00 1.000000000000000000e+00 0.000000000000000000e+00 4.000000000000000000e+00
4.970000000000000000e+02 0.000000000000000000e+00 0.000000000000000000e+00 0.000000000000000000e+00 1.000000000000000000e+00 0.000000000000000000e+00 4.000000000000000000e+00
4.980000000000000000e+02 0.000000000000000000e+00 0.000000000000000000e+00 0.000000000000000000e+00 1.000000000000000000e+00 0.000000000000000000e+00 4.000000000000000000e+00
4.990000000000000000e+02 0.000000000000000000e+00 0.000000000000000000e+00 0.000000000000000000e+00 1.000000000000000000e+00 0.000000000000000000e+00 4.000000000000000000e+00
5.000000000000000000e+02 0.000000000000000000e+00 0.000000000000000000e+00 0.000000000000000000e+00 1.000000000000000000e+00 0.000000000000000000e+00 4.000000000000000000e+00
5.010000000000000000e+02 0.000000000000000000e+00 0.000000000000000000e+00 0.000000000000000000e+00 1.000000000000000000e+00 0.000000000000000000e+00 4.000000000000000000e+00
5.020000000000000000e+02 0.000000000000000000e+00 0.000000000000000000e+00 0.000000000000000000e+00 1.000000000000000000e+00 0.000000000000000000e+00 4.000000000000000000e+00
5.030000000000000000e+02 0.000000000000000000e+00 0.000000000000000000e+00 0.000000000000000000e+00 1.000000000000000000e+00 0.000000000000000000e+00 4.000000000000000000e+00
5.040000000000000000e+02 0.000000000000000000e+00 0.000000000000000000e+00 0.000000000000000000e+00 1.000000000000000000e+00 0.000000000000000000e+00 4.000000000000000000e+00
5.050000000000000000e+02 0.000000000000000000e+00 0.000000000000000000e+00 0.000000000000000000e+00 1.000000000000000000e+00 0.000000000000000000e+00 4.000000000000000000e+00
5.060000000000000000e+02 0.000000000000000000e+00 0.000000000000000000e+00 0.000000000000000000e+00 1.000000000000000000e+00 0.000000000000000000e+00 4.000000000000000000e+00
5.070000000000000000e+02 0.000000000000000000e+00 0.000000000000000000e+00 0.000000000000000000e+00 1.000000000000000000e+00 0.000000000000000000e+00 4.000000000000000000e+00
5.080000000000000000e+02 0.000000000000000000e+00 0.000000000000000000e+00 0.000000000000000000e+00 1.000000000000000000e+00 0.000000000000000000e+00 4.000000000000000000e+00
5.090000000000000000e+02 0.000000000000000000e+00 0.000000000000000000e+00 0.000000000000000000e+00 1.000000000000000000e+00 0.000000000000000000e+00 4.000000000000000000e+00
5.100000000000000000e+02 0.000000000000000000e+00 0.000000000000000000e+00 0.000000000000000000e+00 1.000000000000000000e+00 0.000000000000000000e+00 4.000000000000000000e+00
5.110000000000000000e+02 0.000000000000000000e+00 0.000000000000000000e+00 0.000000000000000000e+00 1.000000000000000000e+00 0.000000000000000000e+00 4.000000000000000000e+00
5.120000000000000000e+02 2.158163460906202445e-09 0.000000000000000000e+00 0.000000000000000000e+00 1.000000000000000000e+00 1.000000000000000000e+00 4.000000000000000000e+00
5.130000000000000000e+02 0.000000000000000000e+00 0.000000000000000000e+00 0.000000000000000000e+00 1.000000000000000000e+00 0.000000000000000000e+00 3.000000000000000000e+00
5.140000000000000000e+02 0.000000000000000000e+00 0.000000000000000000e+00 0.000000000000000000e+00 1.000000000000000000e+00 0.000000000000000000e+00 3.000000000000000000e+00
5.150000000000000000e+02 0.000000000000000000e+00 0.000000000000000000e+00 0.000000000000000000e+00 1.000000000000000000e+00 0.000000000000000000e+00 3.000000000000000000e+00
5.160000000000000000e+02 0.000000000000000000e+00 0.000000000000000000e+00 0.000000000000000000e+00 1.000000000000000000e+00 0.000000000000000000e+00 3.000000000000000000e+00
5.170000000000000000e+02 0.000000000000000000e+00 0.000000000000000000e+00 0.000000000000000000e+00 1.000000000000000000e+00 0.000000000000000000e+00 3.000000000000000000e+00
5.180000000000000000e+02 0.000000000000000000e+00 0.000000000000000000e+00 0.000000000000000000e+00 1.000000000000000000e+00 0.000000000000000000e+00 3.000000000000000000e+00
5.190000000000000000e+02 0.000000000000000000e+00 0.000000000000000000e+00 0.000000000000000000e+00 1.000000000000000000e+00 0.000000000000000000e+00 3.000000000000000000e+00
5.200000000000000000e+02 0.000000000000000000e+00 0.000000000000000000e+00 0.000000000000000000e+00 1.000000000000000000e+00 0.000000000000000000e+00 3.000000000000000000e+00
5.210000000000000000e+02 0.000000000000000000e+00 0.000000000000000000e+00 0.000000000000000000e+00 1.000000000000000000e+00 0.000000000000000000e+00 3.000000000000000000e+00
5.220000000000000000e+02 0.000000000000000000e+00 0.000000000000000000e+00 0.000000000000000000e+00 1.000000000000000000e+00 0.000000000000000000e+00 3.000000000000000000e+00
5.230000000000000000e+02 0.000000000000000000e+00 0.000000000000000000e+00 0.000000000000000000e+00 1.000000000000000000e+00 0.000000000000000000e+00 3.000000000000000000e+00
5.240000000000000000e+02 0.000000000000000000e+00 0.000000000000000000e+00 0.000000000000000000e+00 1.000000000000000000e+00 0.000000000000000000e+00 3.000000000000000000e+00
5.250000000000000000e+02 0.000000000000000000e+00 0.000000000000000000e+00 0.000000000000000000e+00 1.000000000000000000e+00 0.000000000000000000e+00 3.000000000000000000e+00
5.260000000000000000e+02 0.000000000000000000e+00 0.000000000000000000e+00 0.000000000000000000e+00 1.000000000000000000e+00 0.000000000000000000e+00 3.000000000000000000e+00
5.270000000000000000e+02 0.000000000000000000e+00 0.000000000000000000e+00 0.000000000000000000e+00 1.000000000000000000e+00 0.000000000000000000e+00 3.000000000000000000e+00
5.280000000000000000e+02 0.000000000000000000e+00 0.000000000000000000e+00 0.000000000000000000e+00 1.000000000000000000e+00 0.000000000000000000e+00 3.000000000000000000e+00
5.290000000000000000e+02 2.158163460906202445e-09 0.000000000000000000e+00 0.000000000000000000e+00 1.000000000000000000e+00 1.000000000000000000e+00 3.000000000000000000e+00
5.300000000000000000e+02 0.000000000000000000e+00 0.000000000000000000e+00 0.000000000000000000e+00 1.000000000000000000e+00 0.000000000000000000e+00 2.000000000000000000e+00
5.310000000000000000e+02 0.000000000000000000e+00 0.000000000000000000e+00 0.000000000000000000e+00 1.000000000000000000e+00 0.000000000000000000e+00 2.000000000000000000e+00
5.320000000000000000e+02 0.000000000000000000e+00 0.000000000000000000e+00 0.000000000000000000e+00 1.000000000000000000e+00 0.000000000000000000e+00 2.000000000000000000e+00
5.330000000000000000e+02 0.000000000000000000e+00 0.000000000000000000e+00 0.000000000000000000e+00 1.000000000000000000e+00 0.000000000000000000e+00 2.000000000000000000e+00
5.340000000000000000e+02 0.000000000000000000e+00 0.000000000000000000e+00 0.000000000000000000e+00 1.000000000000000000e+00 0.000000000000000000e+00 2.000000000000000000e+00
5.350000000000000000e+02 0.000000000000000000e+00 0.000000000000000000e+00 0.000000000000000000e+00 1.000000000000000000e+00 0.000000000000000000e+00 2.000000000000000000e+00
5.360000000000000000e+02 0.000000000000000000e+00 0.000000000000000000e+00 0.000000000000000000e+00 1.000000000000000000e+00 0.000000000000000000e+00 2.000000000000000000e+00
5.370000000000000000e+02 0.000000000000000000e+00 0.000000000000000000e+00 0.000000000000000000e+00 1.000000000000000000e+00 0.000000000000000000e+00 2.000000000000000000e+00
5.380000000000000000e+02 2.158163460906202445e-09 0.000000000000000000e+00 0.000000000000000000e+00 1.000000000000000000e+00 1.000000000000000000e+00 2.000000000000000000e+00
5.390000000000000000e+02 2.158163460906202445e-09 0.000000000000000000e+00 0.000000000000000000e+00 1.000000000000000000e+00 1.000000000000000000e+00 1.000000000000000000e+00
