0.000000000000000000e+00 0.000000000000000000e+00 0.000000000000000000e+00 0.000000000000000000e+00 0.000000000000000000e+00 0.000000000000000000e+00 0.000000000000000000e+00
1.000000000000000000e+00 2.377492806007383205e-02 1.328082268628304197e-01 1.249954080000000000e+08 9.411812030000000000e+08 1.174040300000000000e+07 4.938239220000000000e+08
2.000000000000000000e+00 3.529276641315936408e-02 1.083059991476989781e-01 1.019345930000000000e+08 8.161849530000000000e+08 1.742807800000000000e+07 4.820830300000000000e+08
3.000000000000000000e+00 4.066808502802638642e-02 8.751101978230280132e-02 8.236293700000000000e+07 7.142495950000000000e+08 2.008248800000000000e+07 4.646544660000000000e+08
4.000000000000000000e+00 4.262880124838144824e-02 7.165363644191109771e-02 6.743840900000000000e+07 6.318860250000000000e+08 2.105071800000000000e+07 4.445715060000000000e+08
5.000000000000000000e+00 4.273119800915343297e-02 5.980211100099275257e-02 5.628408300000000000e+07 5.644470560000000000e+08 2.110128300000000000e+07 4.235203580000000000e+08
6.000000000000000000e+00 4.182197593007246778e-02 5.090945862076838579e-02 4.791456600000000000e+07 5.081624780000000000e+08 2.065229600000000000e+07 4.024186660000000000e+08
7.000000000000000000e+00 4.034003873386053651e-02 4.402885891940258589e-02 4.143873700000000000e+07 4.602474510000000000e+08 1.992049400000000000e+07 3.817659500000000000e+08
8.000000000000000000e+00 3.863143947819153157e-02 3.863561725327118584e-02 3.636276800000000000e+07 4.188082630000000000e+08 1.907676300000000000e+07 3.618451150000000000e+08
9.000000000000000000e+00 3.680281538299013527e-02 3.426329399450574881e-02 3.224765900000000000e+07 3.824451130000000000e+08 1.817376200000000000e+07 3.427679700000000000e+08
1.000000000000000000e+01 3.492779329346840794e-02 3.064856962935911394e-02 2.884558100000000000e+07 3.501971270000000000e+08 1.724784900000000000e+07 3.245938830000000000e+08
1.100000000000000000e+01 3.311554376976117570e-02 2.762372139269050897e-02 2.599867800000000000e+07 3.213512200000000000e+08 1.635293400000000000e+07 3.073457610000000000e+08
1.200000000000000000e+01 3.133440309681986835e-02 2.500169318116168479e-02 2.353089800000000000e+07 2.953522210000000000e+08 1.547338100000000000e+07 2.909925380000000000e+08
1.300000000000000000e+01 2.964288110573289059e-02 2.274410094466700408e-02 2.140611500000000000e+07 2.718210250000000000e+08 1.463808300000000000e+07 2.755188680000000000e+08
1.400000000000000000e+01 2.802595595982651858e-02 2.075156116732507217e-02 1.953079200000000000e+07 2.504146740000000000e+08 1.383962200000000000e+07 2.608805250000000000e+08
1.500000000000000000e+01 2.649210655235403888e-02 1.899693322532206366e-02 1.787938500000000000e+07 2.308836620000000000e+08 1.308218500000000000e+07 2.470406460000000000e+08
1.600000000000000000e+01 2.505201300823014024e-02 1.741813177292851275e-02 1.639346100000000000e+07 2.130040770000000000e+08 1.237104600000000000e+07 2.339582390000000000e+08
1.700000000000000000e+01 2.369672662210821346e-02 1.599142151436548295e-02 1.505068100000000000e+07 1.966104230000000000e+08 1.170178600000000000e+07 2.215869720000000000e+08
1.800000000000000000e+01 2.240915595404134944e-02 1.470898772648269667e-02 1.384369000000000000e+07 1.815595560000000000e+08 1.106596500000000000e+07 2.098849840000000000e+08
1.900000000000000000e+01 2.120346421860166974e-02 1.353440136809314076e-02 1.273820200000000000e+07 1.677156890000000000e+08 1.047057700000000000e+07 1.988188060000000000e+08
2.000000000000000000e+01 2.006304801340472524e-02 1.247170739514965460e-02 1.173802400000000000e+07 1.549773610000000000e+08 9.907423000000000000e+06 1.883480520000000000e+08
2.100000000000000000e+01 1.897642124278951445e-02 1.149661163432373796e-02 1.082029100000000000e+07 1.432392000000000000e+08 9.370831000000000000e+06 1.784404760000000000e+08
2.200000000000000000e+01 1.795842348873837729e-02 1.060692745064009679e-02 9.982945000000000000e+06 1.324187590000000000e+08 8.868129000000000000e+06 1.690694970000000000e+08
2.300000000000000000e+01 1.700569923987784934e-02 9.785838579883986144e-03 9.210159000000000000e+06 1.224356990000000000e+08 8.397660000000000000e+06 1.602012050000000000e+08
2.400000000000000000e+01 1.609873711896996074e-02 9.035664470136582985e-03 8.504116000000000000e+06 1.132254360000000000e+08 7.949789000000000000e+06 1.518033840000000000e+08
2.500000000000000000e+01 1.523246234538592689e-02 8.345024631980807461e-03 7.854105000000000000e+06 1.047212340000000000e+08 7.522010000000000000e+06 1.438534610000000000e+08
2.600000000000000000e+01 1.442562690181631302e-02 7.707547223848713359e-03 7.254129000000000000e+06 9.686704500000000000e+07 7.123583000000000000e+06 1.363313310000000000e+08
2.700000000000000000e+01 1.366729348172637110e-02 7.122046490330960662e-03 6.703072000000000000e+06 8.961282700000000000e+07 6.749107000000000000e+06 1.292076020000000000e+08
2.800000000000000000e+01 1.294036659506494005e-02 6.575960436620514535e-03 6.189111000000000000e+06 8.290968600000000000e+07 6.390140000000000000e+06 1.224583820000000000e+08
2.900000000000000000e+01 1.226397083411384648e-02 6.083240813864390119e-03 5.725377000000000000e+06 7.672049200000000000e+07 6.056126000000000000e+06 1.160681510000000000e+08
3.000000000000000000e+01 1.160964409123638186e-02 5.623979468742837384e-03 5.293133000000000000e+06 7.099505800000000000e+07 5.733010000000000000e+06 1.100119220000000000e+08
3.100000000000000000e+01 1.099892482084905386e-02 5.196796207459498419e-03 4.891080000000000000e+06 6.570187500000000000e+07 5.431428000000000000e+06 1.042788300000000000e+08
3.200000000000000000e+01 1.042173838862296871e-02 4.804034915707033199e-03 4.521424000000000000e+06 6.081072000000000000e+07 5.146405000000000000e+06 9.884730800000000000e+07
3.300000000000000000e+01 9.860505317048752147e-03 4.439474627605783860e-03 4.178310000000000000e+06 5.628924300000000000e+07 4.869260000000000000e+06 9.370080200000000000e+07
3.400000000000000000e+01 9.352237483840817461e-03 4.111147879799680917e-03 3.869298000000000000e+06 5.211088500000000000e+07 4.618270000000000000e+06 8.883146500000000000e+07
3.500000000000000000e+01 8.859615203361535449e-03 3.800744526258982136e-03 3.577155000000000000e+06 4.824154300000000000e+07 4.375006000000000000e+06 8.421311300000000000e+07
3.600000000000000000e+01 8.391552755071368316e-03 3.513089401494281453e-03 3.306422000000000000e+06 4.466434000000000000e+07 4.143870000000000000e+06 7.983802700000000000e+07
3.700000000000000000e+01 7.946207341535281229e-03 3.246464435167848925e-03 3.055482000000000000e+06 4.135789200000000000e+07 3.923952000000000000e+06 7.569407100000000000e+07
3.800000000000000000e+01 7.536828878816382270e-03 3.004186767412271152e-03 2.827457000000000000e+06 3.830236900000000000e+07 3.721795000000000000e+06 7.177005100000000000e+07
3.900000000000000000e+01 7.143144570077170075e-03 2.781136187369465888e-03 2.617528000000000000e+06 3.547487400000000000e+07 3.527388000000000000e+06 6.804819100000000000e+07
4.000000000000000000e+01 6.768765083259035455e-03 2.574194243313250759e-03 2.422760000000000000e+06 3.285732300000000000e+07 3.342514000000000000e+06 6.452074200000000000e+07
4.100000000000000000e+01 6.413854447584217168e-03 2.382577869171328099e-03 2.242416000000000000e+06 3.043453500000000000e+07 3.167254000000000000e+06 6.117817500000000000e+07
4.200000000000000000e+01 6.076926274791930385e-03 2.203537302399452471e-03 2.073908000000000000e+06 2.819209900000000000e+07 3.000874000000000000e+06 5.801086500000000000e+07
4.300000000000000000e+01 5.758100042957632614e-03 2.043376384255354058e-03 1.923169000000000000e+06 2.611815200000000000e+07 2.843433000000000000e+06 5.500993900000000000e+07
4.400000000000000000e+01 5.463278779029813112e-03 1.886200042226705191e-03 1.775239000000000000e+06 2.419497000000000000e+07 2.697846000000000000e+06 5.216645200000000000e+07
4.500000000000000000e+01 5.174103360430427033e-03 1.746106653129419779e-03 1.643387000000000000e+06 2.241971100000000000e+07 2.555047000000000000e+06 4.946855900000000000e+07
4.600000000000000000e+01 4.906602074740020088e-03 1.616185685438085431e-03 1.521109000000000000e+06 2.077630300000000000e+07 2.422951000000000000e+06 4.691347000000000000e+07
4.700000000000000000e+01 4.642387448650778410e-03 1.496197013057261110e-03 1.408179000000000000e+06 1.925518200000000000e+07 2.292478000000000000e+06 4.449047600000000000e+07
4.800000000000000000e+01 4.408919188996837137e-03 1.385778321834093066e-03 1.304256000000000000e+06 1.784698200000000000e+07 2.177188000000000000e+06 4.219795100000000000e+07
4.900000000000000000e+01 4.177660261212809770e-03 1.283619543292130200e-03 1.208107000000000000e+06 1.654271000000000000e+07 2.062989000000000000e+06 4.002072200000000000e+07
5.000000000000000000e+01 3.955313587837118623e-03 1.189203237570844512e-03 1.119245000000000000e+06 1.533458800000000000e+07 1.953191000000000000e+06 3.795769500000000000e+07
5.100000000000000000e+01 3.747547289771587745e-03 1.099583078729281238e-03 1.034897000000000000e+06 1.421533200000000000e+07 1.850593000000000000e+06 3.600447800000000000e+07
5.200000000000000000e+01 3.556062410802402103e-03 1.018205832491370002e-03 9.583070000000000000e+05 1.318042800000000000e+07 1.756035000000000000e+06 3.415386300000000000e+07
5.300000000000000000e+01 3.363202521439383457e-03 9.436817425171291959e-04 8.881670000000000000e+05 1.222210600000000000e+07 1.660798000000000000e+06 3.239778800000000000e+07
5.400000000000000000e+01 3.193632756582219685e-03 8.722962918611649541e-04 8.209810000000000000e+05 1.133392900000000000e+07 1.577062000000000000e+06 3.073696700000000000e+07
5.500000000000000000e+01 3.026088043851466857e-03 8.103097590824765058e-04 7.626410000000000000e+05 1.051293800000000000e+07 1.494326000000000000e+06 2.915987600000000000e+07
5.600000000000000000e+01 2.875185209495560810e-03 7.497236076922405949e-04 7.056190000000000000e+05 9.750284000000000000e+06 1.419808000000000000e+06 2.766552800000000000e+07
5.700000000000000000e+01 2.717822458856403341e-03 6.945700435851281680e-04 6.537100000000000000e+05 9.044651000000000000e+06 1.342100000000000000e+06 2.624569100000000000e+07
5.800000000000000000e+01 2.583721481993330425e-03 6.432032467530114303e-04 6.053650000000000000e+05 8.390936000000000000e+06 1.275879000000000000e+06 2.490357100000000000e+07
5.900000000000000000e+01 2.450424450824442973e-03 5.954107162264742808e-04 5.603840000000000000e+05 7.785567000000000000e+06 1.210055000000000000e+06 2.362767500000000000e+07
6.000000000000000000e+01 2.319885540651727644e-03 5.535416502224119965e-04 5.209780000000000000e+05 7.225177000000000000e+06 1.145593000000000000e+06 2.241760600000000000e+07
6.100000000000000000e+01 2.201474667664088218e-03 5.132174662660050294e-04 4.830260000000000000e+05 6.704193000000000000e+06 1.087120000000000000e+06 2.127199700000000000e+07
6.200000000000000000e+01 2.093253856976550267e-03 4.749247915772163674e-04 4.469860000000000000e+05 6.221162000000000000e+06 1.033679000000000000e+06 2.018486100000000000e+07
6.300000000000000000e+01 1.980869539117110448e-03 4.412317003714400876e-04 4.152750000000000000e+05 5.774164000000000000e+06 9.781820000000000000e+05 1.915116100000000000e+07
6.400000000000000000e+01 1.877506828480832689e-03 4.092789921051820314e-04 3.852020000000000000e+05 5.358885000000000000e+06 9.271400000000000000e+05 1.817296600000000000e+07
6.500000000000000000e+01 1.778380526893007067e-03 3.778830363787942645e-04 3.556530000000000000e+05 4.973678000000000000e+06 8.781900000000000000e+05 1.724581100000000000e+07
6.600000000000000000e+01 1.690232032882456152e-03 3.511663519989499313e-04 3.305080000000000000e+05 4.618021000000000000e+06 8.346610000000000000e+05 1.636759900000000000e+07
6.700000000000000000e+01 1.600633601549394675e-03 3.250106701783641726e-04 3.058910000000000000e+05 4.287506000000000000e+06 7.904160000000000000e+05 1.553292400000000000e+07
6.800000000000000000e+01 1.516553437260803865e-03 3.017195014255080374e-04 2.839700000000000000e+05 3.981611000000000000e+06 7.488960000000000000e+05 1.474249000000000000e+07
6.900000000000000000e+01 1.443370078464431376e-03 2.805915925413081857e-04 2.640850000000000000e+05 3.697636000000000000e+06 7.127570000000000000e+05 1.399357700000000000e+07
7.000000000000000000e+01 1.367080289706144175e-03 2.593457456190823907e-04 2.440890000000000000e+05 3.433547000000000000e+06 6.750840000000000000e+05 1.328080400000000000e+07
7.100000000000000000e+01 1.297572400519207952e-03 2.411344125401190894e-04 2.269490000000000000e+05 3.189456000000000000e+06 6.407600000000000000e+05 1.260570900000000000e+07
7.200000000000000000e+01 1.231507099947170506e-03 2.237178330867721607e-04 2.105570000000000000e+05 2.962503000000000000e+06 6.081360000000000000e+05 1.196493100000000000e+07
7.300000000000000000e+01 1.162718104265110302e-03 2.070747571620999890e-04 1.948930000000000000e+05 2.751943000000000000e+06 5.741670000000000000e+05 1.135677600000000000e+07
7.400000000000000000e+01 1.106105747019160094e-03 1.926278787563436359e-04 1.812960000000000000e+05 2.557048000000000000e+06 5.462110000000000000e+05 1.078259400000000000e+07
7.500000000000000000e+01 1.050627418964000370e-03 1.778463113237568720e-04 1.673840000000000000e+05 2.375749000000000000e+06 5.188150000000000000e+05 1.023637600000000000e+07
7.600000000000000000e+01 9.955581514383754146e-04 1.664148216740155397e-04 1.566250000000000000e+05 2.208364000000000000e+06 4.916210000000000000e+05 9.717554000000000000e+06
7.700000000000000000e+01 9.442818065455187886e-04 1.532514491235326896e-04 1.442360000000000000e+05 2.051737000000000000e+06 4.663000000000000000e+05 9.225926000000000000e+06
7.800000000000000000e+01 8.979789896751278876e-04 1.429685272134856137e-04 1.345580000000000000e+05 1.907499000000000000e+06 4.434350000000000000e+05 8.759619000000000000e+06
7.900000000000000000e+01 8.536303481067237554e-04 1.320247272885543405e-04 1.242580000000000000e+05 1.772940000000000000e+06 4.215350000000000000e+05 8.316173000000000000e+06
8.000000000000000000e+01 8.087632931939582560e-04 1.232654373292209934e-04 1.160140000000000000e+05 1.648679000000000000e+06 3.993790000000000000e+05 7.894628000000000000e+06
8.100000000000000000e+01 7.647508102785384064e-04 1.137241438024362648e-04 1.070340000000000000e+05 1.532664000000000000e+06 3.776450000000000000e+05 7.495238000000000000e+06
8.200000000000000000e+01 7.267790578562028899e-04 1.068114872673291919e-04 1.005280000000000000e+05 1.425628000000000000e+06 3.588940000000000000e+05 7.117584000000000000e+06
8.300000000000000000e+01 6.883253430277815749e-04 9.840813643176788480e-05 9.261900000000000000e+04 1.325098000000000000e+06 3.399050000000000000e+05 6.758682000000000000e+06
8.400000000000000000e+01 6.538427554192526156e-04 9.146891727548379925e-05 8.608800000000000000e+04 1.232477000000000000e+06 3.228770000000000000e+05 6.418773000000000000e+06
8.500000000000000000e+01 6.219947606271844552e-04 8.547851494764277861e-05 8.045000000000000000e+04 1.146388000000000000e+06 3.071500000000000000e+05 6.095889000000000000e+06
8.600000000000000000e+01 5.884376218404253206e-04 7.936273704784623439e-05 7.469400000000000000e+04 1.065937000000000000e+06 2.905790000000000000e+05 5.788737000000000000e+06
8.700000000000000000e+01 5.611358690721501147e-04 7.380583669761414916e-05 6.946400000000000000e+04 9.912420000000000000e+05 2.770970000000000000e+05 5.498156000000000000e+06
8.800000000000000000e+01 5.310476445779333324e-04 6.810868570756740677e-05 6.410200000000000000e+04 9.217770000000000000e+05 2.622390000000000000e+05 5.221048000000000000e+06
8.900000000000000000e+01 5.024073323541004745e-04 6.301928749005082284e-05 5.931200000000000000e+04 8.576750000000000000e+05 2.480960000000000000e+05 4.958802000000000000e+06
9.000000000000000000e+01 4.792549113928417596e-04 5.938445840818773073e-05 5.589100000000000000e+04 7.983610000000000000e+05 2.366630000000000000e+05 4.710699000000000000e+06
9.100000000000000000e+01 4.533625949045488141e-04 5.425681001617624154e-05 5.106500000000000000e+04 7.424700000000000000e+05 2.238770000000000000e+05 4.474033000000000000e+06
9.200000000000000000e+01 4.299853931572585096e-04 5.077604413713984857e-05 4.778900000000000000e+04 6.914040000000000000e+05 2.123330000000000000e+05 4.250146000000000000e+06
9.300000000000000000e+01 4.089046005213184637e-04 4.730909082111550435e-05 4.452600000000000000e+04 6.436150000000000000e+05 2.019230000000000000e+05 4.037808000000000000e+06
9.400000000000000000e+01 3.890914905165117864e-04 4.403657589210693423e-05 4.144600000000000000e+04 5.990890000000000000e+05 1.921390000000000000e+05 3.835878000000000000e+06
9.500000000000000000e+01 3.686242886748742741e-04 4.048780970285737558e-05 3.810600000000000000e+04 5.576430000000000000e+05 1.820320000000000000e+05 3.643736000000000000e+06
9.600000000000000000e+01 3.498561055672957422e-04 3.808123622421957788e-05 3.584100000000000000e+04 5.195370000000000000e+05 1.727640000000000000e+05 3.461700000000000000e+06
9.700000000000000000e+01 3.321652501909679749e-04 3.523691074858452572e-05 3.316400000000000000e+04 4.836950000000000000e+05 1.640280000000000000e+05 3.288932000000000000e+06
9.800000000000000000e+01 3.149037058654393447e-04 3.253602342730537171e-05 3.062200000000000000e+04 4.505300000000000000e+05 1.555040000000000000e+05 3.124901000000000000e+06
9.900000000000000000e+01 2.998575685662044788e-04 3.076376534237475869e-05 2.895400000000000000e+04 4.199070000000000000e+05 1.480740000000000000e+05 2.969390000000000000e+06
1.000000000000000000e+02 2.831610137839445616e-04 2.836887941705484344e-05 2.670000000000000000e+04 3.909510000000000000e+05 1.398290000000000000e+05 2.821312000000000000e+06
1.010000000000000000e+02 2.699617240239966668e-04 2.641918302266174943e-05 2.486500000000000000e+04 3.642490000000000000e+05 1.333110000000000000e+05 2.681477000000000000e+06
1.020000000000000000e+02 2.544234990580439542e-04 2.475955045152168591e-05 2.330300000000000000e+04 3.393840000000000000e+05 1.256380000000000000e+05 2.548163000000000000e+06
1.030000000000000000e+02 2.435651695562273517e-04 2.296179225026113153e-05 2.161100000000000000e+04 3.160810000000000000e+05 1.202760000000000000e+05 2.422521000000000000e+06
1.040000000000000000e+02 2.328121427649841536e-04 2.123628437860206525e-05 1.998700000000000000e+04 2.944700000000000000e+05 1.149660000000000000e+05 2.302240000000000000e+06
1.050000000000000000e+02 2.200745648898580422e-04 1.976471516539529048e-05 1.860200000000000000e+04 2.744830000000000000e+05 1.086760000000000000e+05 2.187270000000000000e+06
1.060000000000000000e+02 2.085763189160955210e-04 1.884564847267047920e-05 1.773700000000000000e+04 2.558810000000000000e+05 1.029980000000000000e+05 2.078592000000000000e+06
1.070000000000000000e+02 1.982121021331232670e-04 1.707870291197526667e-05 1.607400000000000000e+04 2.381440000000000000e+05 9.788000000000000000e+04 1.975592000000000000e+06
1.080000000000000000e+02 1.875988039386024318e-04 1.608526087995480438e-05 1.513900000000000000e+04 2.220690000000000000e+05 9.263900000000000000e+04 1.877708000000000000e+06
1.090000000000000000e+02 1.784293679102127615e-04 1.516513168238291333e-05 1.427300000000000000e+04 2.069290000000000000e+05 8.811100000000000000e+04 1.785065000000000000e+06
1.100000000000000000e+02 1.691424788584912180e-04 1.385506320593240451e-05 1.304000000000000000e+04 1.926560000000000000e+05 8.352500000000000000e+04 1.696950000000000000e+06
1.110000000000000000e+02 1.613278027026705905e-04 1.277024575706300316e-05 1.201900000000000000e+04 1.796150000000000000e+05 7.966600000000000000e+04 1.613424000000000000e+06
1.120000000000000000e+02 1.533956735235181171e-04 1.202649236410650826e-05 1.131900000000000000e+04 1.675960000000000000e+05 7.574900000000000000e+04 1.533755000000000000e+06
1.130000000000000000e+02 1.455344211687900353e-04 1.121686367063101059e-05 1.055700000000000000e+04 1.562770000000000000e+05 7.186700000000000000e+04 1.458003000000000000e+06
1.140000000000000000e+02 1.388011228484729864e-04 1.037110981235476887e-05 9.761000000000000000e+03 1.457190000000000000e+05 6.854200000000000000e+04 1.386135000000000000e+06
1.150000000000000000e+02 1.312861544073612083e-04 9.644356496951567075e-06 9.077000000000000000e+03 1.359580000000000000e+05 6.483100000000000000e+04 1.317590000000000000e+06
1.160000000000000000e+02 1.250327934410035645e-04 8.963290889972833959e-06 8.436000000000000000e+03 1.268810000000000000e+05 6.174300000000000000e+04 1.252757000000000000e+06
1.170000000000000000e+02 1.184230233003975824e-04 8.314100428406522464e-06 7.825000000000000000e+03 1.184440000000000000e+05 5.847900000000000000e+04 1.191012000000000000e+06
1.180000000000000000e+02 1.127184514602973828e-04 7.977286391881938457e-06 7.508000000000000000e+03 1.106190000000000000e+05 5.566200000000000000e+04 1.132533000000000000e+06
1.190000000000000000e+02 1.074938169741566154e-04 7.331283444856869633e-06 6.900000000000000000e+03 1.031110000000000000e+05 5.308200000000000000e+04 1.076871000000000000e+06
1.200000000000000000e+02 1.018256960723318082e-04 6.880781389694650428e-06 6.476000000000000000e+03 9.621100000000000000e+04 5.028300000000000000e+04 1.023789000000000000e+06
1.210000000000000000e+02 9.656258559578922778e-05 6.348466461307216801e-06 5.975000000000000000e+03 8.973500000000000000e+04 4.768400000000000000e+04 9.735060000000000000e+05
1.220000000000000000e+02 9.222897404526936716e-05 5.858651726803011721e-06 5.514000000000000000e+03 8.376000000000000000e+04 4.554400000000000000e+04 9.258190000000000000e+05
1.230000000000000000e+02 8.736884894188262001e-05 5.455962389759424102e-06 5.135000000000000000e+03 7.824500000000000000e+04 4.314400000000000000e+04 8.802730000000000000e+05
1.240000000000000000e+02 8.331266953268107829e-05 5.073460644810370572e-06 4.775000000000000000e+03 7.311000000000000000e+04 4.114100000000000000e+04 8.371290000000000000e+05
1.250000000000000000e+02 7.898513313854045202e-05 4.774896782780691833e-06 4.494000000000000000e+03 6.833500000000000000e+04 3.900400000000000000e+04 7.959880000000000000e+05
1.260000000000000000e+02 7.484795164428248394e-05 4.509270571010515323e-06 4.244000000000000000e+03 6.384100000000000000e+04 3.696100000000000000e+04 7.569830000000000000e+05
1.270000000000000000e+02 7.124740896352345062e-05 4.122518806673138515e-06 3.880000000000000000e+03 5.959700000000000000e+04 3.518300000000000000e+04 7.200210000000000000e+05
1.280000000000000000e+02 6.740588507972150448e-05 3.837767507655509371e-06 3.612000000000000000e+03 5.571700000000000000e+04 3.328600000000000000e+04 6.848360000000000000e+05
1.290000000000000000e+02 6.413947599982031968e-05 3.665641722428434816e-06 3.450000000000000000e+03 5.210400000000000000e+04 3.167300000000000000e+04 6.515490000000000000e+05
1.300000000000000000e+02 6.140565562916526932e-05 3.313952618044721453e-06 3.119000000000000000e+03 4.865400000000000000e+04 3.032300000000000000e+04 6.198760000000000000e+05
1.310000000000000000e+02 5.788408998133628253e-05 3.204514618795408687e-06 3.016000000000000000e+03 4.553500000000000000e+04 2.858400000000000000e+04 5.895530000000000000e+05
1.320000000000000000e+02 5.506926752562478548e-05 2.905950756765730372e-06 2.735000000000000000e+03 4.251900000000000000e+04 2.719400000000000000e+04 5.609680000000000000e+05
1.330000000000000000e+02 5.325482082036039997e-05 2.659449632243006496e-06 2.503000000000000000e+03 3.978400000000000000e+04 2.629800000000000000e+04 5.337730000000000000e+05
1.340000000000000000e+02 4.969477918212960015e-05 2.561699186311581686e-06 2.411000000000000000e+03 3.728100000000000000e+04 2.454000000000000000e+04 5.074750000000000000e+05
1.350000000000000000e+02 4.743887111330757510e-05 2.412948507720283044e-06 2.271000000000000000e+03 3.487000000000000000e+04 2.342600000000000000e+04 4.829350000000000000e+05
1.360000000000000000e+02 4.483465407874283944e-05 2.218510120704513609e-06 2.088000000000000000e+03 3.259900000000000000e+04 2.214000000000000000e+04 4.595090000000000000e+05
1.370000000000000000e+02 4.281365205658451317e-05 2.130322218396815116e-06 2.005000000000000000e+03 3.051100000000000000e+04 2.114200000000000000e+04 4.373690000000000000e+05
1.380000000000000000e+02 4.116323457355942797e-05 1.972008996181790157e-06 1.856000000000000000e+03 2.850600000000000000e+04 2.032700000000000000e+04 4.162270000000000000e+05
1.390000000000000000e+02 3.856509269537391988e-05 1.840258395143782510e-06 1.732000000000000000e+03 2.665000000000000000e+04 1.904400000000000000e+04 3.959000000000000000e+05
1.400000000000000000e+02 3.702807813142786005e-05 1.691507716552483656e-06 1.592000000000000000e+03 2.491800000000000000e+04 1.828500000000000000e+04 3.768550000000000000e+05
1.410000000000000000e+02 3.532905939736890683e-05 1.536382008878700520e-06 1.446000000000000000e+03 2.332600000000000000e+04 1.744600000000000000e+04 3.585690000000000000e+05
1.420000000000000000e+02 3.314605320509768718e-05 1.498131834383795252e-06 1.410000000000000000e+03 2.188000000000000000e+04 1.636800000000000000e+04 3.411230000000000000e+05
1.430000000000000000e+02 3.136603238598228727e-05 1.379131291510756169e-06 1.298000000000000000e+03 2.047000000000000000e+04 1.548900000000000000e+04 3.247540000000000000e+05
1.440000000000000000e+02 3.030288001961643548e-05 1.280318340732250539e-06 1.205000000000000000e+03 1.917200000000000000e+04 1.496400000000000000e+04 3.092650000000000000e+05
1.450000000000000000e+02 2.839528091653713119e-05 1.186817914189148372e-06 1.117000000000000000e+03 1.796700000000000000e+04 1.402200000000000000e+04 2.943010000000000000e+05
1.460000000000000000e+02 2.714987385879427605e-05 1.142192710611758822e-06 1.075000000000000000e+03 1.685000000000000000e+04 1.340700000000000000e+04 2.802790000000000000e+05
1.470000000000000000e+02 2.561893445122744717e-05 1.081629934328158461e-06 1.018000000000000000e+03 1.577500000000000000e+04 1.265100000000000000e+04 2.668720000000000000e+05
1.480000000000000000e+02 2.472791151560654036e-05 9.424417993605860300e-07 8.870000000000000000e+02 1.475700000000000000e+04 1.221100000000000000e+04 2.542200000000000000e+05
1.490000000000000000e+02 2.372753576515943222e-05 9.286292363485368583e-07 8.740000000000000000e+02 1.387000000000000000e+04 1.171700000000000000e+04 2.420080000000000000e+05
1.500000000000000000e+02 2.218849614908695867e-05 8.468163631233225416e-07 7.970000000000000000e+02 1.299600000000000000e+04 1.095700000000000000e+04 2.302910000000000000e+05
1.510000000000000000e+02 2.094916424772333787e-05 7.915661110751258547e-07 7.450000000000000000e+02 1.219900000000000000e+04 1.034500000000000000e+04 2.193340000000000000e+05
1.520000000000000000e+02 1.983538557819720436e-05 7.086907330028307185e-07 6.670000000000000000e+02 1.145400000000000000e+04 9.795000000000000000e+03 2.089880000000000000e+05
1.530000000000000000e+02 1.962275510492403265e-05 7.278158202502834585e-07 6.850000000000000000e+02 1.078700000000000000e+04 9.690000000000000000e+03 1.991930000000000000e+05
1.540000000000000000e+02 1.799461319528947113e-05 6.874406360612166570e-07 6.470000000000000000e+02 1.010200000000000000e+04 8.886000000000000000e+03 1.895030000000000000e+05
1.550000000000000000e+02 1.721699317874758969e-05 6.555654906487954589e-07 6.170000000000000000e+02 9.455000000000000000e+03 8.502000000000000000e+03 1.806170000000000000e+05
1.560000000000000000e+02 1.659530217593936728e-05 5.822526562002267456e-07 5.480000000000000000e+02 8.838000000000000000e+03 8.195000000000000000e+03 1.721150000000000000e+05
1.570000000000000000e+02 1.595741075611985553e-05 5.503775107878056534e-07 5.180000000000000000e+02 8.290000000000000000e+03 7.880000000000000000e+03 1.639200000000000000e+05
1.580000000000000000e+02 1.470997864625058667e-05 4.770646763392369401e-07 4.490000000000000000e+02 7.772000000000000000e+03 7.264000000000000000e+03 1.560400000000000000e+05
1.590000000000000000e+02 1.426446717844013327e-05 4.813146957275596889e-07 4.530000000000000000e+02 7.323000000000000000e+03 7.044000000000000000e+03 1.487760000000000000e+05
1.600000000000000000e+02 1.363265091499985587e-05 5.270024041520300587e-07 4.960000000000000000e+02 6.870000000000000000e+03 6.732000000000000000e+03 1.417320000000000000e+05
1.610000000000000000e+02 1.304943590259344479e-05 4.366894921501700857e-07 4.110000000000000000e+02 6.374000000000000000e+03 6.444000000000000000e+03 1.350000000000000000e+05
1.620000000000000000e+02 1.223333989564975201e-05 4.165019000556366849e-07 3.920000000000000000e+02 5.963000000000000000e+03 6.041000000000000000e+03 1.285550000000000000e+05
1.630000000000000000e+02 1.180605389697699827e-05 3.793142304078119715e-07 3.570000000000000000e+02 5.571000000000000000e+03 5.830000000000000000e+03 1.225140000000000000e+05
1.640000000000000000e+02 1.121271362393853219e-05 3.485015898424714870e-07 3.280000000000000000e+02 5.214000000000000000e+03 5.537000000000000000e+03 1.166840000000000000e+05
1.650000000000000000e+02 1.086035455394299248e-05 3.166264444300503419e-07 2.980000000000000000e+02 4.886000000000000000e+03 5.363000000000000000e+03 1.111470000000000000e+05
1.660000000000000000e+02 1.017386188308961272e-05 2.868763087117905711e-07 2.700000000000000000e+02 4.588000000000000000e+03 5.024000000000000000e+03 1.057840000000000000e+05
1.670000000000000000e+02 9.578496557924734634e-06 2.698762311584992584e-07 2.540000000000000000e+02 4.318000000000000000e+03 4.730000000000000000e+03 1.007600000000000000e+05
1.680000000000000000e+02 9.185636445400971578e-06 2.507511439110465713e-07 2.360000000000000000e+02 4.064000000000000000e+03 4.536000000000000000e+03 9.603000000000000000e+04
1.690000000000000000e+02 8.849477792416721205e-06 2.433136099814816286e-07 2.290000000000000000e+02 3.828000000000000000e+03 4.370000000000000000e+03 9.149400000000000000e+04
1.700000000000000000e+02 8.154884913057696772e-06 2.348135712048359723e-07 2.210000000000000000e+02 3.599000000000000000e+03 4.027000000000000000e+03 8.712300000000000000e+04
1.710000000000000000e+02 7.816701207947036078e-06 2.156884839573832852e-07 2.030000000000000000e+02 3.378000000000000000e+03 3.860000000000000000e+03 8.309500000000000000e+04
1.720000000000000000e+02 7.359039427378115671e-06 1.944383870157691707e-07 1.830000000000000000e+02 3.175000000000000000e+03 3.634000000000000000e+03 7.923500000000000000e+04
1.730000000000000000e+02 7.097807703071077638e-06 1.816883288508006862e-07 1.710000000000000000e+02 2.992000000000000000e+03 3.505000000000000000e+03 7.560100000000000000e+04
1.740000000000000000e+02 6.794049884109405094e-06 1.976259015570112853e-07 1.860000000000000000e+02 2.821000000000000000e+03 3.355000000000000000e+03 7.209600000000000000e+04
1.750000000000000000e+02 6.579394358709823061e-06 1.476881737442181137e-07 1.390000000000000000e+02 2.635000000000000000e+03 3.249000000000000000e+03 6.874100000000000000e+04
1.760000000000000000e+02 6.227035288714283350e-06 1.540632028267023428e-07 1.450000000000000000e+02 2.496000000000000000e+03 3.075000000000000000e+03 6.549200000000000000e+04
1.770000000000000000e+02 5.957703355901600648e-06 1.455631640500566864e-07 1.370000000000000000e+02 2.351000000000000000e+03 2.942000000000000000e+03 6.241600000000000000e+04
1.780000000000000000e+02 5.433214855161112569e-06 1.296255913438461138e-07 1.220000000000000000e+02 2.214000000000000000e+03 2.683000000000000000e+03 5.947400000000000000e+04
1.790000000000000000e+02 5.340062457346199723e-06 1.306880961909268010e-07 1.230000000000000000e+02 2.092000000000000000e+03 2.637000000000000000e+03 5.679100000000000000e+04
1.800000000000000000e+02 5.240834903152053376e-06 9.456293139018281445e-08 8.900000000000000000e+01 1.969000000000000000e+03 2.588000000000000000e+03 5.415400000000000000e+04
1.810000000000000000e+02 4.843924686375468832e-06 1.020004653197477571e-07 9.600000000000000000e+01 1.880000000000000000e+03 2.392000000000000000e+03 5.156600000000000000e+04
1.820000000000000000e+02 4.714321350285154976e-06 1.083754944022319862e-07 1.020000000000000000e+02 1.784000000000000000e+03 2.328000000000000000e+03 4.917400000000000000e+04
1.830000000000000000e+02 4.459164782357350445e-06 9.775044593142492897e-08 9.200000000000000000e+01 1.682000000000000000e+03 2.202000000000000000e+03 4.684600000000000000e+04
1.840000000000000000e+02 4.258684621842646583e-06 9.243792169602140036e-08 8.700000000000000000e+01 1.590000000000000000e+03 2.103000000000000000e+03 4.464400000000000000e+04
1.850000000000000000e+02 3.926576073111217697e-06 8.925040715477928585e-08 8.400000000000000000e+01 1.503000000000000000e+03 1.939000000000000000e+03 4.254100000000000000e+04
1.860000000000000000e+02 3.805072945526548934e-06 1.073129895551512858e-07 1.010000000000000000e+02 1.419000000000000000e+03 1.879000000000000000e+03 4.060200000000000000e+04
1.870000000000000000e+02 3.618768149896723242e-06 8.925040715477928585e-08 8.400000000000000000e+01 1.318000000000000000e+03 1.787000000000000000e+03 3.872300000000000000e+04
1.880000000000000000e+02 3.393987363865085796e-06 6.906281506024587186e-08 6.500000000000000000e+01 1.234000000000000000e+03 1.676000000000000000e+03 3.693600000000000000e+04
1.890000000000000000e+02 3.284634549038883612e-06 6.800031021316517143e-08 6.400000000000000000e+01 1.169000000000000000e+03 1.622000000000000000e+03 3.526000000000000000e+04
1.900000000000000000e+02 2.934300531169755068e-06 5.525025204819670013e-08 5.200000000000000000e+01 1.105000000000000000e+03 1.449000000000000000e+03 3.363800000000000000e+04
1.910000000000000000e+02 3.017327668352612078e-06 5.950027143651952831e-08 5.600000000000000000e+01 1.053000000000000000e+03 1.490000000000000000e+03 3.218900000000000000e+04
1.920000000000000000e+02 2.889749384388709813e-06 6.056277628360022874e-08 5.700000000000000000e+01 9.970000000000000000e+02 1.427000000000000000e+03 3.069900000000000000e+04
1.930000000000000000e+02 2.721670057896584203e-06 4.887522296571246448e-08 4.600000000000000000e+01 9.400000000000000000e+02 1.344000000000000000e+03 2.927200000000000000e+04
1.940000000000000000e+02 2.600166930311915439e-06 4.675021327155105701e-08 4.400000000000000000e+01 8.940000000000000000e+02 1.284000000000000000e+03 2.792800000000000000e+04
1.950000000000000000e+02 2.393611613417978075e-06 4.568770842447034997e-08 4.300000000000000000e+01 8.500000000000000000e+02 1.182000000000000000e+03 2.664400000000000000e+04
1.960000000000000000e+02 2.326784893246410403e-06 5.206273750695458562e-08 4.900000000000000000e+01 8.070000000000000000e+02 1.149000000000000000e+03 2.546200000000000000e+04
1.970000000000000000e+02 2.257933120948431141e-06 4.356269873030893588e-08 4.100000000000000000e+01 7.580000000000000000e+02 1.115000000000000000e+03 2.431300000000000000e+04
1.980000000000000000e+02 2.168830827386340629e-06 4.143768903614752841e-08 3.900000000000000000e+01 7.170000000000000000e+02 1.071000000000000000e+03 2.319800000000000000e+04
1.990000000000000000e+02 2.069603273192194282e-06 4.568770842447034997e-08 4.300000000000000000e+01 6.780000000000000000e+02 1.022000000000000000e+03 2.212700000000000000e+04
2.000000000000000000e+02 1.984551083882926105e-06 4.143768903614752841e-08 3.900000000000000000e+01 6.350000000000000000e+02 9.800000000000000000e+02 2.110500000000000000e+04
2.010000000000000000e+02 1.794196184000278078e-06 2.975013571825976416e-08 2.800000000000000000e+01 5.960000000000000000e+02 8.860000000000000000e+02 2.012500000000000000e+04
2.020000000000000000e+02 1.743569880839999321e-06 2.656262117701764633e-08 2.500000000000000000e+01 5.680000000000000000e+02 8.610000000000000000e+02 1.923900000000000000e+04
2.030000000000000000e+02 1.674718108542020270e-06 3.293765025950187867e-08 3.100000000000000000e+01 5.430000000000000000e+02 8.270000000000000000e+02 1.837800000000000000e+04
2.040000000000000000e+02 1.628141909634563847e-06 4.143768903614752841e-08 3.900000000000000000e+01 5.120000000000000000e+02 8.040000000000000000e+02 1.755100000000000000e+04
2.050000000000000000e+02 1.441837114004738156e-06 2.868763087117905711e-08 2.700000000000000000e+01 4.730000000000000000e+02 7.120000000000000000e+02 1.674700000000000000e+04
2.060000000000000000e+02 1.464112687395260783e-06 3.187514541242117163e-08 3.000000000000000000e+01 4.460000000000000000e+02 7.230000000000000000e+02 1.603500000000000000e+04
2.070000000000000000e+02 1.385135654465225896e-06 2.443761148285623224e-08 2.300000000000000000e+01 4.160000000000000000e+02 6.840000000000000000e+02 1.531200000000000000e+04
2.080000000000000000e+02 1.328434194925713849e-06 2.975013571825976416e-08 2.800000000000000000e+01 3.930000000000000000e+02 6.560000000000000000e+02 1.462800000000000000e+04
2.090000000000000000e+02 1.263632526880556921e-06 2.550011632993693929e-08 2.400000000000000000e+01 3.650000000000000000e+02 6.240000000000000000e+02 1.397200000000000000e+04
2.100000000000000000e+02 1.176555285444877577e-06 2.125009694161411442e-08 2.000000000000000000e+01 3.410000000000000000e+02 5.810000000000000000e+02 1.334800000000000000e+04
2.110000000000000000e+02 1.083402887629964731e-06 1.381256301204917503e-08 1.300000000000000000e+01 3.210000000000000000e+02 5.350000000000000000e+02 1.276700000000000000e+04
2.120000000000000000e+02 1.138079295043065823e-06 2.868763087117905711e-08 2.700000000000000000e+01 3.080000000000000000e+02 5.620000000000000000e+02 1.223200000000000000e+04
2.130000000000000000e+02 1.042901845101741810e-06 1.912508724745270364e-08 1.800000000000000000e+01 2.810000000000000000e+02 5.150000000000000000e+02 1.167000000000000000e+04
2.140000000000000000e+02 9.274738738963062301e-07 1.806258240037199990e-08 1.700000000000000000e+01 2.630000000000000000e+02 4.580000000000000000e+02 1.115500000000000000e+04
2.150000000000000000e+02 9.598747079188845883e-07 1.487506785912988208e-08 1.400000000000000000e+01 2.460000000000000000e+02 4.740000000000000000e+02 1.069700000000000000e+04
2.160000000000000000e+02 9.375991345283619604e-07 9.562543623726351819e-09 9.000000000000000000e+00 2.320000000000000000e+02 4.630000000000000000e+02 1.022300000000000000e+04
2.170000000000000000e+02 8.667223101039717424e-07 2.337510663577552851e-08 2.200000000000000000e+01 2.230000000000000000e+02 4.280000000000000000e+02 9.760000000000000000e+03
2.180000000000000000e+02 8.484968409662714490e-07 6.375029082484234822e-09 6.000000000000000000e+00 2.010000000000000000e+02 4.190000000000000000e+02 9.332000000000000000e+03
2.190000000000000000e+02 7.938204335531704630e-07 4.250019388322823214e-09 4.000000000000000000e+00 1.950000000000000000e+02 3.920000000000000000e+02 8.913000000000000000e+03
2.200000000000000000e+02 7.249686612551913064e-07 4.250019388322823214e-09 4.000000000000000000e+00 1.910000000000000000e+02 3.580000000000000000e+02 8.521000000000000000e+03
2.210000000000000000e+02 7.573694952777697704e-07 1.275005816496846964e-08 1.200000000000000000e+01 1.870000000000000000e+02 3.740000000000000000e+02 8.163000000000000000e+03
2.220000000000000000e+02 7.796450686682923982e-07 1.168755331788776425e-08 1.100000000000000000e+01 1.750000000000000000e+02 3.850000000000000000e+02 7.789000000000000000e+03
2.230000000000000000e+02 6.297912113138673991e-07 1.062504847080705721e-08 1.000000000000000000e+01 1.640000000000000000e+02 3.110000000000000000e+02 7.404000000000000000e+03
2.240000000000000000e+02 6.986429836118464499e-07 7.437533929564941039e-09 7.000000000000000000e+00 1.540000000000000000e+02 3.450000000000000000e+02 7.093000000000000000e+03
2.250000000000000000e+02 5.771398560271774745e-07 1.700007755329129286e-08 1.600000000000000000e+01 1.470000000000000000e+02 2.850000000000000000e+02 6.748000000000000000e+03
2.260000000000000000e+02 6.156158464289893344e-07 8.500038776645646429e-09 8.000000000000000000e+00 1.310000000000000000e+02 3.040000000000000000e+02 6.463000000000000000e+03
2.270000000000000000e+02 5.751148039007663072e-07 1.381256301204917503e-08 1.300000000000000000e+01 1.230000000000000000e+02 2.840000000000000000e+02 6.159000000000000000e+03
2.280000000000000000e+02 4.961377709707315262e-07 6.375029082484234822e-09 6.000000000000000000e+00 1.100000000000000000e+02 2.450000000000000000e+02 5.875000000000000000e+03
2.290000000000000000e+02 5.244885007404875498e-07 7.437533929564941039e-09 7.000000000000000000e+00 1.040000000000000000e+02 2.590000000000000000e+02 5.630000000000000000e+03
2.300000000000000000e+02 4.819624060858534614e-07 3.187514541242117411e-09 3.000000000000000000e+00 9.700000000000000000e+01 2.380000000000000000e+02 5.371000000000000000e+03
2.310000000000000000e+02 4.272859986727524224e-07 2.125009694161411607e-09 2.000000000000000000e+00 9.400000000000000000e+01 2.110000000000000000e+02 5.133000000000000000e+03
2.320000000000000000e+02 4.779123018330311269e-07 7.437533929564941039e-09 7.000000000000000000e+00 9.200000000000000000e+01 2.360000000000000000e+02 4.922000000000000000e+03
2.330000000000000000e+02 4.110855816614632434e-07 3.187514541242117411e-09 3.000000000000000000e+00 8.500000000000000000e+01 2.030000000000000000e+02 4.686000000000000000e+03
2.340000000000000000e+02 3.786847476388848852e-07 6.375029082484234822e-09 6.000000000000000000e+00 8.200000000000000000e+01 1.870000000000000000e+02 4.483000000000000000e+03
2.350000000000000000e+02 3.847599040181183340e-07 3.187514541242117411e-09 3.000000000000000000e+00 7.600000000000000000e+01 1.900000000000000000e+02 4.296000000000000000e+03
2.360000000000000000e+02 3.543841221219510901e-07 5.312524235403528604e-09 5.000000000000000000e+00 7.300000000000000000e+01 1.750000000000000000e+02 4.106000000000000000e+03
2.370000000000000000e+02 3.361586529842507438e-07 3.187514541242117411e-09 3.000000000000000000e+00 6.800000000000000000e+01 1.660000000000000000e+02 3.931000000000000000e+03
2.380000000000000000e+02 3.260333923521950135e-07 1.062504847080705804e-09 1.000000000000000000e+00 6.500000000000000000e+01 1.610000000000000000e+02 3.765000000000000000e+03
2.390000000000000000e+02 3.057828710880834999e-07 3.187514541242117411e-09 3.000000000000000000e+00 6.400000000000000000e+01 1.510000000000000000e+02 3.604000000000000000e+03
2.400000000000000000e+02 2.612317243070382442e-07 2.125009694161411607e-09 2.000000000000000000e+00 6.100000000000000000e+01 1.290000000000000000e+02 3.453000000000000000e+03
2.410000000000000000e+02 3.138830795937281159e-07 0.000000000000000000e+00 0.000000000000000000e+00 5.900000000000000000e+01 1.550000000000000000e+02 3.324000000000000000e+03
2.420000000000000000e+02 2.632567764334493585e-07 0.000000000000000000e+00 0.000000000000000000e+00 5.900000000000000000e+01 1.300000000000000000e+02 3.169000000000000000e+03
2.430000000000000000e+02 2.511064636749824610e-07 2.125009694161411607e-09 2.000000000000000000e+00 5.900000000000000000e+01 1.240000000000000000e+02 3.039000000000000000e+03
2.440000000000000000e+02 2.450313072957490122e-07 2.125009694161411607e-09 2.000000000000000000e+00 5.700000000000000000e+01 1.210000000000000000e+02 2.915000000000000000e+03
2.450000000000000000e+02 2.328809945372821411e-07 2.125009694161411607e-09 2.000000000000000000e+00 5.500000000000000000e+01 1.150000000000000000e+02 2.794000000000000000e+03
2.460000000000000000e+02 2.369310987901044492e-07 1.062504847080705804e-09 1.000000000000000000e+00 5.300000000000000000e+01 1.170000000000000000e+02 2.679000000000000000e+03
2.470000000000000000e+02 2.511064636749824610e-07 1.062504847080705804e-09 1.000000000000000000e+00 5.200000000000000000e+01 1.240000000000000000e+02 2.562000000000000000e+03
2.480000000000000000e+02 1.903548998826479997e-07 1.062504847080705804e-09 1.000000000000000000e+00 5.100000000000000000e+01 9.400000000000000000e+01 2.438000000000000000e+03
2.490000000000000000e+02 2.247807860316375516e-07 3.187514541242117411e-09 3.000000000000000000e+00 5.000000000000000000e+01 1.110000000000000000e+02 2.344000000000000000e+03
2.500000000000000000e+02 1.620041701128919231e-07 2.125009694161411607e-09 2.000000000000000000e+00 4.700000000000000000e+01 8.000000000000000000e+01 2.233000000000000000e+03
2.510000000000000000e+02 1.863047956298257182e-07 3.187514541242117411e-09 3.000000000000000000e+00 4.500000000000000000e+01 9.200000000000000000e+01 2.153000000000000000e+03
2.520000000000000000e+02 1.640292222393030639e-07 2.125009694161411607e-09 2.000000000000000000e+00 4.200000000000000000e+01 8.100000000000000000e+01 2.061000000000000000e+03
2.530000000000000000e+02 1.559290137336584744e-07 2.125009694161411607e-09 2.000000000000000000e+00 4.000000000000000000e+01 7.700000000000000000e+01 1.980000000000000000e+03
2.540000000000000000e+02 1.721294307449476799e-07 0.000000000000000000e+00 0.000000000000000000e+00 3.800000000000000000e+01 8.500000000000000000e+01 1.903000000000000000e+03
2.550000000000000000e+02 1.437787009751915768e-07 2.125009694161411607e-09 2.000000000000000000e+00 3.800000000000000000e+01 7.100000000000000000e+01 1.818000000000000000e+03
2.560000000000000000e+02 1.640292222393030639e-07 3.187514541242117411e-09 3.000000000000000000e+00 3.600000000000000000e+01 8.100000000000000000e+01 1.747000000000000000e+03
2.570000000000000000e+02 1.356784924695469873e-07 1.062504847080705804e-09 1.000000000000000000e+00 3.300000000000000000e+01 6.700000000000000000e+01 1.666000000000000000e+03
2.580000000000000000e+02 1.316283882167246793e-07 0.000000000000000000e+00 0.000000000000000000e+00 3.200000000000000000e+01 6.500000000000000000e+01 1.599000000000000000e+03
2.590000000000000000e+02 1.458037531016027176e-07 3.187514541242117411e-09 3.000000000000000000e+00 3.200000000000000000e+01 7.200000000000000000e+01 1.534000000000000000e+03
2.600000000000000000e+02 1.559290137336584744e-07 2.125009694161411607e-09 2.000000000000000000e+00 2.900000000000000000e+01 7.700000000000000000e+01 1.462000000000000000e+03
2.610000000000000000e+02 1.336534403431358465e-07 2.125009694161411607e-09 2.000000000000000000e+00 2.700000000000000000e+01 6.600000000000000000e+01 1.385000000000000000e+03
2.620000000000000000e+02 1.012526063205574486e-07 2.125009694161411607e-09 2.000000000000000000e+00 2.500000000000000000e+01 5.000000000000000000e+01 1.319000000000000000e+03
2.630000000000000000e+02 1.134029190790243462e-07 0.000000000000000000e+00 0.000000000000000000e+00 2.300000000000000000e+01 5.600000000000000000e+01 1.269000000000000000e+03
2.640000000000000000e+02 9.720250206773515388e-08 2.125009694161411607e-09 2.000000000000000000e+00 2.300000000000000000e+01 4.800000000000000000e+01 1.213000000000000000e+03
2.650000000000000000e+02 8.505218930926825633e-08 1.062504847080705804e-09 1.000000000000000000e+00 2.100000000000000000e+01 4.200000000000000000e+01 1.165000000000000000e+03
2.660000000000000000e+02 8.707724143567941034e-08 2.125009694161411607e-09 2.000000000000000000e+00 2.000000000000000000e+01 4.300000000000000000e+01 1.123000000000000000e+03
2.670000000000000000e+02 7.695198080362366679e-08 1.062504847080705804e-09 1.000000000000000000e+00 1.800000000000000000e+01 3.800000000000000000e+01 1.080000000000000000e+03
2.680000000000000000e+02 8.302713718285711557e-08 1.062504847080705804e-09 1.000000000000000000e+00 1.700000000000000000e+01 4.100000000000000000e+01 1.042000000000000000e+03
2.690000000000000000e+02 8.302713718285711557e-08 0.000000000000000000e+00 0.000000000000000000e+00 1.600000000000000000e+01 4.100000000000000000e+01 1.001000000000000000e+03
2.700000000000000000e+02 7.695198080362366679e-08 1.062504847080705804e-09 1.000000000000000000e+00 1.600000000000000000e+01 3.800000000000000000e+01 9.600000000000000000e+02
2.710000000000000000e+02 6.682672017156792325e-08 0.000000000000000000e+00 0.000000000000000000e+00 1.500000000000000000e+01 3.300000000000000000e+01 9.220000000000000000e+02
2.720000000000000000e+02 7.492692867721251279e-08 0.000000000000000000e+00 0.000000000000000000e+00 1.500000000000000000e+01 3.700000000000000000e+01 8.890000000000000000e+02
2.730000000000000000e+02 6.075156379233447448e-08 0.000000000000000000e+00 0.000000000000000000e+00 1.500000000000000000e+01 3.000000000000000000e+01 8.520000000000000000e+02
2.740000000000000000e+02 7.695198080362366679e-08 1.062504847080705804e-09 1.000000000000000000e+00 1.500000000000000000e+01 3.800000000000000000e+01 8.220000000000000000e+02
2.750000000000000000e+02 4.252609465463412817e-08 1.062504847080705804e-09 1.000000000000000000e+00 1.400000000000000000e+01 2.100000000000000000e+01 7.840000000000000000e+02
2.760000000000000000e+02 8.100208505644596156e-08 0.000000000000000000e+00 0.000000000000000000e+00 1.300000000000000000e+01 4.000000000000000000e+01 7.630000000000000000e+02
2.770000000000000000e+02 5.467640741310102571e-08 1.062504847080705804e-09 1.000000000000000000e+00 1.300000000000000000e+01 2.700000000000000000e+01 7.230000000000000000e+02
2.780000000000000000e+02 5.062630316027872432e-08 0.000000000000000000e+00 0.000000000000000000e+00 1.200000000000000000e+01 2.500000000000000000e+01 6.960000000000000000e+02
2.790000000000000000e+02 3.645093827540067939e-08 0.000000000000000000e+00 0.000000000000000000e+00 1.200000000000000000e+01 1.800000000000000000e+01 6.710000000000000000e+02
2.800000000000000000e+02 4.455114678104528217e-08 3.187514541242117411e-09 3.000000000000000000e+00 1.200000000000000000e+01 2.200000000000000000e+01 6.530000000000000000e+02
2.810000000000000000e+02 5.670145953951217309e-08 0.000000000000000000e+00 0.000000000000000000e+00 9.000000000000000000e+00 2.800000000000000000e+01 6.310000000000000000e+02
2.820000000000000000e+02 4.860125103386757694e-08 0.000000000000000000e+00 0.000000000000000000e+00 9.000000000000000000e+00 2.400000000000000000e+01 6.030000000000000000e+02
2.830000000000000000e+02 4.455114678104528217e-08 0.000000000000000000e+00 0.000000000000000000e+00 9.000000000000000000e+00 2.200000000000000000e+01 5.790000000000000000e+02
2.840000000000000000e+02 3.847599040181183340e-08 0.000000000000000000e+00 0.000000000000000000e+00 9.000000000000000000e+00 1.900000000000000000e+01 5.570000000000000000e+02
2.850000000000000000e+02 4.252609465463412817e-08 0.000000000000000000e+00 0.000000000000000000e+00 9.000000000000000000e+00 2.100000000000000000e+01 5.380000000000000000e+02
2.860000000000000000e+02 4.252609465463412817e-08 0.000000000000000000e+00 0.000000000000000000e+00 9.000000000000000000e+00 2.100000000000000000e+01 5.170000000000000000e+02
2.870000000000000000e+02 5.265135528668987171e-08 1.062504847080705804e-09 1.000000000000000000e+00 9.000000000000000000e+00 2.600000000000000000e+01 4.960000000000000000e+02
2.880000000000000000e+02 2.835072976975608655e-08 0.000000000000000000e+00 0.000000000000000000e+00 8.000000000000000000e+00 1.400000000000000000e+01 4.700000000000000000e+02
2.890000000000000000e+02 4.252609465463412817e-08 0.000000000000000000e+00 0.000000000000000000e+00 8.000000000000000000e+00 2.100000000000000000e+01 4.560000000000000000e+02
2.900000000000000000e+02 3.645093827540067939e-08 1.062504847080705804e-09 1.000000000000000000e+00 8.000000000000000000e+00 1.800000000000000000e+01 4.350000000000000000e+02
2.910000000000000000e+02 3.037578189616723724e-08 1.062504847080705804e-09 1.000000000000000000e+00 7.000000000000000000e+00 1.500000000000000000e+01 4.170000000000000000e+02
2.920000000000000000e+02 4.050104252822298078e-08 0.000000000000000000e+00 0.000000000000000000e+00 6.000000000000000000e+00 2.000000000000000000e+01 4.020000000000000000e+02
2.930000000000000000e+02 3.240083402257838463e-08 0.000000000000000000e+00 0.000000000000000000e+00 6.000000000000000000e+00 1.600000000000000000e+01 3.820000000000000000e+02
2.940000000000000000e+02 2.025052126411149039e-08 0.000000000000000000e+00 0.000000000000000000e+00 6.000000000000000000e+00 1.000000000000000000e+01 3.660000000000000000e+02
2.950000000000000000e+02 3.037578189616723724e-08 1.062504847080705804e-09 1.000000000000000000e+00 6.000000000000000000e+00 1.500000000000000000e+01 3.560000000000000000e+02
2.960000000000000000e+02 3.240083402257838463e-08 0.000000000000000000e+00 0.000000000000000000e+00 5.000000000000000000e+00 1.600000000000000000e+01 3.410000000000000000e+02
2.970000000000000000e+02 3.645093827540067939e-08 0.000000000000000000e+00 0.000000000000000000e+00 5.000000000000000000e+00 1.800000000000000000e+01 3.250000000000000000e+02
2.980000000000000000e+02 3.037578189616723724e-08 0.000000000000000000e+00 0.000000000000000000e+00 5.000000000000000000e+00 1.500000000000000000e+01 3.070000000000000000e+02
2.990000000000000000e+02 1.620041701128919231e-08 0.000000000000000000e+00 0.000000000000000000e+00 5.000000000000000000e+00 8.000000000000000000e+00 2.920000000000000000e+02
3.000000000000000000e+02 1.012526063205574520e-08 0.000000000000000000e+00 0.000000000000000000e+00 5.000000000000000000e+00 5.000000000000000000e+00 2.840000000000000000e+02
3.010000000000000000e+02 2.025052126411149039e-08 0.000000000000000000e+00 0.000000000000000000e+00 5.000000000000000000e+00 1.000000000000000000e+01 2.790000000000000000e+02
3.020000000000000000e+02 1.417536488487804327e-08 1.062504847080705804e-09 1.000000000000000000e+00 5.000000000000000000e+00 7.000000000000000000e+00 2.690000000000000000e+02
3.030000000000000000e+02 1.822546913770033970e-08 0.000000000000000000e+00 0.000000000000000000e+00 4.000000000000000000e+00 9.000000000000000000e+00 2.620000000000000000e+02
3.040000000000000000e+02 3.240083402257838463e-08 0.000000000000000000e+00 0.000000000000000000e+00 4.000000000000000000e+00 1.600000000000000000e+01 2.530000000000000000e+02
3.050000000000000000e+02 2.430062551693378847e-08 0.000000000000000000e+00 0.000000000000000000e+00 4.000000000000000000e+00 1.200000000000000000e+01 2.370000000000000000e+02
3.060000000000000000e+02 1.822546913770033970e-08 0.000000000000000000e+00 0.000000000000000000e+00 4.000000000000000000e+00 9.000000000000000000e+00 2.250000000000000000e+02
3.070000000000000000e+02 2.025052126411149039e-08 0.000000000000000000e+00 0.000000000000000000e+00 4.000000000000000000e+00 1.000000000000000000e+01 2.160000000000000000e+02
3.080000000000000000e+02 4.050104252822298078e-09 0.000000000000000000e+00 0.000000000000000000e+00 4.000000000000000000e+00 2.000000000000000000e+00 2.060000000000000000e+02
3.090000000000000000e+02 2.430062551693378847e-08 0.000000000000000000e+00 0.000000000000000000e+00 4.000000000000000000e+00 1.200000000000000000e+01 2.040000000000000000e+02
3.100000000000000000e+02 1.012526063205574520e-08 0.000000000000000000e+00 0.000000000000000000e+00 4.000000000000000000e+00 5.000000000000000000e+00 1.920000000000000000e+02
3.110000000000000000e+02 1.620041701128919231e-08 0.000000000000000000e+00 0.000000000000000000e+00 4.000000000000000000e+00 8.000000000000000000e+00 1.870000000000000000e+02
3.120000000000000000e+02 1.012526063205574520e-08 0.000000000000000000e+00 0.000000000000000000e+00 4.000000000000000000e+00 5.000000000000000000e+00 1.790000000000000000e+02
3.130000000000000000e+02 2.430062551693378847e-08 0.000000000000000000e+00 0.000000000000000000e+00 4.000000000000000000e+00 1.200000000000000000e+01 1.740000000000000000e+02
3.140000000000000000e+02 1.417536488487804327e-08 0.000000000000000000e+00 0.000000000000000000e+00 4.000000000000000000e+00 7.000000000000000000e+00 1.620000000000000000e+02
3.150000000000000000e+02 6.075156379233447117e-09 0.000000000000000000e+00 0.000000000000000000e+00 4.000000000000000000e+00 3.000000000000000000e+00 1.550000000000000000e+02
3.160000000000000000e+02 4.050104252822298078e-09 1.062504847080705804e-09 1.000000000000000000e+00 4.000000000000000000e+00 2.000000000000000000e+00 1.520000000000000000e+02
3.170000000000000000e+02 1.215031275846689423e-08 1.062504847080705804e-09 1.000000000000000000e+00 3.000000000000000000e+00 6.000000000000000000e+00 1.500000000000000000e+02
3.180000000000000000e+02 6.075156379233447117e-09 1.062504847080705804e-09 1.000000000000000000e+00 2.000000000000000000e+00 3.000000000000000000e+00 1.440000000000000000e+02
3.190000000000000000e+02 6.075156379233447117e-09 0.000000000000000000e+00 0.000000000000000000e+00 1.000000000000000000e+00 3.000000000000000000e+00 1.410000000000000000e+02
3.200000000000000000e+02 4.050104252822298078e-09 0.000000000000000000e+00 0.000000000000000000e+00 1.000000000000000000e+00 2.000000000000000000e+00 1.380000000000000000e+02
3.210000000000000000e+02 1.417536488487804327e-08 0.000000000000000000e+00 0.000000000000000000e+00 1.000000000000000000e+00 7.000000000000000000e+00 1.360000000000000000e+02
3.220000000000000000e+02 8.100208505644596156e-09 0.000000000000000000e+00 0.000000000000000000e+00 1.000000000000000000e+00 4.000000000000000000e+00 1.290000000000000000e+02
3.230000000000000000e+02 1.215031275846689423e-08 0.000000000000000000e+00 0.000000000000000000e+00 1.000000000000000000e+00 6.000000000000000000e+00 1.250000000000000000e+02
3.240000000000000000e+02 1.012526063205574520e-08 0.000000000000000000e+00 0.000000000000000000e+00 1.000000000000000000e+00 5.000000000000000000e+00 1.190000000000000000e+02
3.250000000000000000e+02 8.100208505644596156e-09 0.000000000000000000e+00 0.000000000000000000e+00 1.000000000000000000e+00 4.000000000000000000e+00 1.140000000000000000e+02
3.260000000000000000e+02 6.075156379233447117e-09 0.000000000000000000e+00 0.000000000000000000e+00 1.000000000000000000e+00 3.000000000000000000e+00 1.100000000000000000e+02
3.270000000000000000e+02 1.012526063205574520e-08 0.000000000000000000e+00 0.000000000000000000e+00 1.000000000000000000e+00 5.000000000000000000e+00 1.070000000000000000e+02
3.280000000000000000e+02 2.025052126411149039e-09 0.000000000000000000e+00 0.000000000000000000e+00 1.000000000000000000e+00 1.000000000000000000e+00 1.020000000000000000e+02
3.290000000000000000e+02 1.012526063205574520e-08 0.000000000000000000e+00 0.000000000000000000e+00 1.000000000000000000e+00 5.000000000000000000e+00 1.010000000000000000e+02
3.300000000000000000e+02 6.075156379233447117e-09 0.000000000000000000e+00 0.000000000000000000e+00 1.000000000000000000e+00 3.000000000000000000e+00 9.600000000000000000e+01
3.310000000000000000e+02 1.215031275846689423e-08 0.000000000000000000e+00 0.000000000000000000e+00 1.000000000000000000e+00 6.000000000000000000e+00 9.300000000000000000e+01
3.320000000000000000e+02 1.012526063205574520e-08 0.000000000000000000e+00 0.000000000000000000e+00 1.000000000000000000e+00 5.000000000000000000e+00 8.700000000000000000e+01
3.330000000000000000e+02 8.100208505644596156e-09 0.000000000000000000e+00 0.000000000000000000e+00 1.000000000000000000e+00 4.000000000000000000e+00 8.200000000000000000e+01
3.340000000000000000e+02 4.050104252822298078e-09 0.000000000000000000e+00 0.000000000000000000e+00 1.000000000000000000e+00 2.000000000000000000e+00 7.800000000000000000e+01
3.350000000000000000e+02 4.050104252822298078e-09 0.000000000000000000e+00 0.000000000000000000e+00 1.000000000000000000e+00 2.000000000000000000e+00 7.600000000000000000e+01
3.360000000000000000e+02 4.050104252822298078e-09 0.000000000000000000e+00 0.000000000000000000e+00 1.000000000000000000e+00 2.000000000000000000e+00 7.400000000000000000e+01
3.370000000000000000e+02 4.050104252822298078e-09 0.000000000000000000e+00 0.000000000000000000e+00 1.000000000000000000e+00 2.000000000000000000e+00 7.200000000000000000e+01
3.380000000000000000e+02 6.075156379233447117e-09 0.000000000000000000e+00 0.000000000000000000e+00 1.000000000000000000e+00 3.000000000000000000e+00 7.000000000000000000e+01
3.390000000000000000e+02 4.050104252822298078e-09 0.000000000000000000e+00 0.000000000000000000e+00 1.000000000000000000e+00 2.000000000000000000e+00 6.700000000000000000e+01
3.400000000000000000e+02 4.050104252822298078e-09 0.000000000000000000e+00 0.000000000000000000e+00 1.000000000000000000e+00 2.000000000000000000e+00 6.500000000000000000e+01
3.410000000000000000e+02 8.100208505644596156e-09 0.000000000000000000e+00 0.000000000000000000e+00 1.000000000000000000e+00 4.000000000000000000e+00 6.300000000000000000e+01
3.420000000000000000e+02 4.050104252822298078e-09 0.000000000000000000e+00 0.000000000000000000e+00 1.000000000000000000e+00 2.000000000000000000e+00 5.900000000000000000e+01
3.430000000000000000e+02 2.025052126411149039e-09 0.000000000000000000e+00 0.000000000000000000e+00 1.000000000000000000e+00 1.000000000000000000e+00 5.700000000000000000e+01
3.440000000000000000e+02 1.417536488487804327e-08 0.000000000000000000e+00 0.000000000000000000e+00 1.000000000000000000e+00 7.000000000000000000e+00 5.600000000000000000e+01
3.450000000000000000e+02 2.025052126411149039e-09 0.000000000000000000e+00 0.000000000000000000e+00 1.000000000000000000e+00 1.000000000000000000e+00 4.900000000000000000e+01
3.460000000000000000e+02 4.050104252822298078e-09 0.000000000000000000e+00 0.000000000000000000e+00 1.000000000000000000e+00 2.000000000000000000e+00 4.800000000000000000e+01
3.470000000000000000e+02 4.050104252822298078e-09 0.000000000000000000e+00 0.000000000000000000e+00 1.000000000000000000e+00 2.000000000000000000e+00 4.600000000000000000e+01
3.480000000000000000e+02 6.075156379233447117e-09 0.000000000000000000e+00 0.000000000000000000e+00 1.000000000000000000e+00 3.000000000000000000e+00 4.400000000000000000e+01
3.490000000000000000e+02 8.100208505644596156e-09 0.000000000000000000e+00 0.000000000000000000e+00 1.000000000000000000e+00 4.000000000000000000e+00 4.100000000000000000e+01
3.500000000000000000e+02 8.100208505644596156e-09 0.000000000000000000e+00 0.000000000000000000e+00 1.000000000000000000e+00 4.000000000000000000e+00 3.700000000000000000e+01
3.510000000000000000e+02 4.050104252822298078e-09 0.000000000000000000e+00 0.000000000000000000e+00 1.000000000000000000e+00 2.000000000000000000e+00 3.300000000000000000e+01
3.520000000000000000e+02 4.050104252822298078e-09 1.062504847080705804e-09 1.000000000000000000e+00 1.000000000000000000e+00 2.000000000000000000e+00 3.100000000000000000e+01
3.530000000000000000e+02 8.100208505644596156e-09 0.000000000000000000e+00 0.000000000000000000e+00 1.000000000000000000e+00 4.000000000000000000e+00 2.900000000000000000e+01
3.540000000000000000e+02 0.000000000000000000e+00 0.000000000000000000e+00 0.000000000000000000e+00 1.000000000000000000e+00 0.000000000000000000e+00 2.500000000000000000e+01
3.550000000000000000e+02 0.000000000000000000e+00 0.000000000000000000e+00 0.000000000000000000e+00 1.000000000000000000e+00 0.000000000000000000e+00 2.500000000000000000e+01
3.560000000000000000e+02 4.050104252822298078e-09 0.000000000000000000e+00 0.000000000000000000e+00 1.000000000000000000e+00 2.000000000000000000e+00 2.500000000000000000e+01
3.570000000000000000e+02 2.025052126411149039e-09 0.000000000000000000e+00 0.000000000000000000e+00 1.000000000000000000e+00 1.000000000000000000e+00 2.300000000000000000e+01
3.580000000000000000e+02 2.025052126411149039e-09 0.000000000000000000e+00 0.000000000000000000e+00 1.000000000000000000e+00 1.000000000000000000e+00 2.200000000000000000e+01
3.590000000000000000e+02 0.000000000000000000e+00 0.000000000000000000e+00 0.000000000000000000e+00 1.000000000000000000e+00 0.000000000000000000e+00 2.100000000000000000e+01
3.600000000000000000e+02 0.000000000000000000e+00 0.000000000000000000e+00 0.000000000000000000e+00 1.000000000000000000e+00 0.000000000000000000e+00 2.100000000000000000e+01
3.610000000000000000e+02 2.025052126411149039e-09 0.000000000000000000e+00 0.000000000000000000e+00 1.000000000000000000e+00 1.000000000000000000e+00 2.100000000000000000e+01
3.620000000000000000e+02 0.000000000000000000e+00 0.000000000000000000e+00 0.000000000000000000e+00 1.000000000000000000e+00 0.000000000000000000e+00 2.000000000000000000e+01
3.630000000000000000e+02 4.050104252822298078e-09 0.000000000000000000e+00 0.000000000000000000e+00 1.000000000000000000e+00 2.000000000000000000e+00 2.000000000000000000e+01
3.640000000000000000e+02 0.000000000000000000e+00 0.000000000000000000e+00 0.000000000000000000e+00 1.000000000000000000e+00 0.000000000000000000e+00 1.800000000000000000e+01
3.650000000000000000e+02 0.000000000000000000e+00 0.000000000000000000e+00 0.000000000000000000e+00 1.000000000000000000e+00 0.000000000000000000e+00 1.800000000000000000e+01
3.660000000000000000e+02 0.000000000000000000e+00 0.000000000000000000e+00 0.000000000000000000e+00 1.000000000000000000e+00 0.000000000000000000e+00 1.800000000000000000e+01
3.670000000000000000e+02 0.000000000000000000e+00 0.000000000000000000e+00 0.000000000000000000e+00 1.000000000000000000e+00 0.000000000000000000e+00 1.800000000000000000e+01
3.680000000000000000e+02 2.025052126411149039e-09 0.000000000000000000e+00 0.000000000000000000e+00 1.000000000000000000e+00 1.000000000000000000e+00 1.800000000000000000e+01
3.690000000000000000e+02 2.025052126411149039e-09 0.000000000000000000e+00 0.000000000000000000e+00 1.000000000000000000e+00 1.000000000000000000e+00 1.700000000000000000e+01
3.700000000000000000e+02 0.000000000000000000e+00 0.000000000000000000e+00 0.000000000000000000e+00 1.000000000000000000e+00 0.000000000000000000e+00 1.600000000000000000e+01
3.710000000000000000e+02 4.050104252822298078e-09 0.000000000000000000e+00 0.000000000000000000e+00 1.000000000000000000e+00 2.000000000000000000e+00 1.600000000000000000e+01
3.720000000000000000e+02 0.000000000000000000e+00 0.000000000000000000e+00 0.000000000000000000e+00 1.000000000000000000e+00 0.000000000000000000e+00 1.400000000000000000e+01
3.730000000000000000e+02 4.050104252822298078e-09 0.000000000000000000e+00 0.000000000000000000e+00 1.000000000000000000e+00 2.000000000000000000e+00 1.400000000000000000e+01
3.740000000000000000e+02 2.025052126411149039e-09 0.000000000000000000e+00 0.000000000000000000e+00 1.000000000000000000e+00 1.000000000000000000e+00 1.200000000000000000e+01
3.750000000000000000e+02 0.000000000000000000e+00 0.000000000000000000e+00 0.000000000000000000e+00 1.000000000000000000e+00 0.000000000000000000e+00 1.100000000000000000e+01
3.760000000000000000e+02 2.025052126411149039e-09 0.000000000000000000e+00 0.000000000000000000e+00 1.000000000000000000e+00 1.000000000000000000e+00 1.100000000000000000e+01
3.770000000000000000e+02 0.000000000000000000e+00 0.000000000000000000e+00 0.000000000000000000e+00 1.000000000000000000e+00 0.000000000000000000e+00 1.000000000000000000e+01
3.780000000000000000e+02 0.000000000000000000e+00 0.000000000000000000e+00 0.000000000000000000e+00 1.000000000000000000e+00 0.000000000000000000e+00 1.000000000000000000e+01
3.790000000000000000e+02 2.025052126411149039e-09 0.000000000000000000e+00 0.000000000000000000e+00 1.000000000000000000e+00 1.000000000000000000e+00 1.000000000000000000e+01
3.800000000000000000e+02 2.025052126411149039e-09 0.000000000000000000e+00 0.000000000000000000e+00 1.000000000000000000e+00 1.000000000000000000e+00 9.000000000000000000e+00
3.810000000000000000e+02 0.000000000000000000e+00 0.000000000000000000e+00 0.000000000000000000e+00 1.000000000000000000e+00 0.000000000000000000e+00 8.000000000000000000e+00
3.820000000000000000e+02 0.000000000000000000e+00 0.000000000000000000e+00 0.000000000000000000e+00 1.000000000000000000e+00 0.000000000000000000e+00 8.000000000000000000e+00
3.830000000000000000e+02 0.000000000000000000e+00 0.000000000000000000e+00 0.000000000000000000e+00 1.000000000000000000e+00 0.000000000000000000e+00 8.000000000000000000e+00
3.840000000000000000e+02 0.000000000000000000e+00 0.000000000000000000e+00 0.000000000000000000e+00 1.000000000000000000e+00 0.000000000000000000e+00 8.000000000000000000e+00
3.850000000000000000e+02 0.000000000000000000e+00 0.000000000000000000e+00 0.000000000000000000e+00 1.000000000000000000e+00 0.000000000000000000e+00 8.000000000000000000e+00
3.860000000000000000e+02 0.000000000000000000e+00 0.000000000000000000e+00 0.000000000000000000e+00 1.000000000000000000e+00 0.000000000000000000e+00 8.000000000000000000e+00
3.870000000000000000e+02 0.000000000000000000e+00 0.000000000000000000e+00 0.000000000000000000e+00 1.000000000000000000e+00 0.000000000000000000e+00 8.000000000000000000e+00
3.880000000000000000e+02 2.025052126411149039e-09 0.000000000000000000e+00 0.000000000000000000e+00 1.000000000000000000e+00 1.000000000000000000e+00 8.000000000000000000e+00
3.890000000000000000e+02 0.000000000000000000e+00 0.000000000000000000e+00 0.000000000000000000e+00 1.000000000000000000e+00 0.000000000000000000e+00 7.000000000000000000e+00
3.900000000000000000e+02 0.000000000000000000e+00 0.000000000000000000e+00 0.000000000000000000e+00 1.000000000000000000e+00 0.000000000000000000e+00 7.000000000000000000e+00
3.910000000000000000e+02 0.000000000000000000e+00 0.000000000000000000e+00 0.000000000000000000e+00 1.000000000000000000e+00 0.000000000000000000e+00 7.000000000000000000e+00
3.920000000000000000e+02 0.000000000000000000e+00 0.000000000000000000e+00 0.000000000000000000e+00 1.000000000000000000e+00 0.000000000000000000e+00 7.000000000000000000e+00
3.930000000000000000e+02 0.000000000000000000e+00 0.000000000000000000e+00 0.000000000000000000e+00 1.000000000000000000e+00 0.000000000000000000e+00 7.000000000000000000e+00
3.940000000000000000e+02 4.050104252822298078e-09 0.000000000000000000e+00 0.000000000000000000e+00 1.000000000000000000e+00 2.000000000000000000e+00 7.000000000000000000e+00
3.950000000000000000e+02 0.000000000000000000e+00 0.000000000000000000e+00 0.000000000000000000e+00 1.000000000000000000e+00 0.000000000000000000e+00 5.000000000000000000e+00
3.960000000000000000e+02 0.000000000000000000e+00 0.000000000000000000e+00 0.000000000000000000e+00 1.000000000000000000e+00 0.000000000000000000e+00 5.000000000000000000e+00
3.970000000000000000e+02 0.000000000000000000e+00 0.000000000000000000e+00 0.000000000000000000e+00 1.000000000000000000e+00 0.000000000000000000e+00 5.000000000000000000e+00
3.980000000000000000e+02 2.025052126411149039e-09 0.000000000000000000e+00 0.000000000000000000e+00 1.000000000000000000e+00 1.000000000000000000e+00 5.000000000000000000e+00
3.990000000000000000e+02 0.000000000000000000e+00 0.000000000000000000e+00 0.000000000000000000e+00 1.000000000000000000e+00 0.000000000000000000e+00 4.000000000000000000e+00
4.000000000000000000e+02 0.000000000000000000e+00 0.000000000000000000e+00 0.000000000000000000e+00 1.000000000000000000e+00 0.000000000000000000e+00 4.000000000000000000e+00
4.010000000000000000e+02 0.000000000000000000e+00 0.000000000000000000e+00 0.000000000000000000e+00 1.000000000000000000e+00 0.000000000000000000e+00 4.000000000000000000e+00
4.020000000000000000e+02 0.000000000000000000e+00 0.000000000000000000e+00 0.000000000000000000e+00 1.000000000000000000e+00 0.000000000000000000e+00 4.000000000000000000e+00
4.030000000000000000e+02 0.000000000000000000e+00 0.000000000000000000e+00 0.000000000000000000e+00 1.000000000000000000e+00 0.000000000000000000e+00 4.000000000000000000e+00
4.040000000000000000e+02 0.000000000000000000e+00 0.000000000000000000e+00 0.000000000000000000e+00 1.000000000000000000e+00 0.000000000000000000e+00 4.000000000000000000e+00
4.050000000000000000e+02 0.000000000000000000e+00 0.000000000000000000e+00 0.000000000000000000e+00 1.000000000000000000e+00 0.000000000000000000e+00 4.000000000000000000e+00
4.060000000000000000e+02 0.000000000000000000e+00 0.000000000000000000e+00 0.000000000000000000e+00 1.000000000000000000e+00 0.000000000000000000e+00 4.000000000000000000e+00
4.070000000000000000e+02 0.000000000000000000e+00 0.000000000000000000e+00 0.000000000000000000e+00 1.000000000000000000e+00 0.000000000000000000e+00 4.000000000000000000e+00
4.080000000000000000e+02 0.000000000000000000e+00 0.000000000000000000e+00 0.000000000000000000e+00 1.000000000000000000e+00 0.000000000000000000e+00 4.000000000000000000e+00
4.090000000000000000e+02 0.000000000000000000e+00 0.000000000000000000e+00 0.000000000000000000e+00 1.000000000000000000e+00 0.000000000000000000e+00 4.000000000000000000e+00
4.100000000000000000e+02 0.000000000000000000e+00 0.000000000000000000e+00 0.000000000000000000e+00 1.000000000000000000e+00 0.000000000000000000e+00 4.000000000000000000e+00
4.110000000000000000e+02 0.000000000000000000e+00 0.000000000000000000e+00 0.000000000000000000e+00 1.000000000000000000e+00 0.000000000000000000e+00 4.000000000000000000e+00
4.120000000000000000e+02 0.000000000000000000e+00 0.000000000000000000e+00 0.000000000000000000e+00 1.000000000000000000e+00 0.000000000000000000e+00 4.000000000000000000e+00
4.130000000000000000e+02 0.000000000000000000e+00 0.000000000000000000e+00 0.000000000000000000e+00 1.000000000000000000e+00 0.000000000000000000e+00 4.000000000000000000e+00
4.140000000000000000e+02 0.000000000000000000e+00 0.000000000000000000e+00 0.000000000000000000e+00 1.000000000000000000e+00 0.000000000000000000e+00 4.000000000000000000e+00
4.150000000000000000e+02 2.025052126411149039e-09 0.000000000000000000e+00 0.000000000000000000e+00 1.000000000000000000e+00 1.000000000000000000e+00 4.000000000000000000e+00
4.160000000000000000e+02 0.000000000000000000e+00 0.000000000000000000e+00 0.000000000000000000e+00 1.000000000000000000e+00 0.000000000000000000e+00 3.000000000000000000e+00
4.170000000000000000e+02 0.000000000000000000e+00 0.000000000000000000e+00 0.000000000000000000e+00 1.000000000000000000e+00 0.000000000000000000e+00 3.000000000000000000e+00
4.180000000000000000e+02 0.000000000000000000e+00 0.000000000000000000e+00 0.000000000000000000e+00 1.000000000000000000e+00 0.000000000000000000e+00 3.000000000000000000e+00
4.190000000000000000e+02 0.000000000000000000e+00 0.000000000000000000e+00 0.000000000000000000e+00 1.000000000000000000e+00 0.000000000000000000e+00 3.000000000000000000e+00
4.200000000000000000e+02 0.000000000000000000e+00 0.000000000000000000e+00 0.000000000000000000e+00 1.000000000000000000e+00 0.000000000000000000e+00 3.000000000000000000e+00
4.210000000000000000e+02 0.000000000000000000e+00 0.000000000000000000e+00 0.000000000000000000e+00 1.000000000000000000e+00 0.000000000000000000e+00 3.000000000000000000e+00
4.220000000000000000e+02 0.000000000000000000e+00 0.000000000000000000e+00 0.000000000000000000e+00 1.000000000000000000e+00 0.000000000000000000e+00 3.000000000000000000e+00
4.230000000000000000e+02 0.000000000000000000e+00 0.000000000000000000e+00 0.000000000000000000e+00 1.000000000000000000e+00 0.000000000000000000e+00 3.000000000000000000e+00
4.240000000000000000e+02 0.000000000000000000e+00 0.000000000000000000e+00 0.000000000000000000e+00 1.000000000000000000e+00 0.000000000000000000e+00 3.000000000000000000e+00
4.250000000000000000e+02 0.000000000000000000e+00 0.000000000000000000e+00 0.000000000000000000e+00 1.000000000000000000e+00 0.000000000000000000e+00 3.000000000000000000e+00
4.260000000000000000e+02 0.000000000000000000e+00 0.000000000000000000e+00 0.000000000000000000e+00 1.000000000000000000e+00 0.000000000000000000e+00 3.000000000000000000e+00
4.270000000000000000e+02 0.000000000000000000e+00 0.000000000000000000e+00 0.000000000000000000e+00 1.000000000000000000e+00 0.000000000000000000e+00 3.000000000000000000e+00
4.280000000000000000e+02 2.025052126411149039e-09 0.000000000000000000e+00 0.000000000000000000e+00 1.000000000000000000e+00 1.000000000000000000e+00 3.000000000000000000e+00
4.290000000000000000e+02 0.000000000000000000e+00 0.000000000000000000e+00 0.000000000000000000e+00 1.000000000000000000e+00 0.000000000000000000e+00 2.000000000000000000e+00
4.300000000000000000e+02 0.000000000000000000e+00 0.000000000000000000e+00 0.000000000000000000e+00 1.000000000000000000e+00 0.000000000000000000e+00 2.000000000000000000e+00
4.310000000000000000e+02 0.000000000000000000e+00 0.000000000000000000e+00 0.000000000000000000e+00 1.000000000000000000e+00 0.000000000000000000e+00 2.000000000000000000e+00
4.320000000000000000e+02 0.000000000000000000e+00 0.000000000000000000e+00 0.000000000000000000e+00 1.000000000000000000e+00 0.000000000000000000e+00 2.000000000000000000e+00
4.330000000000000000e+02 0.000000000000000000e+00 0.000000000000000000e+00 0.000000000000000000e+00 1.000000000000000000e+00 0.000000000000000000e+00 2.000000000000000000e+00
4.340000000000000000e+02 0.000000000000000000e+00 0.000000000000000000e+00 0.000000000000000000e+00 1.000000000000000000e+00 0.000000000000000000e+00 2.000000000000000000e+00
4.350000000000000000e+02 0.000000000000000000e+00 0.000000000000000000e+00 0.000000000000000000e+00 1.000000000000000000e+00 0.000000000000000000e+00 2.000000000000000000e+00
4.360000000000000000e+02 0.000000000000000000e+00 0.000000000000000000e+00 0.000000000000000000e+00 1.000000000000000000e+00 0.000000000000000000e+00 2.000000000000000000e+00
4.370000000000000000e+02 0.000000000000000000e+00 0.000000000000000000e+00 0.000000000000000000e+00 1.000000000000000000e+00 0.000000000000000000e+00 2.000000000000000000e+00
4.380000000000000000e+02 0.000000000000000000e+00 0.000000000000000000e+00 0.000000000000000000e+00 1.000000000000000000e+00 0.000000000000000000e+00 2.000000000000000000e+00
4.390000000000000000e+02 0.000000000000000000e+00 0.000000000000000000e+00 0.000000000000000000e+00 1.000000000000000000e+00 0.000000000000000000e+00 2.000000000000000000e+00
4.400000000000000000e+02 0.000000000000000000e+00 0.000000000000000000e+00 0.000000000000000000e+00 1.000000000000000000e+00 0.000000000000000000e+00 2.000000000000000000e+00
4.410000000000000000e+02 0.000000000000000000e+00 0.000000000000000000e+00 0.000000000000000000e+00 1.000000000000000000e+00 0.000000000000000000e+00 2.000000000000000000e+00
4.420000000000000000e+02 0.000000000000000000e+00 0.000000000000000000e+00 0.000000000000000000e+00 1.000000000000000000e+00 0.000000000000000000e+00 2.000000000000000000e+00
4.430000000000000000e+02 0.000000000000000000e+00 0.000000000000000000e+00 0.000000000000000000e+00 1.000000000000000000e+00 0.000000000000000000e+00 2.000000000000000000e+00
4.440000000000000000e+02 0.000000000000000000e+00 0.000000000000000000e+00 0.000000000000000000e+00 1.000000000000000000e+00 0.000000000000000000e+00 2.000000000000000000e+00
4.450000000000000000e+02 0.000000000000000000e+00 0.000000000000000000e+00 0.000000000000000000e+00 1.000000000000000000e+00 0.000000000000000000e+00 2.000000000000000000e+00
4.460000000000000000e+02 0.000000000000000000e+00 0.000000000000000000e+00 0.000000000000000000e+00 1.000000000000000000e+00 0.000000000000000000e+00 2.000000000000000000e+00
4.470000000000000000e+02 0.000000000000000000e+00 0.000000000000000000e+00 0.000000000000000000e+00 1.000000000000000000e+00 0.000000000000000000e+00 2.000000000000000000e+00
4.480000000000000000e+02 0.000000000000000000e+00 0.000000000000000000e+00 0.000000000000000000e+00 1.000000000000000000e+00 0.000000000000000000e+00 2.000000000000000000e+00
4.490000000000000000e+02 0.000000000000000000e+00 0.000000000000000000e+00 0.000000000000000000e+00 1.000000000000000000e+00 0.000000000000000000e+00 2.000000000000000000e+00
4.500000000000000000e+02 0.000000000000000000e+00 0.000000000000000000e+00 0.000000000000000000e+00 1.000000000000000000e+00 0.000000000000000000e+00 2.000000000000000000e+00
4.510000000000000000e+02 0.000000000000000000e+00 0.000000000000000000e+00 0.000000000000000000e+00 1.000000000000000000e+00 0.000000000000000000e+00 2.000000000000000000e+00
4.520000000000000000e+02 0.000000000000000000e+00 0.000000000000000000e+00 0.000000000000000000e+00 1.000000000000000000e+00 0.000000000000000000e+00 2.000000000000000000e+00
4.530000000000000000e+02 0.000000000000000000e+00 0.000000000000000000e+00 0.000000000000000000e+00 1.000000000000000000e+00 0.000000000000000000e+00 2.000000000000000000e+00
4.540000000000000000e+02 2.025052126411149039e-09 0.000000000000000000e+00 0.000000000000000000e+00 1.000000000000000000e+00 1.000000000000000000e+00 2.000000000000000000e+00
4.550000000000000000e+02 0.000000000000000000e+00 0.000000000000000000e+00 0.000000000000000000e+00 1.000000000000000000e+00 0.000000000000000000e+00 1.000000000000000000e+00
4.560000000000000000e+02 0.000000000000000000e+00 0.000000000000000000e+00 0.000000000000000000e+00 1.000000000000000000e+00 0.000000000000000000e+00 1.000000000000000000e+00
4.570000000000000000e+02 0.000000000000000000e+00 0.000000000000000000e+00 0.000000000000000000e+00 1.000000000000000000e+00 0.000000000000000000e+00 1.000000000000000000e+00
4.580000000000000000e+02 0.000000000000000000e+00 0.000000000000000000e+00 0.000000000000000000e+00 1.000000000000000000e+00 0.000000000000000000e+00 1.000000000000000000e+00
4.590000000000000000e+02 0.000000000000000000e+00 0.000000000000000000e+00 0.000000000000000000e+00 1.000000000000000000e+00 0.000000000000000000e+00 1.000000000000000000e+00
4.600000000000000000e+02 0.000000000000000000e+00 0.000000000000000000e+00 0.000000000000000000e+00 1.000000000000000000e+00 0.000000000000000000e+00 1.000000000000000000e+00
4.610000000000000000e+02 0.000000000000000000e+00 0.000000000000000000e+00 0.000000000000000000e+00 1.000000000000000000e+00 0.000000000000000000e+00 1.000000000000000000e+00
4.620000000000000000e+02 0.000000000000000000e+00 0.000000000000000000e+00 0.000000000000000000e+00 1.000000000000000000e+00 0.000000000000000000e+00 1.000000000000000000e+00
4.630000000000000000e+02 0.000000000000000000e+00 0.000000000000000000e+00 0.000000000000000000e+00 1.000000000000000000e+00 0.000000000000000000e+00 1.000000000000000000e+00
4.640000000000000000e+02 0.000000000000000000e+00 0.000000000000000000e+00 0.000000000000000000e+00 1.000000000000000000e+00 0.000000000000000000e+00 1.000000000000000000e+00
4.650000000000000000e+02 0.000000000000000000e+00 0.000000000000000000e+00 0.000000000000000000e+00 1.000000000000000000e+00 0.000000000000000000e+00 1.000000000000000000e+00
4.660000000000000000e+02 0.000000000000000000e+00 0.000000000000000000e+00 0.000000000000000000e+00 1.000000000000000000e+00 0.000000000000000000e+00 1.000000000000000000e+00
4.670000000000000000e+02 0.000000000000000000e+00 0.000000000000000000e+00 0.000000000000000000e+00 1.000000000000000000e+00 0.000000000000000000e+00 1.000000000000000000e+00
4.680000000000000000e+02 0.000000000000000000e+00 0.000000000000000000e+00 0.000000000000000000e+00 1.000000000000000000e+00 0.000000000000000000e+00 1.000000000000000000e+00
4.690000000000000000e+02 0.000000000000000000e+00 0.000000000000000000e+00 0.000000000000000000e+00 1.000000000000000000e+00 0.000000000000000000e+00 1.000000000000000000e+00
4.700000000000000000e+02 0.000000000000000000e+00 0.000000000000000000e+00 0.000000000000000000e+00 1.000000000000000000e+00 0.000000000000000000e+00 1.000000000000000000e+00
4.710000000000000000e+02 0.000000000000000000e+00 0.000000000000000000e+00 0.000000000000000000e+00 1.000000000000000000e+00 0.000000000000000000e+00 1.000000000000000000e+00
4.720000000000000000e+02 0.000000000000000000e+00 0.000000000000000000e+00 0.000000000000000000e+00 1.000000000000000000e+00 0.000000000000000000e+00 1.000000000000000000e+00
4.730000000000000000e+02 0.000000000000000000e+00 0.000000000000000000e+00 0.000000000000000000e+00 1.000000000000000000e+00 0.000000000000000000e+00 1.000000000000000000e+00
4.740000000000000000e+02 0.000000000000000000e+00 0.000000000000000000e+00 0.000000000000000000e+00 1.000000000000000000e+00 0.000000000000000000e+00 1.000000000000000000e+00
4.750000000000000000e+02 0.000000000000000000e+00 0.000000000000000000e+00 0.000000000000000000e+00 1.000000000000000000e+00 0.000000000000000000e+00 1.000000000000000000e+00
4.760000000000000000e+02 0.000000000000000000e+00 0.000000000000000000e+00 0.000000000000000000e+00 1.000000000000000000e+00 0.000000000000000000e+00 1.000000000000000000e+00
4.770000000000000000e+02 0.000000000000000000e+00 0.000000000000000000e+00 0.000000000000000000e+00 1.000000000000000000e+00 0.000000000000000000e+00 1.000000000000000000e+00
4.780000000000000000e+02 0.000000000000000000e+00 0.000000000000000000e+00 0.000000000000000000e+00 1.000000000000000000e+00 0.000000000000000000e+00 1.000000000000000000e+00
4.790000000000000000e+02 0.000000000000000000e+00 0.000000000000000000e+00 0.000000000000000000e+00 1.000000000000000000e+00 0.000000000000000000e+00 1.000000000000000000e+00
4.800000000000000000e+02 0.000000000000000000e+00 0.000000000000000000e+00 0.000000000000000000e+00 1.000000000000000000e+00 0.000000000000000000e+00 1.000000000000000000e+00
4.810000000000000000e+02 0.000000000000000000e+00 0.000000000000000000e+00 0.000000000000000000e+00 1.000000000000000000e+00 0.000000000000000000e+00 1.000000000000000000e+00
4.820000000000000000e+02 2.025052126411149039e-09 0.000000000000000000e+00 0.000000000000000000e+00 1.000000000000000000e+00 1.000000000000000000e+00 1.000000000000000000e+00
