0.000000000000000000e+00 0.000000000000000000e+00 0.000000000000000000e+00 0.000000000000000000e+00 0.000000000000000000e+00 0.000000000000000000e+00 0.000000000000000000e+00
1.000000000000000000e+00 3.369925279867813650e-02 2.168671650639481252e-01 2.671355940000000000e+08 1.231802423000000000e+09 1.811294200000000000e+07 5.374974090000000000e+08
2.000000000000000000e+00 4.377440348936125630e-02 1.353949346630697048e-01 1.667786190000000000e+08 9.646658730000000000e+08 2.352821400000000000e+07 5.193839590000000000e+08
3.000000000000000000e+00 4.677774156797314536e-02 9.389448810734521422e-02 1.156586330000000000e+08 7.978864110000000000e+08 2.514247200000000000e+07 4.958552780000000000e+08
4.000000000000000000e+00 4.691282738936834729e-02 7.054126550907000026e-02 8.689228200000000000e+07 6.822271630000000000e+08 2.521507900000000000e+07 4.707123090000000000e+08
5.000000000000000000e+00 4.573181670693519246e-02 5.600901395141725386e-02 6.899154700000000000e+07 5.953342840000000000e+08 2.458030000000000000e+07 4.454968010000000000e+08
6.000000000000000000e+00 4.391320288244383169e-02 4.614450447920279141e-02 5.684050700000000000e+07 5.263422040000000000e+08 2.360281700000000000e+07 4.209160820000000000e+08
7.000000000000000000e+00 4.182599326447027782e-02 3.905367551431831313e-02 4.810606900000000000e+07 4.695012330000000000e+08 2.248096700000000000e+07 3.973128840000000000e+08
8.000000000000000000e+00 3.960609229742700216e-02 3.368145016647784706e-02 4.148859600000000000e+07 4.213946970000000000e+08 2.128779700000000000e+07 3.748315480000000000e+08
9.000000000000000000e+00 3.739986419527875638e-02 2.944804625581939200e-02 3.627391600000000000e+07 3.799057460000000000e+08 2.010197600000000000e+07 3.535433710000000000e+08
1.000000000000000000e+01 3.527444906898850874e-02 2.601315515644281665e-02 3.204283900000000000e+07 3.436314760000000000e+08 1.895959100000000000e+07 3.334410570000000000e+08
1.100000000000000000e+01 3.321258699644016876e-02 2.316236838947074300e-02 2.853125800000000000e+07 3.115883270000000000e+08 1.785136500000000000e+07 3.144811360000000000e+08
1.200000000000000000e+01 3.128682844253802275e-02 2.073389749130519211e-02 2.553988300000000000e+07 2.830568040000000000e+08 1.681629300000000000e+07 2.966294660000000000e+08
1.300000000000000000e+01 2.945218821197701994e-02 1.864551927377751037e-02 2.296743200000000000e+07 2.575166820000000000e+08 1.583019600000000000e+07 2.798128910000000000e+08
1.400000000000000000e+01 2.772039307947933920e-02 1.683159124810449173e-02 2.073304700000000000e+07 2.345490030000000000e+08 1.489937700000000000e+07 2.639824280000000000e+08
1.500000000000000000e+01 2.611615243661810637e-02 1.523507788667039474e-02 1.876647200000000000e+07 2.138157110000000000e+08 1.403711700000000000e+07 2.490827700000000000e+08
1.600000000000000000e+01 2.458445481663373497e-02 1.381385687414457726e-02 1.701582100000000000e+07 1.950490210000000000e+08 1.321384800000000000e+07 2.350453970000000000e+08
1.700000000000000000e+01 2.316310757937543874e-02 1.254750758222986269e-02 1.545594000000000000e+07 1.780330320000000000e+08 1.244989100000000000e+07 2.218313430000000000e+08
1.800000000000000000e+01 2.182556129198812839e-02 1.142027412502375112e-02 1.406742100000000000e+07 1.625769390000000000e+08 1.173097600000000000e+07 2.093812560000000000e+08
1.900000000000000000e+01 2.057458438867561246e-02 1.039116181114028634e-02 1.279976700000000000e+07 1.485093710000000000e+08 1.105859100000000000e+07 1.976500740000000000e+08
2.000000000000000000e+01 1.939451326220544697e-02 9.474567532613420093e-03 1.167071200000000000e+07 1.357094730000000000e+08 1.042431700000000000e+07 1.865913000000000000e+08
2.100000000000000000e+01 1.828968289355537361e-02 8.635284093450792259e-03 1.063688800000000000e+07 1.240386210000000000e+08 9.830484000000000000e+06 1.761668070000000000e+08
2.200000000000000000e+01 1.724256544762182639e-02 7.881744724420913437e-03 9.708683000000000000e+06 1.134016140000000000e+08 9.267671000000000000e+06 1.663361600000000000e+08
2.300000000000000000e+01 1.626780125286568859e-02 7.189912931820088664e-03 8.856489000000000000e+06 1.036928120000000000e+08 8.743747000000000000e+06 1.570683350000000000e+08
2.400000000000000000e+01 1.533970229110684369e-02 6.565896881638137381e-03 8.087830000000000000e+06 9.483622000000000000e+07 8.244905000000000000e+06 1.483244350000000000e+08
2.500000000000000000e+01 1.446818320338837116e-02 5.997433156086354709e-03 7.387600000000000000e+06 8.674831900000000000e+07 7.776474000000000000e+06 1.400793920000000000e+08
2.600000000000000000e+01 1.366395120667460682e-02 5.479924394186491340e-03 6.750136000000000000e+06 7.936063500000000000e+07 7.344209000000000000e+06 1.323028050000000000e+08
2.700000000000000000e+01 1.288658120796797556e-02 5.006942571176798903e-03 6.167520000000000000e+06 7.261043000000000000e+07 6.926382000000000000e+06 1.249584620000000000e+08
2.800000000000000000e+01 1.217166842446424160e-02 4.574667241928609233e-03 5.635046000000000000e+06 6.644285600000000000e+07 6.542125000000000000e+06 1.180319760000000000e+08
2.900000000000000000e+01 1.149421136501367451e-02 4.185723846209476323e-03 5.155948000000000000e+06 6.080776400000000000e+07 6.178000000000000000e+06 1.114897550000000000e+08
3.000000000000000000e+01 1.084231580927691799e-02 3.824899608569742870e-03 4.711487000000000000e+06 5.565175500000000000e+07 5.827614000000000000e+06 1.053116590000000000e+08
3.100000000000000000e+01 1.023462031495139986e-02 3.496672551816404784e-03 4.307179000000000000e+06 5.094021200000000000e+07 5.500985000000000000e+06 9.948395000000000000e+07
3.200000000000000000e+01 9.659623228644676970e-03 3.198037302412205882e-03 3.939322000000000000e+06 4.663298900000000000e+07 5.191931000000000000e+06 9.398286400000000000e+07
3.300000000000000000e+01 9.122693973147202873e-03 2.921671205223152091e-03 3.598896000000000000e+06 4.269362100000000000e+07 4.903338000000000000e+06 8.879085100000000000e+07
3.400000000000000000e+01 8.619692920701265207e-03 2.675642981909639312e-03 3.295840000000000000e+06 3.909468500000000000e+07 4.632981000000000000e+06 8.388740800000000000e+07
3.500000000000000000e+01 8.140759384962647713e-03 2.450059741622127082e-03 3.017968000000000000e+06 3.579881200000000000e+07 4.375560000000000000e+06 7.925432900000000000e+07
3.600000000000000000e+01 7.680936975663236153e-03 2.239862195358945617e-03 2.759048000000000000e+06 3.278081600000000000e+07 4.128411000000000000e+06 7.487867800000000000e+07
3.700000000000000000e+01 7.256000930446921196e-03 2.050177825362480000e-03 2.525396000000000000e+06 3.002174500000000000e+07 3.900013000000000000e+06 7.075022200000000000e+07
3.800000000000000000e+01 6.853565855163995003e-03 1.873131124154361806e-03 2.307311000000000000e+06 2.749631500000000000e+07 3.683709000000000000e+06 6.685013900000000000e+07
3.900000000000000000e+01 6.466446472331180938e-03 1.719111007227909623e-03 2.117590000000000000e+06 2.518898900000000000e+07 3.475637000000000000e+06 6.316636900000000000e+07
4.000000000000000000e+01 6.107824473033153859e-03 1.568328445586864191e-03 1.931857000000000000e+06 2.307137300000000000e+07 3.282882000000000000e+06 5.969067700000000000e+07
4.100000000000000000e+01 5.767928475254852257e-03 1.435963741709115520e-03 1.768811000000000000e+06 2.113949700000000000e+07 3.100192000000000000e+06 5.640774000000000000e+07
4.200000000000000000e+01 5.451294394714614917e-03 1.314376817161623219e-03 1.619041000000000000e+06 1.937066900000000000e+07 2.930005000000000000e+06 5.330750000000000000e+07
4.300000000000000000e+01 5.150279269242247215e-03 1.205707640783989544e-03 1.485183000000000000e+06 1.775160400000000000e+07 2.768213000000000000e+06 5.037743900000000000e+07
4.400000000000000000e+01 4.863523068324987833e-03 1.101294047356732742e-03 1.356567000000000000e+06 1.626640000000000000e+07 2.614085000000000000e+06 4.760917900000000000e+07
4.500000000000000000e+01 4.596024973888669998e-03 1.010459838899135281e-03 1.244678000000000000e+06 1.490982000000000000e+07 2.470308000000000000e+06 4.499505400000000000e+07
4.600000000000000000e+01 4.336307519129996117e-03 9.228664330241219274e-04 1.136781000000000000e+06 1.366512200000000000e+07 2.330713000000000000e+06 4.252469500000000000e+07
4.700000000000000000e+01 4.095128154698451060e-03 8.473821983219092819e-04 1.043800000000000000e+06 1.252832100000000000e+07 2.201082000000000000e+06 4.019392900000000000e+07
4.800000000000000000e+01 3.871415228644171317e-03 7.748603104693582754e-04 9.544680000000000000e+05 1.148450400000000000e+07 2.080839000000000000e+06 3.799280300000000000e+07
4.900000000000000000e+01 3.660286770973341600e-03 7.100661780736248303e-04 8.746550000000000000e+05 1.053002500000000000e+07 1.967360000000000000e+06 3.591193400000000000e+07
5.000000000000000000e+01 3.455071004095327039e-03 6.489268786505348989e-04 7.993440000000000000e+05 9.655362000000000000e+06 1.857059000000000000e+06 3.394454800000000000e+07
5.100000000000000000e+01 3.267375630293443186e-03 5.953968083373043082e-04 7.334060000000000000e+05 8.856007000000000000e+06 1.756175000000000000e+06 3.208745700000000000e+07
5.200000000000000000e+01 3.086525061219931587e-03 5.450401591902361877e-04 6.713770000000000000e+05 8.122594000000000000e+06 1.658970000000000000e+06 3.033125400000000000e+07
5.300000000000000000e+01 2.916407756206757136e-03 4.998808091748569663e-04 6.157500000000000000e+05 7.451211000000000000e+06 1.567534000000000000e+06 2.867225800000000000e+07
5.400000000000000000e+01 2.756476726237844926e-03 4.584014586852423940e-04 5.646560000000000000e+05 6.835459000000000000e+06 1.481573000000000000e+06 2.710469800000000000e+07
5.500000000000000000e+01 2.598839701224106048e-03 4.205314790077942341e-04 5.180080000000000000e+05 6.270793000000000000e+06 1.396845000000000000e+06 2.562309800000000000e+07
5.600000000000000000e+01 2.456276502769017250e-03 3.844264053460116882e-04 4.735340000000000000e+05 5.752782000000000000e+06 1.320219000000000000e+06 2.422622900000000000e+07
5.700000000000000000e+01 2.324599129936572896e-03 3.519688582382245494e-04 4.335530000000000000e+05 5.279244000000000000e+06 1.249444000000000000e+06 2.290598900000000000e+07
5.800000000000000000e+01 2.191904059853130426e-03 3.235955991547308013e-04 3.986030000000000000e+05 4.845689000000000000e+06 1.178122000000000000e+06 2.165651800000000000e+07
5.900000000000000000e+01 2.075652149375384770e-03 2.966543981262666370e-04 3.654170000000000000e+05 4.447084000000000000e+06 1.115638000000000000e+06 2.047837600000000000e+07
6.000000000000000000e+01 1.961180743960169812e-03 2.723792280800683974e-04 3.355150000000000000e+05 4.081664000000000000e+06 1.054111000000000000e+06 1.936271600000000000e+07
6.100000000000000000e+01 1.853139250244127678e-03 2.486601576754207828e-04 3.062980000000000000e+05 3.746140000000000000e+06 9.960400000000000000e+05 1.830858700000000000e+07
6.200000000000000000e+01 1.750835559676305365e-03 2.291081813730784782e-04 2.822140000000000000e+05 3.439840000000000000e+06 9.410530000000000000e+05 1.731252600000000000e+07
6.300000000000000000e+01 1.655266903932268736e-03 2.100043320811536087e-04 2.586820000000000000e+05 3.157624000000000000e+06 8.896860000000000000e+05 1.637145900000000000e+07
6.400000000000000000e+01 1.568779382159198998e-03 1.917869949185327827e-04 2.362420000000000000e+05 2.898941000000000000e+06 8.432000000000000000e+05 1.548175900000000000e+07
6.500000000000000000e+01 1.474384706242181514e-03 1.764475748789729977e-04 2.173470000000000000e+05 2.662695000000000000e+06 7.924640000000000000e+05 1.463854000000000000e+07
6.600000000000000000e+01 1.395212697432406156e-03 1.612835088869678777e-04 1.986680000000000000e+05 2.445347000000000000e+06 7.499100000000000000e+05 1.384607000000000000e+07
6.700000000000000000e+01 1.319287273088792832e-03 1.481928421424375246e-04 1.825430000000000000e+05 2.246676000000000000e+06 7.091010000000000000e+05 1.309614200000000000e+07
6.800000000000000000e+01 1.248779644713926551e-03 1.359018223277280865e-04 1.674030000000000000e+05 2.064133000000000000e+06 6.712040000000000000e+05 1.238702900000000000e+07
6.900000000000000000e+01 1.181939075354994720e-03 1.253627193399765925e-04 1.544210000000000000e+05 1.896729000000000000e+06 6.352780000000000000e+05 1.171581100000000000e+07
7.000000000000000000e+01 1.116078993109912397e-03 1.149388954020063680e-04 1.415810000000000000e+05 1.742307000000000000e+06 5.998790000000000000e+05 1.108051700000000000e+07
7.100000000000000000e+01 1.054142719827085408e-03 1.056102224369584062e-04 1.300900000000000000e+05 1.600724000000000000e+06 5.665890000000000000e+05 1.048063000000000000e+07
7.200000000000000000e+01 9.968707372357587301e-04 9.681897715469364707e-05 1.192610000000000000e+05 1.470634000000000000e+06 5.358060000000000000e+05 9.914030000000000000e+06
7.300000000000000000e+01 9.419839244356180852e-04 8.848884807155404692e-05 1.090000000000000000e+05 1.351372000000000000e+06 5.063050000000000000e+05 9.378210000000000000e+06
7.400000000000000000e+01 8.910674332691679916e-04 8.142841218459711638e-05 1.003030000000000000e+05 1.242370000000000000e+06 4.789380000000000000e+05 8.871895000000000000e+06
7.500000000000000000e+01 8.426309977436312326e-04 7.436391717616901707e-05 9.160100000000000000e+04 1.142067000000000000e+06 4.529040000000000000e+05 8.392954000000000000e+06
7.600000000000000000e+01 8.001593472029170729e-04 6.875421130300902496e-05 8.469100000000000000e+04 1.050463000000000000e+06 4.300760000000000000e+05 7.940045000000000000e+06
7.700000000000000000e+01 7.528950309975419430e-04 6.314694090273173955e-05 7.778400000000000000e+04 9.657690000000000000e+05 4.046720000000000000e+05 7.509963000000000000e+06
7.800000000000000000e+01 7.125257532056891024e-04 5.787495393597328589e-05 7.129000000000000000e+04 8.879830000000000000e+05 3.829740000000000000e+05 7.105283000000000000e+06
7.900000000000000000e+01 6.725769499636085691e-04 5.359176895959237385e-05 6.601400000000000000e+04 8.166930000000000000e+05 3.615020000000000000e+05 6.722302000000000000e+06
8.000000000000000000e+01 6.372515062621655728e-04 4.890916643044811987e-05 6.024600000000000000e+04 7.506780000000000000e+05 3.425150000000000000e+05 6.360794000000000000e+06
8.100000000000000000e+01 6.030851583328824530e-04 4.488982434969340254e-05 5.529500000000000000e+04 6.904310000000000000e+05 3.241510000000000000e+05 6.018276000000000000e+06
8.200000000000000000e+01 5.694062632002380286e-04 4.130724373923681792e-05 5.088200000000000000e+04 6.351340000000000000e+05 3.060490000000000000e+05 5.694121000000000000e+06
8.300000000000000000e+01 5.383878928736747158e-04 3.785049589438656731e-05 4.662400000000000000e+04 5.842510000000000000e+05 2.893770000000000000e+05 5.388064000000000000e+06
8.400000000000000000e+01 5.093695674188157855e-04 3.468925209263765775e-05 4.273000000000000000e+04 5.376260000000000000e+05 2.737800000000000000e+05 5.098683000000000000e+06
8.500000000000000000e+01 4.825205929596846168e-04 3.234470353088858964e-05 3.984200000000000000e+04 4.948960000000000000e+05 2.593490000000000000e+05 4.824898000000000000e+06
8.600000000000000000e+01 4.562297705577732948e-04 2.968922626444773637e-05 3.657100000000000000e+04 4.550510000000000000e+05 2.452180000000000000e+05 4.565541000000000000e+06
8.700000000000000000e+01 4.314608427652147035e-04 2.690710440810630788e-05 3.314400000000000000e+04 4.184800000000000000e+05 2.319050000000000000e+05 4.320320000000000000e+06
8.800000000000000000e+01 4.080426429511280553e-04 2.466809300460771968e-05 3.038600000000000000e+04 3.853360000000000000e+05 2.193180000000000000e+05 4.088409000000000000e+06
8.900000000000000000e+01 3.850653832622451017e-04 2.314754610150660969e-05 2.851300000000000000e+04 3.549500000000000000e+05 2.069680000000000000e+05 3.869087000000000000e+06
9.000000000000000000e+01 3.643263133228136523e-04 2.106602861108950524e-05 2.594900000000000000e+04 3.264360000000000000e+05 1.958210000000000000e+05 3.662111000000000000e+06
9.100000000000000000e+01 3.452096053630345157e-04 1.950894961474784907e-05 2.403100000000000000e+04 3.004860000000000000e+05 1.855460000000000000e+05 3.466285000000000000e+06
9.200000000000000000e+01 3.265319770216016651e-04 1.784227433868454082e-05 2.197800000000000000e+04 2.764550000000000000e+05 1.755070000000000000e+05 3.280738000000000000e+06
9.300000000000000000e+01 3.090227469866156261e-04 1.630467912540451108e-05 2.008400000000000000e+04 2.544770000000000000e+05 1.660960000000000000e+05 3.105229000000000000e+06
9.400000000000000000e+01 2.919693411316924428e-04 1.518679707224368416e-05 1.870700000000000000e+04 2.343930000000000000e+05 1.569300000000000000e+05 2.939131000000000000e+06
9.500000000000000000e+01 2.750945439350796278e-04 1.372470151832745687e-05 1.690600000000000000e+04 2.156860000000000000e+05 1.478600000000000000e+05 2.782198000000000000e+06
9.600000000000000000e+01 2.612244653131669085e-04 1.255405088604139337e-05 1.546400000000000000e+04 1.987800000000000000e+05 1.404050000000000000e+05 2.634333000000000000e+06
9.700000000000000000e+01 2.481878937633691146e-04 1.179824246810912777e-05 1.453300000000000000e+04 1.833160000000000000e+05 1.333980000000000000e+05 2.493927000000000000e+06
9.800000000000000000e+01 2.340926938117109991e-04 1.074043541272165241e-05 1.323000000000000000e+04 1.687830000000000000e+05 1.258220000000000000e+05 2.360527000000000000e+06
9.900000000000000000e+01 2.216607869905680255e-04 9.971637806081635853e-06 1.228300000000000000e+04 1.555530000000000000e+05 1.191400000000000000e+05 2.234703000000000000e+06
1.000000000000000000e+02 2.091637624294160453e-04 9.124093242900880809e-06 1.123900000000000000e+04 1.432700000000000000e+05 1.124230000000000000e+05 2.115559000000000000e+06
1.010000000000000000e+02 1.985625943559541024e-04 8.406440566797635338e-06 1.035500000000000000e+04 1.320310000000000000e+05 1.067250000000000000e+05 2.003134000000000000e+06
1.020000000000000000e+02 1.872562941835377841e-04 7.853588222423980137e-06 9.674000000000000000e+03 1.216760000000000000e+05 1.006480000000000000e+05 1.896407000000000000e+06
1.030000000000000000e+02 1.767574539872328050e-04 7.189515949740208211e-06 8.856000000000000000e+03 1.120020000000000000e+05 9.500500000000000000e+04 1.795757000000000000e+06
1.040000000000000000e+02 1.688558813638574210e-04 6.553045703060406223e-06 8.072000000000000000e+03 1.031460000000000000e+05 9.075800000000000000e+04 1.700749000000000000e+06
1.050000000000000000e+02 1.592835735825373416e-04 6.088682206758306113e-06 7.500000000000000000e+03 9.507400000000000000e+04 8.561300000000000000e+04 1.609990000000000000e+06
1.060000000000000000e+02 1.504629105716066655e-04 5.559372766917450369e-06 6.848000000000000000e+03 8.757400000000000000e+04 8.087200000000000000e+04 1.524377000000000000e+06
1.070000000000000000e+02 1.425911060579496852e-04 5.099068392086522432e-06 6.281000000000000000e+03 8.072600000000000000e+04 7.664100000000000000e+04 1.443504000000000000e+06
1.080000000000000000e+02 1.354002470541008755e-04 4.719134622384804391e-06 5.813000000000000000e+03 7.444500000000000000e+04 7.277600000000000000e+04 1.366861000000000000e+06
1.090000000000000000e+02 1.272642505666931603e-04 4.310787002384881131e-06 5.310000000000000000e+03 6.863200000000000000e+04 6.840300000000000000e+04 1.294084000000000000e+06
1.100000000000000000e+02 1.206352646337790010e-04 4.089970794353113163e-06 5.038000000000000000e+03 6.332200000000000000e+04 6.484000000000000000e+04 1.225681000000000000e+06
1.110000000000000000e+02 1.147318763752506180e-04 3.662951215585797055e-06 4.512000000000000000e+03 5.828400000000000000e+04 6.166700000000000000e+04 1.160841000000000000e+06
1.120000000000000000e+02 1.087205787189930587e-04 3.289512040237954069e-06 4.052000000000000000e+03 5.377200000000000000e+04 5.843600000000000000e+04 1.099173000000000000e+06
1.130000000000000000e+02 1.030441722970673992e-04 3.113346168389080440e-06 3.835000000000000000e+03 4.972000000000000000e+04 5.538500000000000000e+04 1.040736000000000000e+06
1.140000000000000000e+02 9.681891635220890948e-05 2.960723201073005845e-06 3.647000000000000000e+03 4.588500000000000000e+04 5.203900000000000000e+04 9.853490000000000000e+05
1.150000000000000000e+02 9.198531953668519180e-05 2.615697876023368502e-06 3.222000000000000000e+03 4.223800000000000000e+04 4.944100000000000000e+04 9.333100000000000000e+05
1.160000000000000000e+02 8.647635873192547544e-05 2.441967477057198178e-06 3.008000000000000000e+03 3.901600000000000000e+04 4.648000000000000000e+04 8.838680000000000000e+05
1.170000000000000000e+02 8.179718398556592128e-05 2.211409377494616992e-06 2.724000000000000000e+03 3.600800000000000000e+04 4.396500000000000000e+04 8.373880000000000000e+05
1.180000000000000000e+02 7.866222993084788040e-05 2.068528301709355192e-06 2.548000000000000000e+03 3.328400000000000000e+04 4.228000000000000000e+04 7.934230000000000000e+05
1.190000000000000000e+02 7.385468021132774905e-05 1.864760403856510567e-06 2.297000000000000000e+03 3.073600000000000000e+04 3.969600000000000000e+04 7.511420000000000000e+05
1.200000000000000000e+02 6.975784411133420558e-05 1.751916826957923279e-06 2.158000000000000000e+03 2.843900000000000000e+04 3.749400000000000000e+04 7.114460000000000000e+05
1.210000000000000000e+02 6.562565838105007291e-05 1.634202304293929382e-06 2.013000000000000000e+03 2.628100000000000000e+04 3.527300000000000000e+04 6.739510000000000000e+05
1.220000000000000000e+02 6.229907212001989771e-05 1.496192174274074402e-06 1.843000000000000000e+03 2.426800000000000000e+04 3.348500000000000000e+04 6.386780000000000000e+05
1.230000000000000000e+02 5.961250021793511843e-05 1.418257042027568023e-06 1.747000000000000000e+03 2.242500000000000000e+04 3.204100000000000000e+04 6.051930000000000000e+05
1.240000000000000000e+02 5.573892494082950818e-05 1.277811439125009950e-06 1.574000000000000000e+03 2.067800000000000000e+04 2.995900000000000000e+04 5.731520000000000000e+05
1.250000000000000000e+02 5.340398883479322576e-05 1.167403335109125967e-06 1.438000000000000000e+03 1.910400000000000000e+04 2.870400000000000000e+04 5.431930000000000000e+05
1.260000000000000000e+02 5.048299306867612201e-05 1.075667189860634196e-06 1.325000000000000000e+03 1.766600000000000000e+04 2.713400000000000000e+04 5.144890000000000000e+05
1.270000000000000000e+02 4.744106435682804879e-05 1.019651313558457769e-06 1.256000000000000000e+03 1.634100000000000000e+04 2.549900000000000000e+04 4.873550000000000000e+05
1.280000000000000000e+02 4.460379139929392339e-05 9.246678711330281527e-07 1.139000000000000000e+03 1.508500000000000000e+04 2.397400000000000000e+04 4.618560000000000000e+05
1.290000000000000000e+02 4.256653639044154967e-05 8.304962530018329714e-07 1.023000000000000000e+03 1.394600000000000000e+04 2.287900000000000000e+04 4.378820000000000000e+05
1.300000000000000000e+02 4.072835561533091122e-05 7.728567281111876750e-07 9.520000000000000000e+02 1.292300000000000000e+04 2.189100000000000000e+04 4.150030000000000000e+05
1.310000000000000000e+02 3.852365498931258758e-05 7.273945676340590069e-07 8.960000000000000000e+02 1.197100000000000000e+04 2.070600000000000000e+04 3.931120000000000000e+05
1.320000000000000000e+02 3.633941993872565805e-05 6.632604483895381260e-07 8.170000000000000000e+02 1.107500000000000000e+04 1.953200000000000000e+04 3.724060000000000000e+05
1.330000000000000000e+02 3.455519386247960097e-05 6.088682206758305689e-07 7.500000000000000000e+02 1.025800000000000000e+04 1.857300000000000000e+04 3.528730000000000000e+05
1.340000000000000000e+02 3.257375405934921056e-05 5.593469387275297267e-07 6.890000000000000000e+02 9.508000000000000000e+03 1.750800000000000000e+04 3.343000000000000000e+05
1.350000000000000000e+02 3.065743199622779954e-05 5.552878172563575525e-07 6.840000000000000000e+02 8.819000000000000000e+03 1.647800000000000000e+04 3.167920000000000000e+05
1.360000000000000000e+02 2.921181816802844277e-05 5.114493053676977541e-07 6.300000000000000000e+02 8.135000000000000000e+03 1.570100000000000000e+04 3.003140000000000000e+05
1.370000000000000000e+02 2.717456315917606566e-05 4.773526850098511736e-07 5.880000000000000000e+02 7.505000000000000000e+03 1.460600000000000000e+04 2.846130000000000000e+05
1.380000000000000000e+02 2.599314130472743032e-05 4.278314030615503314e-07 5.270000000000000000e+02 6.917000000000000000e+03 1.397100000000000000e+04 2.700070000000000000e+05
1.390000000000000000e+02 2.461822673710925194e-05 4.140303900595648334e-07 5.100000000000000000e+02 6.390000000000000000e+03 1.323200000000000000e+04 2.560360000000000000e+05
1.400000000000000000e+02 2.360611100668396167e-05 3.612618109343261460e-07 4.450000000000000000e+02 5.880000000000000000e+03 1.268800000000000000e+04 2.428040000000000000e+05
1.410000000000000000e+02 2.219956782248999117e-05 3.182351233399007824e-07 3.920000000000000000e+02 5.435000000000000000e+03 1.193200000000000000e+04 2.301160000000000000e+05
1.420000000000000000e+02 2.121722020178309448e-05 3.044341103379152845e-07 3.750000000000000000e+02 5.043000000000000000e+03 1.140400000000000000e+04 2.181840000000000000e+05
1.430000000000000000e+02 1.981811904501872153e-05 2.687138413915998873e-07 3.310000000000000000e+02 4.668000000000000000e+03 1.065200000000000000e+04 2.067800000000000000e+05
1.440000000000000000e+02 1.890647068489300324e-05 2.557246526838488771e-07 3.150000000000000000e+02 4.337000000000000000e+03 1.016200000000000000e+04 1.961280000000000000e+05
1.450000000000000000e+02 1.771760680301476696e-05 2.321817481510500817e-07 2.860000000000000000e+02 4.022000000000000000e+03 9.523000000000000000e+03 1.859660000000000000e+05
1.460000000000000000e+02 1.728782971895549754e-05 2.216280323260023495e-07 2.730000000000000000e+02 3.736000000000000000e+03 9.292000000000000000e+03 1.764430000000000000e+05
1.470000000000000000e+02 1.600407998734989167e-05 2.126979650894234870e-07 2.620000000000000000e+02 3.463000000000000000e+03 8.602000000000000000e+03 1.671510000000000000e+05
1.480000000000000000e+02 1.527290079239191647e-05 1.997087763816724503e-07 2.460000000000000000e+02 3.201000000000000000e+03 8.209000000000000000e+03 1.585490000000000000e+05
1.490000000000000000e+02 1.464032846087610962e-05 1.664239803180603576e-07 2.050000000000000000e+02 2.955000000000000000e+03 7.869000000000000000e+03 1.503390000000000000e+05
1.500000000000000000e+02 1.371937756646339355e-05 1.664239803180603576e-07 2.050000000000000000e+02 2.750000000000000000e+03 7.374000000000000000e+03 1.424700000000000000e+05
1.510000000000000000e+02 1.313145739952517368e-05 1.436929000794960236e-07 1.770000000000000000e+02 2.545000000000000000e+03 7.058000000000000000e+03 1.350960000000000000e+05
1.520000000000000000e+02 1.226074019026224021e-05 1.339510085486827262e-07 1.650000000000000000e+02 2.368000000000000000e+03 6.590000000000000000e+03 1.280380000000000000e+05
1.530000000000000000e+02 1.177700840733838772e-05 1.331391842544482914e-07 1.640000000000000000e+02 2.203000000000000000e+03 6.330000000000000000e+03 1.214480000000000000e+05
1.540000000000000000e+02 1.135095233699391877e-05 1.160908740755250409e-07 1.430000000000000000e+02 2.039000000000000000e+03 6.101000000000000000e+03 1.151180000000000000e+05
1.550000000000000000e+02 1.060488908717674847e-05 1.071608068389461916e-07 1.320000000000000000e+02 1.896000000000000000e+03 5.700000000000000000e+03 1.090170000000000000e+05
1.560000000000000000e+02 9.890454453935366896e-06 1.071608068389461916e-07 1.320000000000000000e+02 1.764000000000000000e+03 5.316000000000000000e+03 1.033170000000000000e+05
1.570000000000000000e+02 9.295092259567549486e-06 9.904256389660177710e-08 1.220000000000000000e+02 1.632000000000000000e+03 4.996000000000000000e+03 9.800100000000000000e+04
1.580000000000000000e+02 8.816941997215896001e-06 8.605337518885072718e-08 1.060000000000000000e+02 1.510000000000000000e+03 4.739000000000000000e+03 9.300500000000000000e+04
1.590000000000000000e+02 8.506237352030190739e-06 7.631148365803744306e-08 9.400000000000000000e+01 1.404000000000000000e+03 4.572000000000000000e+03 8.826600000000000000e+04
1.600000000000000000e+02 7.879246541086582902e-06 7.631148365803744306e-08 9.400000000000000000e+01 1.310000000000000000e+03 4.235000000000000000e+03 8.369400000000000000e+04
1.610000000000000000e+02 7.287605360433565113e-06 6.007499777334862736e-08 7.400000000000000000e+01 1.216000000000000000e+03 3.917000000000000000e+03 7.945900000000000000e+04
1.620000000000000000e+02 7.187137990133995671e-06 6.575776783298971087e-08 8.100000000000000000e+01 1.142000000000000000e+03 3.863000000000000000e+03 7.554200000000000000e+04
1.630000000000000000e+02 6.785268508935719597e-06 6.007499777334862736e-08 7.400000000000000000e+01 1.061000000000000000e+03 3.647000000000000000e+03 7.167900000000000000e+04
1.640000000000000000e+02 6.640148974058564019e-06 6.656959212722414569e-08 8.200000000000000000e+01 9.870000000000000000e+02 3.569000000000000000e+03 6.803200000000000000e+04
1.650000000000000000e+02 5.961063971107771650e-06 6.088682206758306218e-08 7.500000000000000000e+01 9.050000000000000000e+02 3.204000000000000000e+03 6.446300000000000000e+04
1.660000000000000000e+02 6.113625533414524777e-06 5.439222771370753723e-08 6.700000000000000000e+01 8.300000000000000000e+02 3.286000000000000000e+03 6.125900000000000000e+04
1.670000000000000000e+02 5.428959009891535094e-06 3.734391753478428008e-08 4.600000000000000000e+01 7.630000000000000000e+02 2.918000000000000000e+03 5.797300000000000000e+04
1.680000000000000000e+02 5.348957215023359756e-06 5.195675483100421289e-08 6.400000000000000000e+01 7.170000000000000000e+02 2.875000000000000000e+03 5.505500000000000000e+04
1.690000000000000000e+02 4.930343172108488351e-06 3.653209324054983863e-08 4.500000000000000000e+01 6.530000000000000000e+02 2.650000000000000000e+03 5.218000000000000000e+04
1.700000000000000000e+02 4.532194704625010204e-06 3.247297176937763140e-08 4.000000000000000000e+01 6.080000000000000000e+02 2.436000000000000000e+03 4.952900000000000000e+04
1.710000000000000000e+02 4.554520786913803696e-06 2.922567459243986892e-08 3.600000000000000000e+01 5.680000000000000000e+02 2.448000000000000000e+03 4.709300000000000000e+04
1.720000000000000000e+02 4.104278127423141017e-06 3.166114747514318995e-08 3.900000000000000000e+01 5.320000000000000000e+02 2.206000000000000000e+03 4.464500000000000000e+04
1.730000000000000000e+02 4.029857853127163841e-06 3.328479606361207285e-08 4.100000000000000000e+01 4.930000000000000000e+02 2.166000000000000000e+03 4.243900000000000000e+04
1.740000000000000000e+02 3.849388687959419908e-06 3.247297176937763140e-08 4.000000000000000000e+01 4.520000000000000000e+02 2.069000000000000000e+03 4.027300000000000000e+04
1.750000000000000000e+02 3.544265563345913232e-06 2.841385029820542748e-08 3.500000000000000000e+01 4.120000000000000000e+02 1.905000000000000000e+03 3.820400000000000000e+04
1.760000000000000000e+02 3.507055426197924644e-06 2.273108023856434397e-08 2.800000000000000000e+01 3.770000000000000000e+02 1.885000000000000000e+03 3.629900000000000000e+04
1.770000000000000000e+02 3.214955849586214100e-06 1.786013447315769859e-08 2.200000000000000000e+01 3.490000000000000000e+02 1.728000000000000000e+03 3.441400000000000000e+04
1.780000000000000000e+02 3.179606219295624899e-06 1.867195876739214004e-08 2.300000000000000000e+01 3.270000000000000000e+02 1.709000000000000000e+03 3.268600000000000000e+04
1.790000000000000000e+02 2.947042862120696434e-06 1.623648588468881570e-08 2.000000000000000000e+01 3.040000000000000000e+02 1.584000000000000000e+03 3.097700000000000000e+04
1.800000000000000000e+02 2.787039272384345336e-06 2.029560735586101963e-08 2.500000000000000000e+01 2.840000000000000000e+02 1.498000000000000000e+03 2.939300000000000000e+04
1.810000000000000000e+02 2.567499463211212581e-06 1.298918870775105322e-08 1.600000000000000000e+01 2.590000000000000000e+02 1.380000000000000000e+03 2.789500000000000000e+04
1.820000000000000000e+02 2.649361764936787729e-06 1.623648588468881570e-08 2.000000000000000000e+01 2.430000000000000000e+02 1.424000000000000000e+03 2.651500000000000000e+04
1.830000000000000000e+02 2.307028503175292464e-06 1.461283729621993446e-08 1.800000000000000000e+01 2.230000000000000000e+02 1.240000000000000000e+03 2.509100000000000000e+04
1.840000000000000000e+02 2.303307489460493690e-06 1.055371582504773054e-08 1.300000000000000000e+01 2.050000000000000000e+02 1.238000000000000000e+03 2.385100000000000000e+04
1.850000000000000000e+02 2.137722379151944431e-06 1.380101300198549467e-08 1.700000000000000000e+01 1.920000000000000000e+02 1.149000000000000000e+03 2.261300000000000000e+04
1.860000000000000000e+02 2.076325652857763387e-06 8.118242942344407850e-09 1.000000000000000000e+01 1.750000000000000000e+02 1.116000000000000000e+03 2.146400000000000000e+04
1.870000000000000000e+02 2.013068419706182533e-06 8.930067236578849297e-09 1.100000000000000000e+01 1.650000000000000000e+02 1.082000000000000000e+03 2.034800000000000000e+04
1.880000000000000000e+02 1.897716994547417995e-06 1.136554011928217198e-08 1.400000000000000000e+01 1.540000000000000000e+02 1.020000000000000000e+03 1.926500000000000000e+04
1.890000000000000000e+02 1.774923541959055696e-06 5.682770059641085991e-09 7.000000000000000000e+00 1.400000000000000000e+02 9.540000000000000000e+02 1.824500000000000000e+04
1.900000000000000000e+02 1.650269582513294011e-06 5.682770059641085991e-09 7.000000000000000000e+00 1.330000000000000000e+02 8.870000000000000000e+02 1.729100000000000000e+04
1.910000000000000000e+02 1.440032307627158403e-06 8.118242942344407850e-09 1.000000000000000000e+01 1.260000000000000000e+02 7.740000000000000000e+02 1.640400000000000000e+04
1.920000000000000000e+02 1.512592075065736192e-06 6.494594353875526611e-09 8.000000000000000000e+00 1.160000000000000000e+02 8.130000000000000000e+02 1.563000000000000000e+04
1.930000000000000000e+02 1.371193553903379600e-06 0.000000000000000000e+00 0.000000000000000000e+00 1.080000000000000000e+02 7.370000000000000000e+02 1.481700000000000000e+04
1.940000000000000000e+02 1.339564937327589173e-06 9.741891530813290744e-09 1.200000000000000000e+01 1.080000000000000000e+02 7.200000000000000000e+02 1.408000000000000000e+04
1.950000000000000000e+02 1.343285951042388159e-06 4.059121471172203925e-09 5.000000000000000000e+00 9.600000000000000000e+01 7.220000000000000000e+02 1.336000000000000000e+04
1.960000000000000000e+02 1.073512456719470895e-06 4.059121471172203925e-09 5.000000000000000000e+00 9.100000000000000000e+01 5.770000000000000000e+02 1.263800000000000000e+04
1.970000000000000000e+02 1.092117525293465189e-06 4.059121471172203925e-09 5.000000000000000000e+00 8.600000000000000000e+01 5.870000000000000000e+02 1.206100000000000000e+04
1.980000000000000000e+02 1.017697250997488013e-06 3.247297176937763305e-09 4.000000000000000000e+00 8.100000000000000000e+01 5.470000000000000000e+02 1.147400000000000000e+04
1.990000000000000000e+02 1.036302319571482307e-06 3.247297176937763305e-09 4.000000000000000000e+00 7.700000000000000000e+01 5.570000000000000000e+02 1.092700000000000000e+04
2.000000000000000000e+02 8.651356886907346741e-07 1.623648588468881653e-09 2.000000000000000000e+00 7.300000000000000000e+01 4.650000000000000000e+02 1.037000000000000000e+04
2.010000000000000000e+02 9.153693738405192893e-07 2.435472882703322686e-09 3.000000000000000000e+00 7.100000000000000000e+01 4.920000000000000000e+02 9.905000000000000000e+03
2.020000000000000000e+02 8.521121406889386471e-07 4.059121471172203925e-09 5.000000000000000000e+00 6.800000000000000000e+01 4.580000000000000000e+02 9.413000000000000000e+03
2.030000000000000000e+02 8.446701132593409930e-07 8.118242942344408264e-10 1.000000000000000000e+00 6.300000000000000000e+01 4.540000000000000000e+02 8.955000000000000000e+03
2.040000000000000000e+02 7.721103458207632038e-07 2.435472882703322686e-09 3.000000000000000000e+00 6.200000000000000000e+01 4.150000000000000000e+02 8.501000000000000000e+03
2.050000000000000000e+02 7.590867978189671768e-07 8.118242942344408264e-10 1.000000000000000000e+00 5.900000000000000000e+01 4.080000000000000000e+02 8.086000000000000000e+03
2.060000000000000000e+02 7.646683183911655497e-07 4.870945765406645372e-09 6.000000000000000000e+00 5.800000000000000000e+01 4.110000000000000000e+02 7.678000000000000000e+03
2.070000000000000000e+02 6.716429755211940794e-07 1.623648588468881653e-09 2.000000000000000000e+00 5.200000000000000000e+01 3.610000000000000000e+02 7.267000000000000000e+03
2.080000000000000000e+02 6.176882766566105842e-07 4.059121471172203925e-09 5.000000000000000000e+00 5.000000000000000000e+01 3.320000000000000000e+02 6.906000000000000000e+03
2.090000000000000000e+02 6.195487835140099713e-07 4.059121471172203925e-09 5.000000000000000000e+00 4.500000000000000000e+01 3.330000000000000000e+02 6.574000000000000000e+03
2.100000000000000000e+02 6.176882766566105842e-07 2.435472882703322686e-09 3.000000000000000000e+00 4.000000000000000000e+01 3.320000000000000000e+02 6.241000000000000000e+03
2.110000000000000000e+02 5.860596600808202631e-07 8.118242942344408264e-10 1.000000000000000000e+00 3.700000000000000000e+01 3.150000000000000000e+02 5.909000000000000000e+03
2.120000000000000000e+02 5.153603994996419668e-07 2.435472882703322686e-09 3.000000000000000000e+00 3.600000000000000000e+01 2.770000000000000000e+02 5.594000000000000000e+03
2.130000000000000000e+02 5.209419200718402339e-07 2.435472882703322686e-09 3.000000000000000000e+00 3.300000000000000000e+01 2.800000000000000000e+02 5.317000000000000000e+03
2.140000000000000000e+02 4.353586046314664706e-07 0.000000000000000000e+00 0.000000000000000000e+00 3.000000000000000000e+01 2.340000000000000000e+02 5.037000000000000000e+03
2.150000000000000000e+02 4.148930292000727895e-07 1.623648588468881653e-09 2.000000000000000000e+00 3.000000000000000000e+01 2.230000000000000000e+02 4.803000000000000000e+03
2.160000000000000000e+02 4.055904949130756424e-07 8.118242942344408264e-10 1.000000000000000000e+00 2.800000000000000000e+01 2.180000000000000000e+02 4.580000000000000000e+03
2.170000000000000000e+02 3.572173166206904673e-07 1.623648588468881653e-09 2.000000000000000000e+00 2.700000000000000000e+01 1.920000000000000000e+02 4.362000000000000000e+03
2.180000000000000000e+02 3.832644126242824684e-07 1.623648588468881653e-09 2.000000000000000000e+00 2.500000000000000000e+01 2.060000000000000000e+02 4.170000000000000000e+03
2.190000000000000000e+02 4.111720154852739095e-07 0.000000000000000000e+00 0.000000000000000000e+00 2.300000000000000000e+01 2.210000000000000000e+02 3.964000000000000000e+03
2.200000000000000000e+02 3.069836314709058521e-07 1.623648588468881653e-09 2.000000000000000000e+00 2.300000000000000000e+01 1.650000000000000000e+02 3.743000000000000000e+03
2.210000000000000000e+02 3.274492069022995862e-07 1.623648588468881653e-09 2.000000000000000000e+00 2.100000000000000000e+01 1.760000000000000000e+02 3.578000000000000000e+03
2.220000000000000000e+02 3.367517411892967332e-07 1.623648588468881653e-09 2.000000000000000000e+00 1.900000000000000000e+01 1.810000000000000000e+02 3.402000000000000000e+03
2.230000000000000000e+02 3.218676863301013191e-07 8.118242942344408264e-10 1.000000000000000000e+00 1.700000000000000000e+01 1.730000000000000000e+02 3.221000000000000000e+03
2.240000000000000000e+02 2.381448777471269694e-07 0.000000000000000000e+00 0.000000000000000000e+00 1.600000000000000000e+01 1.280000000000000000e+02 3.048000000000000000e+03
2.250000000000000000e+02 2.493079188915235299e-07 0.000000000000000000e+00 0.000000000000000000e+00 1.600000000000000000e+01 1.340000000000000000e+02 2.920000000000000000e+03
2.260000000000000000e+02 2.567499463211212899e-07 1.623648588468881653e-09 2.000000000000000000e+00 1.600000000000000000e+01 1.380000000000000000e+02 2.786000000000000000e+03
2.270000000000000000e+02 2.344238640323281158e-07 0.000000000000000000e+00 0.000000000000000000e+00 1.400000000000000000e+01 1.260000000000000000e+02 2.648000000000000000e+03
2.280000000000000000e+02 1.990742337417389412e-07 1.623648588468881653e-09 2.000000000000000000e+00 1.400000000000000000e+01 1.070000000000000000e+02 2.522000000000000000e+03
2.290000000000000000e+02 2.214003160305321153e-07 0.000000000000000000e+00 0.000000000000000000e+00 1.200000000000000000e+01 1.190000000000000000e+02 2.415000000000000000e+03
2.300000000000000000e+02 2.027952474565378212e-07 2.435472882703322686e-09 3.000000000000000000e+00 1.200000000000000000e+01 1.090000000000000000e+02 2.296000000000000000e+03
2.310000000000000000e+02 1.916322063121412342e-07 0.000000000000000000e+00 0.000000000000000000e+00 9.000000000000000000e+00 1.030000000000000000e+02 2.187000000000000000e+03
2.320000000000000000e+02 2.065162611713366747e-07 0.000000000000000000e+00 0.000000000000000000e+00 9.000000000000000000e+00 1.110000000000000000e+02 2.084000000000000000e+03
2.330000000000000000e+02 1.823296720251440872e-07 0.000000000000000000e+00 0.000000000000000000e+00 9.000000000000000000e+00 9.800000000000000000e+01 1.973000000000000000e+03
2.340000000000000000e+02 1.600035897363509396e-07 8.118242942344408264e-10 1.000000000000000000e+00 9.000000000000000000e+00 8.600000000000000000e+01 1.875000000000000000e+03
2.350000000000000000e+02 1.767481514529457936e-07 0.000000000000000000e+00 0.000000000000000000e+00 8.000000000000000000e+00 9.500000000000000000e+01 1.789000000000000000e+03
2.360000000000000000e+02 1.693061240233480866e-07 0.000000000000000000e+00 0.000000000000000000e+00 8.000000000000000000e+00 9.100000000000000000e+01 1.694000000000000000e+03
2.370000000000000000e+02 1.283749731605606449e-07 0.000000000000000000e+00 0.000000000000000000e+00 8.000000000000000000e+00 6.900000000000000000e+01 1.603000000000000000e+03
2.380000000000000000e+02 1.748876445955463801e-07 0.000000000000000000e+00 0.000000000000000000e+00 8.000000000000000000e+00 9.400000000000000000e+01 1.534000000000000000e+03
2.390000000000000000e+02 1.376775074475577920e-07 0.000000000000000000e+00 0.000000000000000000e+00 8.000000000000000000e+00 7.400000000000000000e+01 1.440000000000000000e+03
2.400000000000000000e+02 1.358170005901583520e-07 8.118242942344408264e-10 1.000000000000000000e+00 8.000000000000000000e+00 7.300000000000000000e+01 1.366000000000000000e+03
2.410000000000000000e+02 1.227934525883623514e-07 2.435472882703322686e-09 3.000000000000000000e+00 7.000000000000000000e+00 6.600000000000000000e+01 1.293000000000000000e+03
2.420000000000000000e+02 1.116304114439657644e-07 8.118242942344408264e-10 1.000000000000000000e+00 4.000000000000000000e+00 6.000000000000000000e+01 1.227000000000000000e+03
2.430000000000000000e+02 1.041883840143680441e-07 0.000000000000000000e+00 0.000000000000000000e+00 3.000000000000000000e+00 5.600000000000000000e+01 1.167000000000000000e+03
2.440000000000000000e+02 1.004673702995691906e-07 0.000000000000000000e+00 0.000000000000000000e+00 3.000000000000000000e+00 5.400000000000000000e+01 1.111000000000000000e+03
2.450000000000000000e+02 9.302534286997147034e-08 0.000000000000000000e+00 0.000000000000000000e+00 3.000000000000000000e+00 5.000000000000000000e+01 1.057000000000000000e+03
2.460000000000000000e+02 7.628078115337660303e-08 0.000000000000000000e+00 0.000000000000000000e+00 3.000000000000000000e+00 4.100000000000000000e+01 1.007000000000000000e+03
2.470000000000000000e+02 9.116483601257204358e-08 0.000000000000000000e+00 0.000000000000000000e+00 3.000000000000000000e+00 4.900000000000000000e+01 9.660000000000000000e+02
2.480000000000000000e+02 8.000179486817546978e-08 0.000000000000000000e+00 0.000000000000000000e+00 3.000000000000000000e+00 4.300000000000000000e+01 9.170000000000000000e+02
2.490000000000000000e+02 9.488584972737089710e-08 0.000000000000000000e+00 0.000000000000000000e+00 3.000000000000000000e+00 5.100000000000000000e+01 8.740000000000000000e+02
2.500000000000000000e+02 8.186230172557489654e-08 0.000000000000000000e+00 0.000000000000000000e+00 3.000000000000000000e+00 4.400000000000000000e+01 8.230000000000000000e+02
2.510000000000000000e+02 7.069926058117832275e-08 0.000000000000000000e+00 0.000000000000000000e+00 3.000000000000000000e+00 3.800000000000000000e+01 7.790000000000000000e+02
2.520000000000000000e+02 7.069926058117832275e-08 0.000000000000000000e+00 0.000000000000000000e+00 3.000000000000000000e+00 3.800000000000000000e+01 7.410000000000000000e+02
2.530000000000000000e+02 4.837317829238516855e-08 1.623648588468881653e-09 2.000000000000000000e+00 3.000000000000000000e+00 2.600000000000000000e+01 7.030000000000000000e+02
2.540000000000000000e+02 7.442027429597717627e-08 0.000000000000000000e+00 0.000000000000000000e+00 1.000000000000000000e+00 4.000000000000000000e+01 6.770000000000000000e+02
2.550000000000000000e+02 5.953621943678174234e-08 0.000000000000000000e+00 0.000000000000000000e+00 1.000000000000000000e+00 3.200000000000000000e+01 6.370000000000000000e+02
2.560000000000000000e+02 5.581520572198288220e-08 0.000000000000000000e+00 0.000000000000000000e+00 1.000000000000000000e+00 3.000000000000000000e+01 6.050000000000000000e+02
2.570000000000000000e+02 5.209419200718402207e-08 0.000000000000000000e+00 0.000000000000000000e+00 1.000000000000000000e+00 2.800000000000000000e+01 5.750000000000000000e+02
2.580000000000000000e+02 4.651267143498573517e-08 0.000000000000000000e+00 0.000000000000000000e+00 1.000000000000000000e+00 2.500000000000000000e+01 5.470000000000000000e+02
2.590000000000000000e+02 4.093115086278744827e-08 0.000000000000000000e+00 0.000000000000000000e+00 1.000000000000000000e+00 2.200000000000000000e+01 5.220000000000000000e+02
2.600000000000000000e+02 5.581520572198288220e-08 0.000000000000000000e+00 0.000000000000000000e+00 1.000000000000000000e+00 3.000000000000000000e+01 5.000000000000000000e+02
2.610000000000000000e+02 2.604709600359201103e-08 0.000000000000000000e+00 0.000000000000000000e+00 1.000000000000000000e+00 1.400000000000000000e+01 4.700000000000000000e+02
2.620000000000000000e+02 3.534963029058916138e-08 0.000000000000000000e+00 0.000000000000000000e+00 1.000000000000000000e+00 1.900000000000000000e+01 4.560000000000000000e+02
2.630000000000000000e+02 4.093115086278744827e-08 0.000000000000000000e+00 0.000000000000000000e+00 1.000000000000000000e+00 2.200000000000000000e+01 4.370000000000000000e+02
2.640000000000000000e+02 5.209419200718402207e-08 0.000000000000000000e+00 0.000000000000000000e+00 1.000000000000000000e+00 2.800000000000000000e+01 4.150000000000000000e+02
2.650000000000000000e+02 3.162861657579030124e-08 8.118242942344408264e-10 1.000000000000000000e+00 1.000000000000000000e+00 1.700000000000000000e+01 3.870000000000000000e+02
2.660000000000000000e+02 4.093115086278744827e-08 0.000000000000000000e+00 0.000000000000000000e+00 1.000000000000000000e+00 2.200000000000000000e+01 3.700000000000000000e+02
2.670000000000000000e+02 2.232608228879315420e-08 0.000000000000000000e+00 0.000000000000000000e+00 1.000000000000000000e+00 1.200000000000000000e+01 3.480000000000000000e+02
2.680000000000000000e+02 3.534963029058916138e-08 0.000000000000000000e+00 0.000000000000000000e+00 1.000000000000000000e+00 1.900000000000000000e+01 3.360000000000000000e+02
2.690000000000000000e+02 2.232608228879315420e-08 0.000000000000000000e+00 0.000000000000000000e+00 1.000000000000000000e+00 1.200000000000000000e+01 3.170000000000000000e+02
2.700000000000000000e+02 2.790760286099144110e-08 0.000000000000000000e+00 0.000000000000000000e+00 1.000000000000000000e+00 1.500000000000000000e+01 3.050000000000000000e+02
2.710000000000000000e+02 3.162861657579030124e-08 0.000000000000000000e+00 0.000000000000000000e+00 1.000000000000000000e+00 1.700000000000000000e+01 2.900000000000000000e+02
2.720000000000000000e+02 2.046557543139372414e-08 0.000000000000000000e+00 0.000000000000000000e+00 1.000000000000000000e+00 1.100000000000000000e+01 2.730000000000000000e+02
2.730000000000000000e+02 7.442027429597717792e-09 0.000000000000000000e+00 0.000000000000000000e+00 1.000000000000000000e+00 4.000000000000000000e+00 2.620000000000000000e+02
2.740000000000000000e+02 2.232608228879315420e-08 0.000000000000000000e+00 0.000000000000000000e+00 1.000000000000000000e+00 1.200000000000000000e+01 2.580000000000000000e+02
2.750000000000000000e+02 3.721013714798858814e-08 0.000000000000000000e+00 0.000000000000000000e+00 1.000000000000000000e+00 2.000000000000000000e+01 2.460000000000000000e+02
2.760000000000000000e+02 1.674456171659486400e-08 0.000000000000000000e+00 0.000000000000000000e+00 1.000000000000000000e+00 9.000000000000000000e+00 2.260000000000000000e+02
2.770000000000000000e+02 1.116304114439657710e-08 0.000000000000000000e+00 0.000000000000000000e+00 1.000000000000000000e+00 6.000000000000000000e+00 2.170000000000000000e+02
2.780000000000000000e+02 1.488405485919543558e-08 0.000000000000000000e+00 0.000000000000000000e+00 1.000000000000000000e+00 8.000000000000000000e+00 2.110000000000000000e+02
2.790000000000000000e+02 5.581520572198288551e-09 0.000000000000000000e+00 0.000000000000000000e+00 1.000000000000000000e+00 3.000000000000000000e+00 2.030000000000000000e+02
2.800000000000000000e+02 2.418658914619258427e-08 0.000000000000000000e+00 0.000000000000000000e+00 1.000000000000000000e+00 1.300000000000000000e+01 2.000000000000000000e+02
2.810000000000000000e+02 1.302354800179600552e-08 0.000000000000000000e+00 0.000000000000000000e+00 1.000000000000000000e+00 7.000000000000000000e+00 1.870000000000000000e+02
2.820000000000000000e+02 1.116304114439657710e-08 0.000000000000000000e+00 0.000000000000000000e+00 1.000000000000000000e+00 6.000000000000000000e+00 1.800000000000000000e+02
2.830000000000000000e+02 1.488405485919543558e-08 0.000000000000000000e+00 0.000000000000000000e+00 1.000000000000000000e+00 8.000000000000000000e+00 1.740000000000000000e+02
2.840000000000000000e+02 2.046557543139372414e-08 0.000000000000000000e+00 0.000000000000000000e+00 1.000000000000000000e+00 1.100000000000000000e+01 1.660000000000000000e+02
2.850000000000000000e+02 5.581520572198288551e-09 0.000000000000000000e+00 0.000000000000000000e+00 1.000000000000000000e+00 3.000000000000000000e+00 1.550000000000000000e+02
2.860000000000000000e+02 1.116304114439657710e-08 0.000000000000000000e+00 0.000000000000000000e+00 1.000000000000000000e+00 6.000000000000000000e+00 1.520000000000000000e+02
2.870000000000000000e+02 1.116304114439657710e-08 0.000000000000000000e+00 0.000000000000000000e+00 1.000000000000000000e+00 6.000000000000000000e+00 1.460000000000000000e+02
2.880000000000000000e+02 1.116304114439657710e-08 0.000000000000000000e+00 0.000000000000000000e+00 1.000000000000000000e+00 6.000000000000000000e+00 1.400000000000000000e+02
2.890000000000000000e+02 1.860506857399429407e-08 0.000000000000000000e+00 0.000000000000000000e+00 1.000000000000000000e+00 1.000000000000000000e+01 1.340000000000000000e+02
2.900000000000000000e+02 1.116304114439657710e-08 0.000000000000000000e+00 0.000000000000000000e+00 1.000000000000000000e+00 6.000000000000000000e+00 1.240000000000000000e+02
2.910000000000000000e+02 5.581520572198288551e-09 0.000000000000000000e+00 0.000000000000000000e+00 1.000000000000000000e+00 3.000000000000000000e+00 1.180000000000000000e+02
2.920000000000000000e+02 7.442027429597717792e-09 0.000000000000000000e+00 0.000000000000000000e+00 1.000000000000000000e+00 4.000000000000000000e+00 1.150000000000000000e+02
2.930000000000000000e+02 9.302534286997147034e-09 0.000000000000000000e+00 0.000000000000000000e+00 1.000000000000000000e+00 5.000000000000000000e+00 1.110000000000000000e+02
2.940000000000000000e+02 5.581520572198288551e-09 0.000000000000000000e+00 0.000000000000000000e+00 1.000000000000000000e+00 3.000000000000000000e+00 1.060000000000000000e+02
2.950000000000000000e+02 1.116304114439657710e-08 0.000000000000000000e+00 0.000000000000000000e+00 1.000000000000000000e+00 6.000000000000000000e+00 1.030000000000000000e+02
2.960000000000000000e+02 5.581520572198288551e-09 0.000000000000000000e+00 0.000000000000000000e+00 1.000000000000000000e+00 3.000000000000000000e+00 9.700000000000000000e+01
2.970000000000000000e+02 1.302354800179600552e-08 0.000000000000000000e+00 0.000000000000000000e+00 1.000000000000000000e+00 7.000000000000000000e+00 9.400000000000000000e+01
2.980000000000000000e+02 1.116304114439657710e-08 0.000000000000000000e+00 0.000000000000000000e+00 1.000000000000000000e+00 6.000000000000000000e+00 8.700000000000000000e+01
2.990000000000000000e+02 7.442027429597717792e-09 0.000000000000000000e+00 0.000000000000000000e+00 1.000000000000000000e+00 4.000000000000000000e+00 8.100000000000000000e+01
3.000000000000000000e+02 7.442027429597717792e-09 0.000000000000000000e+00 0.000000000000000000e+00 1.000000000000000000e+00 4.000000000000000000e+00 7.700000000000000000e+01
3.010000000000000000e+02 9.302534286997147034e-09 0.000000000000000000e+00 0.000000000000000000e+00 1.000000000000000000e+00 5.000000000000000000e+00 7.300000000000000000e+01
3.020000000000000000e+02 3.721013714798858896e-09 0.000000000000000000e+00 0.000000000000000000e+00 1.000000000000000000e+00 2.000000000000000000e+00 6.800000000000000000e+01
3.030000000000000000e+02 3.721013714798858896e-09 0.000000000000000000e+00 0.000000000000000000e+00 1.000000000000000000e+00 2.000000000000000000e+00 6.600000000000000000e+01
3.040000000000000000e+02 3.721013714798858896e-09 0.000000000000000000e+00 0.000000000000000000e+00 1.000000000000000000e+00 2.000000000000000000e+00 6.400000000000000000e+01
3.050000000000000000e+02 5.581520572198288551e-09 0.000000000000000000e+00 0.000000000000000000e+00 1.000000000000000000e+00 3.000000000000000000e+00 6.200000000000000000e+01
3.060000000000000000e+02 3.721013714798858896e-09 0.000000000000000000e+00 0.000000000000000000e+00 1.000000000000000000e+00 2.000000000000000000e+00 5.900000000000000000e+01
3.070000000000000000e+02 5.581520572198288551e-09 0.000000000000000000e+00 0.000000000000000000e+00 1.000000000000000000e+00 3.000000000000000000e+00 5.700000000000000000e+01
3.080000000000000000e+02 3.721013714798858896e-09 0.000000000000000000e+00 0.000000000000000000e+00 1.000000000000000000e+00 2.000000000000000000e+00 5.400000000000000000e+01
3.090000000000000000e+02 0.000000000000000000e+00 0.000000000000000000e+00 0.000000000000000000e+00 1.000000000000000000e+00 0.000000000000000000e+00 5.200000000000000000e+01
3.100000000000000000e+02 7.442027429597717792e-09 0.000000000000000000e+00 0.000000000000000000e+00 1.000000000000000000e+00 4.000000000000000000e+00 5.200000000000000000e+01
3.110000000000000000e+02 1.860506857399429448e-09 0.000000000000000000e+00 0.000000000000000000e+00 1.000000000000000000e+00 1.000000000000000000e+00 4.800000000000000000e+01
3.120000000000000000e+02 7.442027429597717792e-09 0.000000000000000000e+00 0.000000000000000000e+00 1.000000000000000000e+00 4.000000000000000000e+00 4.700000000000000000e+01
3.130000000000000000e+02 3.721013714798858896e-09 0.000000000000000000e+00 0.000000000000000000e+00 1.000000000000000000e+00 2.000000000000000000e+00 4.300000000000000000e+01
3.140000000000000000e+02 1.860506857399429448e-09 0.000000000000000000e+00 0.000000000000000000e+00 1.000000000000000000e+00 1.000000000000000000e+00 4.100000000000000000e+01
3.150000000000000000e+02 3.721013714798858896e-09 0.000000000000000000e+00 0.000000000000000000e+00 1.000000000000000000e+00 2.000000000000000000e+00 4.000000000000000000e+01
3.160000000000000000e+02 7.442027429597717792e-09 0.000000000000000000e+00 0.000000000000000000e+00 1.000000000000000000e+00 4.000000000000000000e+00 3.800000000000000000e+01
3.170000000000000000e+02 1.860506857399429448e-09 0.000000000000000000e+00 0.000000000000000000e+00 1.000000000000000000e+00 1.000000000000000000e+00 3.400000000000000000e+01
3.180000000000000000e+02 3.721013714798858896e-09 0.000000000000000000e+00 0.000000000000000000e+00 1.000000000000000000e+00 2.000000000000000000e+00 3.300000000000000000e+01
3.190000000000000000e+02 3.721013714798858896e-09 0.000000000000000000e+00 0.000000000000000000e+00 1.000000000000000000e+00 2.000000000000000000e+00 3.100000000000000000e+01
3.200000000000000000e+02 5.581520572198288551e-09 0.000000000000000000e+00 0.000000000000000000e+00 1.000000000000000000e+00 3.000000000000000000e+00 2.900000000000000000e+01
3.210000000000000000e+02 1.860506857399429448e-09 0.000000000000000000e+00 0.000000000000000000e+00 1.000000000000000000e+00 1.000000000000000000e+00 2.600000000000000000e+01
3.220000000000000000e+02 0.000000000000000000e+00 0.000000000000000000e+00 0.000000000000000000e+00 1.000000000000000000e+00 0.000000000000000000e+00 2.500000000000000000e+01
3.230000000000000000e+02 1.860506857399429448e-09 0.000000000000000000e+00 0.000000000000000000e+00 1.000000000000000000e+00 1.000000000000000000e+00 2.500000000000000000e+01
3.240000000000000000e+02 3.721013714798858896e-09 0.000000000000000000e+00 0.000000000000000000e+00 1.000000000000000000e+00 2.000000000000000000e+00 2.400000000000000000e+01
3.250000000000000000e+02 3.721013714798858896e-09 0.000000000000000000e+00 0.000000000000000000e+00 1.000000000000000000e+00 2.000000000000000000e+00 2.200000000000000000e+01
3.260000000000000000e+02 0.000000000000000000e+00 0.000000000000000000e+00 0.000000000000000000e+00 1.000000000000000000e+00 0.000000000000000000e+00 2.000000000000000000e+01
3.270000000000000000e+02 1.860506857399429448e-09 0.000000000000000000e+00 0.000000000000000000e+00 1.000000000000000000e+00 1.000000000000000000e+00 2.000000000000000000e+01
3.280000000000000000e+02 1.860506857399429448e-09 0.000000000000000000e+00 0.000000000000000000e+00 1.000000000000000000e+00 1.000000000000000000e+00 1.900000000000000000e+01
3.290000000000000000e+02 0.000000000000000000e+00 0.000000000000000000e+00 0.000000000000000000e+00 1.000000000000000000e+00 0.000000000000000000e+00 1.800000000000000000e+01
3.300000000000000000e+02 3.721013714798858896e-09 0.000000000000000000e+00 0.000000000000000000e+00 1.000000000000000000e+00 2.000000000000000000e+00 1.800000000000000000e+01
3.310000000000000000e+02 1.860506857399429448e-09 0.000000000000000000e+00 0.000000000000000000e+00 1.000000000000000000e+00 1.000000000000000000e+00 1.600000000000000000e+01
3.320000000000000000e+02 1.860506857399429448e-09 0.000000000000000000e+00 0.000000000000000000e+00 1.000000000000000000e+00 1.000000000000000000e+00 1.500000000000000000e+01
3.330000000000000000e+02 0.000000000000000000e+00 0.000000000000000000e+00 0.000000000000000000e+00 1.000000000000000000e+00 0.000000000000000000e+00 1.400000000000000000e+01
3.340000000000000000e+02 0.000000000000000000e+00 0.000000000000000000e+00 0.000000000000000000e+00 1.000000000000000000e+00 0.000000000000000000e+00 1.400000000000000000e+01
3.350000000000000000e+02 1.860506857399429448e-09 0.000000000000000000e+00 0.000000000000000000e+00 1.000000000000000000e+00 1.000000000000000000e+00 1.400000000000000000e+01
3.360000000000000000e+02 1.860506857399429448e-09 0.000000000000000000e+00 0.000000000000000000e+00 1.000000000000000000e+00 1.000000000000000000e+00 1.300000000000000000e+01
3.370000000000000000e+02 1.860506857399429448e-09 0.000000000000000000e+00 0.000000000000000000e+00 1.000000000000000000e+00 1.000000000000000000e+00 1.200000000000000000e+01
3.380000000000000000e+02 1.860506857399429448e-09 0.000000000000000000e+00 0.000000000000000000e+00 1.000000000000000000e+00 1.000000000000000000e+00 1.100000000000000000e+01
3.390000000000000000e+02 1.860506857399429448e-09 0.000000000000000000e+00 0.000000000000000000e+00 1.000000000000000000e+00 1.000000000000000000e+00 1.000000000000000000e+01
3.400000000000000000e+02 0.000000000000000000e+00 0.000000000000000000e+00 0.000000000000000000e+00 1.000000000000000000e+00 0.000000000000000000e+00 9.000000000000000000e+00
3.410000000000000000e+02 0.000000000000000000e+00 0.000000000000000000e+00 0.000000000000000000e+00 1.000000000000000000e+00 0.000000000000000000e+00 9.000000000000000000e+00
3.420000000000000000e+02 0.000000000000000000e+00 0.000000000000000000e+00 0.000000000000000000e+00 1.000000000000000000e+00 0.000000000000000000e+00 9.000000000000000000e+00
3.430000000000000000e+02 0.000000000000000000e+00 0.000000000000000000e+00 0.000000000000000000e+00 1.000000000000000000e+00 0.000000000000000000e+00 9.000000000000000000e+00
3.440000000000000000e+02 0.000000000000000000e+00 0.000000000000000000e+00 0.000000000000000000e+00 1.000000000000000000e+00 0.000000000000000000e+00 9.000000000000000000e+00
3.450000000000000000e+02 0.000000000000000000e+00 0.000000000000000000e+00 0.000000000000000000e+00 1.000000000000000000e+00 0.000000000000000000e+00 9.000000000000000000e+00
3.460000000000000000e+02 1.860506857399429448e-09 0.000000000000000000e+00 0.000000000000000000e+00 1.000000000000000000e+00 1.000000000000000000e+00 9.000000000000000000e+00
3.470000000000000000e+02 1.860506857399429448e-09 0.000000000000000000e+00 0.000000000000000000e+00 1.000000000000000000e+00 1.000000000000000000e+00 8.000000000000000000e+00
3.480000000000000000e+02 0.000000000000000000e+00 0.000000000000000000e+00 0.000000000000000000e+00 1.000000000000000000e+00 0.000000000000000000e+00 7.000000000000000000e+00
3.490000000000000000e+02 0.000000000000000000e+00 0.000000000000000000e+00 0.000000000000000000e+00 1.000000000000000000e+00 0.000000000000000000e+00 7.000000000000000000e+00
3.500000000000000000e+02 0.000000000000000000e+00 0.000000000000000000e+00 0.000000000000000000e+00 1.000000000000000000e+00 0.000000000000000000e+00 7.000000000000000000e+00
3.510000000000000000e+02 0.000000000000000000e+00 0.000000000000000000e+00 0.000000000000000000e+00 1.000000000000000000e+00 0.000000000000000000e+00 7.000000000000000000e+00
3.520000000000000000e+02 0.000000000000000000e+00 0.000000000000000000e+00 0.000000000000000000e+00 1.000000000000000000e+00 0.000000000000000000e+00 7.000000000000000000e+00
3.530000000000000000e+02 1.860506857399429448e-09 0.000000000000000000e+00 0.000000000000000000e+00 1.000000000000000000e+00 1.000000000000000000e+00 7.000000000000000000e+00
3.540000000000000000e+02 5.581520572198288551e-09 0.000000000000000000e+00 0.000000000000000000e+00 1.000000000000000000e+00 3.000000000000000000e+00 6.000000000000000000e+00
3.550000000000000000e+02 0.000000000000000000e+00 0.000000000000000000e+00 0.000000000000000000e+00 1.000000000000000000e+00 0.000000000000000000e+00 3.000000000000000000e+00
3.560000000000000000e+02 0.000000000000000000e+00 0.000000000000000000e+00 0.000000000000000000e+00 1.000000000000000000e+00 0.000000000000000000e+00 3.000000000000000000e+00
3.570000000000000000e+02 1.860506857399429448e-09 0.000000000000000000e+00 0.000000000000000000e+00 1.000000000000000000e+00 1.000000000000000000e+00 3.000000000000000000e+00
3.580000000000000000e+02 0.000000000000000000e+00 0.000000000000000000e+00 0.000000000000000000e+00 1.000000000000000000e+00 0.000000000000000000e+00 2.000000000000000000e+00
3.590000000000000000e+02 1.860506857399429448e-09 0.000000000000000000e+00 0.000000000000000000e+00 1.000000000000000000e+00 1.000000000000000000e+00 2.000000000000000000e+00
3.600000000000000000e+02 0.000000000000000000e+00 0.000000000000000000e+00 0.000000000000000000e+00 1.000000000000000000e+00 0.000000000000000000e+00 1.000000000000000000e+00
3.610000000000000000e+02 0.000000000000000000e+00 0.000000000000000000e+00 0.000000000000000000e+00 1.000000000000000000e+00 0.000000000000000000e+00 1.000000000000000000e+00
3.620000000000000000e+02 0.000000000000000000e+00 0.000000000000000000e+00 0.000000000000000000e+00 1.000000000000000000e+00 0.000000000000000000e+00 1.000000000000000000e+00
3.630000000000000000e+02 0.000000000000000000e+00 0.000000000000000000e+00 0.000000000000000000e+00 1.000000000000000000e+00 0.000000000000000000e+00 1.000000000000000000e+00
3.640000000000000000e+02 0.000000000000000000e+00 0.000000000000000000e+00 0.000000000000000000e+00 1.000000000000000000e+00 0.000000000000000000e+00 1.000000000000000000e+00
3.650000000000000000e+02 0.000000000000000000e+00 0.000000000000000000e+00 0.000000000000000000e+00 1.000000000000000000e+00 0.000000000000000000e+00 1.000000000000000000e+00
3.660000000000000000e+02 0.000000000000000000e+00 0.000000000000000000e+00 0.000000000000000000e+00 1.000000000000000000e+00 0.000000000000000000e+00 1.000000000000000000e+00
3.670000000000000000e+02 0.000000000000000000e+00 0.000000000000000000e+00 0.000000000000000000e+00 1.000000000000000000e+00 0.000000000000000000e+00 1.000000000000000000e+00
3.680000000000000000e+02 0.000000000000000000e+00 0.000000000000000000e+00 0.000000000000000000e+00 1.000000000000000000e+00 0.000000000000000000e+00 1.000000000000000000e+00
3.690000000000000000e+02 0.000000000000000000e+00 0.000000000000000000e+00 0.000000000000000000e+00 1.000000000000000000e+00 0.000000000000000000e+00 1.000000000000000000e+00
3.700000000000000000e+02 0.000000000000000000e+00 0.000000000000000000e+00 0.000000000000000000e+00 1.000000000000000000e+00 0.000000000000000000e+00 1.000000000000000000e+00
3.710000000000000000e+02 0.000000000000000000e+00 0.000000000000000000e+00 0.000000000000000000e+00 1.000000000000000000e+00 0.000000000000000000e+00 1.000000000000000000e+00
3.720000000000000000e+02 0.000000000000000000e+00 0.000000000000000000e+00 0.000000000000000000e+00 1.000000000000000000e+00 0.000000000000000000e+00 1.000000000000000000e+00
3.730000000000000000e+02 0.000000000000000000e+00 0.000000000000000000e+00 0.000000000000000000e+00 1.000000000000000000e+00 0.000000000000000000e+00 1.000000000000000000e+00
3.740000000000000000e+02 0.000000000000000000e+00 0.000000000000000000e+00 0.000000000000000000e+00 1.000000000000000000e+00 0.000000000000000000e+00 1.000000000000000000e+00
3.750000000000000000e+02 0.000000000000000000e+00 0.000000000000000000e+00 0.000000000000000000e+00 1.000000000000000000e+00 0.000000000000000000e+00 1.000000000000000000e+00
3.760000000000000000e+02 0.000000000000000000e+00 0.000000000000000000e+00 0.000000000000000000e+00 1.000000000000000000e+00 0.000000000000000000e+00 1.000000000000000000e+00
3.770000000000000000e+02 0.000000000000000000e+00 0.000000000000000000e+00 0.000000000000000000e+00 1.000000000000000000e+00 0.000000000000000000e+00 1.000000000000000000e+00
3.780000000000000000e+02 0.000000000000000000e+00 0.000000000000000000e+00 0.000000000000000000e+00 1.000000000000000000e+00 0.000000000000000000e+00 1.000000000000000000e+00
3.790000000000000000e+02 0.000000000000000000e+00 0.000000000000000000e+00 0.000000000000000000e+00 1.000000000000000000e+00 0.000000000000000000e+00 1.000000000000000000e+00
3.800000000000000000e+02 1.860506857399429448e-09 0.000000000000000000e+00 0.000000000000000000e+00 1.000000000000000000e+00 1.000000000000000000e+00 1.000000000000000000e+00
