0.000000000000000000e+00 0.000000000000000000e+00 0.000000000000000000e+00 0.000000000000000000e+00 0.000000000000000000e+00 0.000000000000000000e+00 0.000000000000000000e+00
1.000000000000000000e+00 3.205108953787402098e-02 2.026284465743431185e-01 2.405967110000000000e+08 1.187387571000000000e+09 1.707458100000000000e+07 5.327395900000000000e+08
2.000000000000000000e+00 4.264238091419222249e-02 1.325584885173963778e-01 1.573971320000000000e+08 9.467898340000000000e+08 2.271688100000000000e+07 5.156644770000000000e+08
3.000000000000000000e+00 4.601901179882022380e-02 9.388765908238039248e-02 1.114802110000000000e+08 7.893918950000000000e+08 2.451571400000000000e+07 4.929470620000000000e+08
4.000000000000000000e+00 4.641054212426773407e-02 7.124207858168779550e-02 8.459133000000000000e+07 6.779109820000000000e+08 2.472429400000000000e+07 4.684308910000000000e+08
5.000000000000000000e+00 4.536466547535802918e-02 5.686749503526358773e-02 6.752325500000000000e+07 5.933190400000000000e+08 2.416712400000000000e+07 4.437061350000000000e+08
6.000000000000000000e+00 4.367752980487998177e-02 4.704799133481542273e-02 5.586378500000000000e+07 5.257952550000000000e+08 2.326833600000000000e+07 4.195385950000000000e+08
7.000000000000000000e+00 4.165594336661196384e-02 3.992397128529705241e-02 4.740487500000000000e+07 4.699310100000000000e+08 2.219137600000000000e+07 3.962698880000000000e+08
8.000000000000000000e+00 3.954324700694090283e-02 3.450671498333631598e-02 4.097254000000000000e+07 4.225257270000000000e+08 2.106587900000000000e+07 3.740781410000000000e+08
9.000000000000000000e+00 3.739711157728460578e-02 3.023166794141717711e-02 3.589644000000000000e+07 3.815527880000000000e+08 1.992256800000000000e+07 3.530118900000000000e+08
1.000000000000000000e+01 3.529498717462246915e-02 2.675639687864482183e-02 3.176997700000000000e+07 3.456560170000000000e+08 1.880270300000000000e+07 3.330889710000000000e+08
1.100000000000000000e+01 3.326142093705918706e-02 2.385254668871043815e-02 2.832200700000000000e+07 3.138857190000000000e+08 1.771936100000000000e+07 3.142859440000000000e+08
1.200000000000000000e+01 3.134208702260985607e-02 2.139347875661446255e-02 2.540216200000000000e+07 2.855633960000000000e+08 1.669687400000000000e+07 2.965662670000000000e+08
1.300000000000000000e+01 2.954422549487237606e-02 1.927720877422779006e-02 2.288934800000000000e+07 2.601609620000000000e+08 1.573909900000000000e+07 2.798690710000000000e+08
1.400000000000000000e+01 2.782885789374551014e-02 1.743300025564631373e-02 2.069957400000000000e+07 2.372713550000000000e+08 1.482527100000000000e+07 2.641297020000000000e+08
1.500000000000000000e+01 2.622412604797175195e-02 1.579702520985075409e-02 1.875705200000000000e+07 2.165715840000000000e+08 1.397038200000000000e+07 2.493041680000000000e+08
1.600000000000000000e+01 2.472198648528844966e-02 1.434544204453408467e-02 1.703347300000000000e+07 1.978143630000000000e+08 1.317014700000000000e+07 2.353335570000000000e+08
1.700000000000000000e+01 2.330694543205362804e-02 1.305769792424960746e-02 1.550443300000000000e+07 1.807807010000000000e+08 1.241631200000000000e+07 2.221632200000000000e+08
1.800000000000000000e+01 2.194399266629048703e-02 1.189019429198188114e-02 1.411816400000000000e+07 1.652760980000000000e+08 1.169022600000000000e+07 2.097467050000000000e+08
1.900000000000000000e+01 2.069252411549835080e-02 1.083605297173135217e-02 1.286649900000000000e+07 1.511577940000000000e+08 1.102353100000000000e+07 1.980562800000000000e+08
2.000000000000000000e+01 1.951402121472285353e-02 9.887345575000424519e-03 1.174002400000000000e+07 1.382911730000000000e+08 1.039570700000000000e+07 1.870325780000000000e+08
2.100000000000000000e+01 1.841321806829220031e-02 9.029178791592434514e-03 1.072105500000000000e+07 1.265510290000000000e+08 9.809276000000000000e+06 1.766367100000000000e+08
2.200000000000000000e+01 1.737213746877131273e-02 8.247883015207783941e-03 9.793361000000000000e+06 1.158298690000000000e+08 9.254661000000000000e+06 1.668272740000000000e+08
2.300000000000000000e+01 1.639368707976224249e-02 7.535204771523504146e-03 8.947142000000000000e+06 1.060364250000000000e+08 8.733411000000000000e+06 1.575724790000000000e+08
2.400000000000000000e+01 1.548112746400017239e-02 6.899860740054158427e-03 8.192748000000000000e+06 9.708919600000000000e+07 8.247263000000000000e+06 1.488389260000000000e+08
2.500000000000000000e+01 1.460988332653467489e-02 6.306478045795777670e-03 7.488178000000000000e+06 8.889637000000000000e+07 7.783125000000000000e+06 1.405915220000000000e+08
2.600000000000000000e+01 1.378373143893924999e-02 5.770093171458794655e-03 6.851286000000000000e+06 8.140810900000000000e+07 7.343009000000000000e+06 1.328082720000000000e+08
2.700000000000000000e+01 1.302243790691416832e-02 5.280108824450771045e-03 6.269489000000000000e+06 7.455675000000000000e+07 6.937445000000000000e+06 1.254651250000000000e+08
2.800000000000000000e+01 1.229222765544851423e-02 4.827686207524817079e-03 5.732292000000000000e+06 6.828720600000000000e+07 6.548440000000000000e+06 1.185275460000000000e+08
2.900000000000000000e+01 1.160600027413129405e-02 4.415503488879609847e-03 5.242875000000000000e+06 6.255485400000000000e+07 6.182866000000000000e+06 1.119790010000000000e+08
3.000000000000000000e+01 1.095272391080671752e-02 4.040214642649317747e-03 4.797265000000000000e+06 5.731191400000000000e+07 5.834846000000000000e+06 1.057960510000000000e+08
3.100000000000000000e+01 1.034490583634666352e-02 3.700169816160605359e-03 4.393503000000000000e+06 5.251458000000000000e+07 5.511043000000000000e+06 9.996109700000000000e+07
3.200000000000000000e+01 9.760108798952907283e-03 3.388890032069943794e-03 4.023896000000000000e+06 4.812103200000000000e+07 5.199504000000000000e+06 9.444996500000000000e+07
3.300000000000000000e+01 9.226698005010705583e-03 3.098815781650502994e-03 3.679468000000000000e+06 4.409709700000000000e+07 4.915340000000000000e+06 8.925038100000000000e+07
3.400000000000000000e+01 8.714226518674058827e-03 2.837136009475837300e-03 3.368755000000000000e+06 4.041759400000000000e+07 4.642331000000000000e+06 8.433494900000000000e+07
3.500000000000000000e+01 8.229613415499588067e-03 2.601530478631684535e-03 3.089002000000000000e+06 3.704880700000000000e+07 4.384163000000000000e+06 7.969254300000000000e+07
3.600000000000000000e+01 7.773478146093283636e-03 2.382981847324575683e-03 2.829502000000000000e+06 3.395977400000000000e+07 4.141166000000000000e+06 7.530831700000000000e+07
3.700000000000000000e+01 7.347641519812150163e-03 2.182078807243464837e-03 2.590954000000000000e+06 3.113025200000000000e+07 3.914310000000000000e+06 7.116707900000000000e+07
3.800000000000000000e+01 6.939579371676871111e-03 2.000748291985387801e-03 2.375646000000000000e+06 2.853926400000000000e+07 3.696923000000000000e+06 6.725269700000000000e+07
3.900000000000000000e+01 6.548505187130142582e-03 1.829132452881944643e-03 2.171873000000000000e+06 2.616359000000000000e+07 3.488586000000000000e+06 6.355569300000000000e+07
4.000000000000000000e+01 6.188885953506436007e-03 1.678029866236101664e-03 1.992457000000000000e+06 2.399169800000000000e+07 3.297006000000000000e+06 6.006704700000000000e+07
4.100000000000000000e+01 5.849798691786770033e-03 1.533673231562397016e-03 1.821051000000000000e+06 2.199922700000000000e+07 3.116364000000000000e+06 5.676998900000000000e+07
4.200000000000000000e+01 5.518157977200338973e-03 1.409535082406186864e-03 1.673652000000000000e+06 2.017816000000000000e+07 2.939689000000000000e+06 5.365357300000000000e+07
4.300000000000000000e+01 5.224940094292808770e-03 1.288084365552485304e-03 1.529444000000000000e+06 1.850449400000000000e+07 2.783483000000000000e+06 5.071383300000000000e+07
4.400000000000000000e+01 4.930286212253207068e-03 1.182227662021644640e-03 1.403752000000000000e+06 1.697503400000000000e+07 2.626512000000000000e+06 4.793030900000000000e+07
4.500000000000000000e+01 4.656023517889011643e-03 1.082348832036152337e-03 1.285158000000000000e+06 1.557126900000000000e+07 2.480404000000000000e+06 4.530375400000000000e+07
4.600000000000000000e+01 4.401898599588680364e-03 9.921821516315214480e-04 1.178096000000000000e+06 1.428610100000000000e+07 2.345024000000000000e+06 4.282330100000000000e+07
4.700000000000000000e+01 4.156601790985250608e-03 9.108450043699493600e-04 1.081518000000000000e+06 1.310799300000000000e+07 2.214347000000000000e+06 4.047823500000000000e+07
4.800000000000000000e+01 3.926104220495867797e-03 8.336842835540494989e-04 9.898990000000000000e+05 1.202646400000000000e+07 2.091554000000000000e+06 3.826384400000000000e+07
4.900000000000000000e+01 3.712112192971582774e-03 7.647635620009964226e-04 9.080640000000000000e+05 1.103655800000000000e+07 1.977554000000000000e+06 3.617226500000000000e+07
5.000000000000000000e+01 3.507175407033062166e-03 7.006627010143040134e-04 8.319520000000000000e+05 1.012848100000000000e+07 1.868378000000000000e+06 3.419468100000000000e+07
5.100000000000000000e+01 3.316953388671408515e-03 6.423746440865005236e-04 7.627420000000000000e+05 9.296517000000000000e+06 1.767041000000000000e+06 3.232627000000000000e+07
5.200000000000000000e+01 3.131195168918989719e-03 5.899381320154283492e-04 7.004800000000000000e+05 8.533767000000000000e+06 1.668082000000000000e+06 3.055920500000000000e+07
5.300000000000000000e+01 2.957679545688618374e-03 5.401587333615968196e-04 6.413730000000000000e+05 7.833280000000000000e+06 1.575645000000000000e+06 2.889109100000000000e+07
5.400000000000000000e+01 2.794474959363429760e-03 4.963824739908368876e-04 5.893940000000000000e+05 7.191896000000000000e+06 1.488701000000000000e+06 2.731541500000000000e+07
5.500000000000000000e+01 2.641493185160147597e-03 4.550687818568475355e-04 5.403390000000000000e+05 6.602498000000000000e+06 1.407203000000000000e+06 2.582669300000000000e+07
5.600000000000000000e+01 2.494848578368461228e-03 4.171491204903636312e-04 4.953140000000000000e+05 6.062154000000000000e+06 1.329081000000000000e+06 2.441947000000000000e+07
5.700000000000000000e+01 2.358640775726205448e-03 3.830833263179502998e-04 4.548650000000000000e+05 5.566836000000000000e+06 1.256519000000000000e+06 2.309036700000000000e+07
5.800000000000000000e+01 2.229509726976638354e-03 3.506555941412685287e-04 4.163610000000000000e+05 5.111967000000000000e+06 1.187727000000000000e+06 2.183382500000000000e+07
5.900000000000000000e+01 2.109492110627338157e-03 3.218475999890875439e-04 3.821550000000000000e+05 4.695603000000000000e+06 1.123790000000000000e+06 2.064607800000000000e+07
6.000000000000000000e+01 1.992579255800188721e-03 2.955661796092430419e-04 3.509490000000000000e+05 4.313444000000000000e+06 1.061507000000000000e+06 1.952227400000000000e+07
6.100000000000000000e+01 1.887203199228865667e-03 2.711485284821254929e-04 3.219560000000000000e+05 3.962495000000000000e+06 1.005370000000000000e+06 1.846075000000000000e+07
6.200000000000000000e+01 1.778915724809383573e-03 2.492835590563252592e-04 2.959940000000000000e+05 3.640537000000000000e+06 9.476820000000000000e+05 1.745536600000000000e+07
6.300000000000000000e+01 1.681340991627454763e-03 2.284266925656872787e-04 2.712290000000000000e+05 3.344540000000000000e+06 8.957010000000000000e+05 1.650767000000000000e+07
6.400000000000000000e+01 1.589254966239219075e-03 2.100197604429582872e-04 2.493730000000000000e+05 3.073307000000000000e+06 8.466440000000000000e+05 1.561195300000000000e+07
6.500000000000000000e+01 1.503898426979707707e-03 1.929544389933400073e-04 2.291100000000000000e+05 2.823933000000000000e+06 8.011720000000000000e+05 1.476529600000000000e+07
6.600000000000000000e+01 1.420392731045976497e-03 1.767321509924246466e-04 2.098480000000000000e+05 2.594817000000000000e+06 7.566860000000000000e+05 1.396411500000000000e+07
6.700000000000000000e+01 1.340990426096175941e-03 1.617537794787563292e-04 1.920630000000000000e+05 2.384969000000000000e+06 7.143860000000000000e+05 1.320741600000000000e+07
6.800000000000000000e+01 1.269166066893003030e-03 1.484353669335130720e-04 1.762490000000000000e+05 2.192905000000000000e+06 6.761230000000000000e+05 1.249302200000000000e+07
6.900000000000000000e+01 1.199926506127557430e-03 1.368771341163309535e-04 1.625250000000000000e+05 2.016655000000000000e+06 6.392370000000000000e+05 1.181688700000000000e+07
7.000000000000000000e+01 1.134441191459029325e-03 1.254536519003400855e-04 1.489610000000000000e+05 1.854127000000000000e+06 6.043510000000000000e+05 1.117763600000000000e+07
7.100000000000000000e+01 1.071003818036369388e-03 1.151393355704049832e-04 1.367140000000000000e+05 1.705166000000000000e+06 5.705560000000000000e+05 1.057327700000000000e+07
7.200000000000000000e+01 1.014355998679984400e-03 1.060495653287956314e-04 1.259210000000000000e+05 1.568451000000000000e+06 5.403780000000000000e+05 1.000271400000000000e+07
7.300000000000000000e+01 9.601672105170803821e-04 9.741120960117706506e-05 1.156640000000000000e+05 1.442526000000000000e+06 5.115100000000000000e+05 9.462326000000000000e+06
7.400000000000000000e+01 9.061379778132952869e-04 8.995360601649710021e-05 1.068090000000000000e+05 1.326862000000000000e+06 4.827270000000000000e+05 8.950809000000000000e+06
7.500000000000000000e+01 8.558273258685067430e-04 8.221555274308778945e-05 9.762100000000000000e+04 1.220053000000000000e+06 4.559250000000000000e+05 8.468068000000000000e+06
7.600000000000000000e+01 8.100724515623272497e-04 7.539633013155152544e-05 8.952400000000000000e+04 1.122432000000000000e+06 4.315500000000000000e+05 8.012134000000000000e+06
7.700000000000000000e+01 7.661984545507034448e-04 6.931907801782474950e-05 8.230800000000000000e+04 1.032907000000000000e+06 4.081770000000000000e+05 7.580574000000000000e+06
7.800000000000000000e+01 7.241527753882782579e-04 6.394926656035219471e-05 7.593200000000000000e+04 9.505980000000000000e+05 3.857780000000000000e+05 7.172389000000000000e+06
7.900000000000000000e+01 6.851198787186293113e-04 5.844217792791603328e-05 6.939300000000000000e+04 8.746630000000000000e+05 3.649840000000000000e+05 6.786604000000000000e+06
8.000000000000000000e+01 6.467496064850861755e-04 5.384886680980824027e-05 6.393900000000000000e+04 8.052690000000000000e+05 3.445430000000000000e+05 6.421613000000000000e+06
8.100000000000000000e+01 6.139844236742405831e-04 4.981982383418893592e-05 5.915500000000000000e+04 7.413300000000000000e+05 3.270880000000000000e+05 6.077065000000000000e+06
8.200000000000000000e+01 5.786682306405396088e-04 4.560634097318906556e-05 5.415200000000000000e+04 6.821750000000000000e+05 3.082740000000000000e+05 5.749974000000000000e+06
8.300000000000000000e+01 5.492011530258358474e-04 4.170615325995892655e-05 4.952100000000000000e+04 6.280210000000000000e+05 2.925760000000000000e+05 5.441694000000000000e+06
8.400000000000000000e+01 5.195257147527531424e-04 3.853530317567659672e-05 4.575600000000000000e+04 5.785000000000000000e+05 2.767670000000000000e+05 5.149116000000000000e+06
8.500000000000000000e+01 4.912431017816267865e-04 3.556236803689395931e-05 4.222600000000000000e+04 5.327440000000000000e+05 2.617000000000000000e+05 4.872343000000000000e+06
8.600000000000000000e+01 4.634335238187120044e-04 3.265175505116228917e-05 3.877000000000000000e+04 4.905160000000000000e+05 2.468850000000000000e+05 4.610640000000000000e+06
8.700000000000000000e+01 4.376324675176479950e-04 3.006791227331947339e-05 3.570200000000000000e+04 4.517450000000000000e+05 2.331400000000000000e+05 4.363750000000000000e+06
8.800000000000000000e+01 4.143805443163907885e-04 2.760113408026158480e-05 3.277300000000000000e+04 4.160430000000000000e+05 2.207530000000000000e+05 4.130606000000000000e+06
8.900000000000000000e+01 3.917912455512394471e-04 2.527584401845454044e-05 3.001200000000000000e+04 3.832700000000000000e+05 2.087190000000000000e+05 3.909848000000000000e+06
9.000000000000000000e+01 3.722597802320272626e-04 2.340870600069785496e-05 2.779500000000000000e+04 3.532580000000000000e+05 1.983140000000000000e+05 3.701127000000000000e+06
9.100000000000000000e+01 3.511139890911406532e-04 2.158536192832833200e-05 2.563000000000000000e+04 3.254630000000000000e+05 1.870490000000000000e+05 3.502807000000000000e+06
9.200000000000000000e+01 3.318509523678580945e-04 1.984118383415868939e-05 2.355900000000000000e+04 2.998310000000000000e+05 1.767870000000000000e+05 3.315757000000000000e+06
9.300000000000000000e+01 3.147165731815275641e-04 1.824691578381434248e-05 2.166600000000000000e+04 2.762720000000000000e+05 1.676590000000000000e+05 3.138968000000000000e+06
9.400000000000000000e+01 2.976103508409239855e-04 1.676971231825492614e-05 1.991200000000000000e+04 2.546050000000000000e+05 1.585460000000000000e+05 2.971303000000000000e+06
9.500000000000000000e+01 2.814032704405320588e-04 1.539862495113363959e-05 1.828400000000000000e+04 2.346930000000000000e+05 1.499120000000000000e+05 2.812756000000000000e+06
9.600000000000000000e+01 2.670751902116472415e-04 1.412186300484625315e-05 1.676800000000000000e+04 2.164090000000000000e+05 1.422790000000000000e+05 2.662841000000000000e+06
9.700000000000000000e+01 2.520750999314142057e-04 1.325103724464759973e-05 1.573400000000000000e+04 1.996400000000000000e+05 1.342880000000000000e+05 2.520560000000000000e+06
9.800000000000000000e+01 2.379854143296836460e-04 1.196164242949852932e-05 1.420300000000000000e+04 1.839050000000000000e+05 1.267820000000000000e+05 2.386271000000000000e+06
9.900000000000000000e+01 2.259023732667553611e-04 1.114387471851894249e-05 1.323200000000000000e+04 1.697020000000000000e+05 1.203450000000000000e+05 2.259486000000000000e+06
1.000000000000000000e+02 2.137010734517741828e-04 1.034126645017337372e-05 1.227900000000000000e+04 1.564700000000000000e+05 1.138450000000000000e+05 2.139138000000000000e+06
1.010000000000000000e+02 2.024176868074892819e-04 9.376115269140823584e-06 1.113300000000000000e+04 1.441910000000000000e+05 1.078340000000000000e+05 2.025288000000000000e+06
1.020000000000000000e+02 1.916092122944644256e-04 8.749524973601367664e-06 1.038900000000000000e+04 1.330570000000000000e+05 1.020760000000000000e+05 1.917451000000000000e+06
1.030000000000000000e+02 1.804966438475892447e-04 8.085878262734307343e-06 9.601000000000000000e+03 1.226670000000000000e+05 9.615600000000000000e+04 1.815372000000000000e+06
1.040000000000000000e+02 1.719313313774724773e-04 7.395281431628992512e-06 8.781000000000000000e+03 1.130660000000000000e+05 9.159300000000000000e+04 1.719215000000000000e+06
1.050000000000000000e+02 1.623373554768003403e-04 6.813327272734147478e-06 8.090000000000000000e+03 1.042850000000000000e+05 8.648200000000000000e+04 1.627620000000000000e+06
1.060000000000000000e+02 1.529141977735379505e-04 6.328225108445535787e-06 7.514000000000000000e+03 9.619500000000000000e+04 8.146200000000000000e+04 1.541136000000000000e+06
1.070000000000000000e+02 1.448688483878442256e-04 5.745428758293245776e-06 6.822000000000000000e+03 8.868100000000000000e+04 7.717600000000000000e+04 1.459672000000000000e+06
1.080000000000000000e+02 1.376832213583445398e-04 5.365600501185322280e-06 6.371000000000000000e+03 8.185900000000000000e+04 7.334800000000000000e+04 1.382494000000000000e+06
1.090000000000000000e+02 1.303718270845981048e-04 4.883024910669046367e-06 5.798000000000000000e+03 7.548800000000000000e+04 6.945300000000000000e+04 1.309144000000000000e+06
1.100000000000000000e+02 1.227000251855476316e-04 4.562150041582308531e-06 5.417000000000000000e+03 6.969000000000000000e+04 6.536600000000000000e+04 1.239689000000000000e+06
1.110000000000000000e+02 1.162840186059160022e-04 4.238748598723234070e-06 5.033000000000000000e+03 6.427300000000000000e+04 6.194800000000000000e+04 1.174323000000000000e+06
1.120000000000000000e+02 1.111913837754477001e-04 3.826917073832381966e-06 4.544000000000000000e+03 5.924000000000000000e+04 5.923500000000000000e+04 1.112375000000000000e+06
1.130000000000000000e+02 1.050456829147941129e-04 3.562469018994492742e-06 4.230000000000000000e+03 5.469600000000000000e+04 5.596100000000000000e+04 1.053139000000000000e+06
1.140000000000000000e+02 9.848701498347960678e-05 3.306442876731058371e-06 3.926000000000000000e+03 5.046600000000000000e+04 5.246700000000000000e+04 9.971780000000000000e+05
1.150000000000000000e+02 9.368345710247394517e-05 2.936720914712481375e-06 3.487000000000000000e+03 4.654000000000000000e+04 4.990800000000000000e+04 9.447100000000000000e+05
1.160000000000000000e+02 8.812154150989098334e-05 2.828078242502010731e-06 3.358000000000000000e+03 4.305300000000000000e+04 4.694500000000000000e+04 8.948020000000000000e+05
1.170000000000000000e+02 8.405944723302648074e-05 2.521520624791846398e-06 2.994000000000000000e+03 3.969500000000000000e+04 4.478100000000000000e+04 8.478560000000000000e+05
1.180000000000000000e+02 7.991663666507825418e-05 2.388454406115456597e-06 2.836000000000000000e+03 3.670100000000000000e+04 4.257400000000000000e+04 8.030740000000000000e+05
1.190000000000000000e+02 7.487843840301526273e-05 2.182117548041307210e-06 2.591000000000000000e+03 3.386500000000000000e+04 3.989000000000000000e+04 7.605000000000000000e+05
1.200000000000000000e+02 7.038272870195681286e-05 2.060842006969154287e-06 2.447000000000000000e+03 3.127400000000000000e+04 3.749500000000000000e+04 7.206100000000000000e+05
1.210000000000000000e+02 6.798188832297820383e-05 1.883981842905598153e-06 2.237000000000000000e+03 2.882700000000000000e+04 3.621600000000000000e+04 6.831140000000000000e+05
1.220000000000000000e+02 6.409436648962036254e-05 1.717227973931387672e-06 2.039000000000000000e+03 2.659000000000000000e+04 3.414500000000000000e+04 6.468970000000000000e+05
1.230000000000000000e+02 6.076059595555780555e-05 1.561422591303969093e-06 1.854000000000000000e+03 2.455100000000000000e+04 3.236900000000000000e+04 6.127510000000000000e+05
1.240000000000000000e+02 5.624048365486939956e-05 1.413196929993559965e-06 1.678000000000000000e+03 2.269700000000000000e+04 2.996100000000000000e+04 5.803820000000000000e+05
1.250000000000000000e+02 5.428827568447240832e-05 1.316344935387326622e-06 1.563000000000000000e+03 2.101900000000000000e+04 2.892100000000000000e+04 5.504200000000000000e+05
1.260000000000000000e+02 5.122668799243636423e-05 1.227072662098102943e-06 1.457000000000000000e+03 1.945600000000000000e+04 2.729000000000000000e+04 5.214990000000000000e+05
1.270000000000000000e+02 4.874700844542249515e-05 1.123483137432305760e-06 1.334000000000000000e+03 1.799900000000000000e+04 2.596900000000000000e+04 4.942080000000000000e+05
1.280000000000000000e+02 4.582808210506930744e-05 1.073793853243020776e-06 1.275000000000000000e+03 1.666500000000000000e+04 2.441400000000000000e+04 4.682390000000000000e+05
1.290000000000000000e+02 4.366751347629340639e-05 9.676777548048869690e-07 1.149000000000000000e+03 1.539000000000000000e+04 2.326300000000000000e+04 4.438250000000000000e+05
1.300000000000000000e+02 4.086684588799311215e-05 8.986180716943554435e-07 1.067000000000000000e+03 1.424100000000000000e+04 2.177100000000000000e+04 4.205620000000000000e+05
1.310000000000000000e+02 3.968425836746416384e-05 7.857644431966575848e-07 9.330000000000000000e+02 1.317400000000000000e+04 2.114100000000000000e+04 3.987910000000000000e+05
1.320000000000000000e+02 3.707318020705819466e-05 7.815534869094300528e-07 9.280000000000000000e+02 1.224100000000000000e+04 1.975000000000000000e+04 3.776500000000000000e+05
1.330000000000000000e+02 3.511721799056428917e-05 6.855436835606423222e-07 8.140000000000000000e+02 1.131300000000000000e+04 1.870800000000000000e+04 3.579000000000000000e+05
1.340000000000000000e+02 3.300545456104831392e-05 6.383809731436939634e-07 7.580000000000000000e+02 1.049900000000000000e+04 1.758300000000000000e+04 3.391910000000000000e+05
1.350000000000000000e+02 3.154692995239595201e-05 5.870073064395180724e-07 6.970000000000000000e+02 9.741000000000000000e+03 1.680600000000000000e+04 3.216080000000000000e+05
1.360000000000000000e+02 3.011656218947046386e-05 5.895338802118545917e-07 7.000000000000000000e+02 9.044000000000000000e+03 1.604400000000000000e+04 3.048020000000000000e+05
1.370000000000000000e+02 2.852288472132907745e-05 4.977350331502943932e-07 5.910000000000000000e+02 8.344000000000000000e+03 1.519500000000000000e+04 2.887580000000000000e+05
1.380000000000000000e+02 2.713944503461505797e-05 4.876287380609483163e-07 5.790000000000000000e+02 7.753000000000000000e+03 1.445800000000000000e+04 2.735620000000000000e+05
1.390000000000000000e+02 2.521914815604186488e-05 4.269909675248718019e-07 5.070000000000000000e+02 7.174000000000000000e+03 1.343500000000000000e+04 2.591040000000000000e+05
1.400000000000000000e+02 2.371369547117803430e-05 4.093049511185161674e-07 4.860000000000000000e+02 6.667000000000000000e+03 1.263300000000000000e+04 2.456690000000000000e+05
1.410000000000000000e+02 2.269629477891345153e-05 3.865657871674874943e-07 4.590000000000000000e+02 6.181000000000000000e+03 1.209100000000000000e+04 2.330360000000000000e+05
1.420000000000000000e+02 2.132411783049018155e-05 3.410874592654301483e-07 4.050000000000000000e+02 5.722000000000000000e+03 1.136000000000000000e+04 2.209450000000000000e+05
1.430000000000000000e+02 2.043811575161770227e-05 3.259280166314110329e-07 3.870000000000000000e+02 5.316000000000000000e+03 1.088800000000000000e+04 2.095850000000000000e+05
1.440000000000000000e+02 1.928931644596101262e-05 3.124529565122829304e-07 3.710000000000000000e+02 4.929000000000000000e+03 1.027600000000000000e+04 1.986960000000000000e+05
1.450000000000000000e+02 1.858914954888594076e-05 2.947669401059272958e-07 3.500000000000000000e+02 4.558000000000000000e+03 9.903000000000000000e+03 1.884200000000000000e+05
1.460000000000000000e+02 1.721884972351113129e-05 2.711855848974531164e-07 3.220000000000000000e+02 4.208000000000000000e+03 9.173000000000000000e+03 1.785170000000000000e+05
1.470000000000000000e+02 1.659939911751977660e-05 2.492886122038699498e-07 2.960000000000000000e+02 3.886000000000000000e+03 8.843000000000000000e+03 1.693430000000000000e+05
1.480000000000000000e+02 1.566271471633891440e-05 1.970727542422485260e-07 2.340000000000000000e+02 3.590000000000000000e+03 8.344000000000000000e+03 1.605000000000000000e+05
1.490000000000000000e+02 1.490811125085854029e-05 2.113900056188221349e-07 2.510000000000000000e+02 3.356000000000000000e+03 7.942000000000000000e+03 1.521550000000000000e+05
1.500000000000000000e+02 1.367671853106967127e-05 2.029680930443670709e-07 2.410000000000000000e+02 3.105000000000000000e+03 7.286000000000000000e+03 1.442130000000000000e+05
1.510000000000000000e+02 1.333883638234711509e-05 1.827555028656749171e-07 2.170000000000000000e+02 2.864000000000000000e+03 7.106000000000000000e+03 1.369270000000000000e+05
1.520000000000000000e+02 1.256546168638215453e-05 1.465412787955181415e-07 1.740000000000000000e+02 2.647000000000000000e+03 6.694000000000000000e+03 1.298210000000000000e+05
1.530000000000000000e+02 1.200232477184456259e-05 1.617007214295372569e-07 1.920000000000000000e+02 2.473000000000000000e+03 6.394000000000000000e+03 1.231270000000000000e+05
1.540000000000000000e+02 1.127963239818798495e-05 1.372771749636175710e-07 1.630000000000000000e+02 2.281000000000000000e+03 6.009000000000000000e+03 1.167330000000000000e+05
1.550000000000000000e+02 1.080659738997640597e-05 1.364349837061720646e-07 1.620000000000000000e+02 2.118000000000000000e+03 5.757000000000000000e+03 1.107240000000000000e+05
1.560000000000000000e+02 9.883052850134753771e-06 1.170645847849254040e-07 1.390000000000000000e+02 1.956000000000000000e+03 5.265000000000000000e+03 1.049670000000000000e+05
1.570000000000000000e+02 9.661552330416633950e-06 1.061160984381338207e-07 1.260000000000000000e+02 1.817000000000000000e+03 5.147000000000000000e+03 9.970200000000000000e+04
1.580000000000000000e+02 9.156606230381260193e-06 1.128536284976978719e-07 1.340000000000000000e+02 1.691000000000000000e+03 4.878000000000000000e+03 9.455500000000000000e+04
1.590000000000000000e+02 8.775550251544154664e-06 9.011446454666919892e-08 1.070000000000000000e+02 1.557000000000000000e+03 4.675000000000000000e+03 8.967700000000000000e+04
1.600000000000000000e+02 8.248078674927276823e-06 8.843008203177818610e-08 1.050000000000000000e+02 1.450000000000000000e+03 4.394000000000000000e+03 8.500200000000000000e+04
1.610000000000000000e+02 7.641767930275135536e-06 7.748159568498660280e-08 9.200000000000000000e+01 1.345000000000000000e+03 4.071000000000000000e+03 8.060800000000000000e+04
1.620000000000000000e+02 7.294500166310286133e-06 8.590350825944166688e-08 1.020000000000000000e+02 1.253000000000000000e+03 3.886000000000000000e+03 7.653700000000000000e+04
1.630000000000000000e+02 6.930338294909309089e-06 6.990187436797704512e-08 8.300000000000000000e+01 1.151000000000000000e+03 3.692000000000000000e+03 7.265100000000000000e+04
1.640000000000000000e+02 6.568053546556790861e-06 8.000816945732312202e-08 9.500000000000000000e+01 1.068000000000000000e+03 3.499000000000000000e+03 6.895900000000000000e+04
1.650000000000000000e+02 6.158840721992807344e-06 5.474243173395792316e-08 6.500000000000000000e+01 9.730000000000000000e+02 3.281000000000000000e+03 6.546000000000000000e+04
1.660000000000000000e+02 6.025564985552243349e-06 5.811119676373994879e-08 6.900000000000000000e+01 9.080000000000000000e+02 3.210000000000000000e+03 6.217900000000000000e+04
1.670000000000000000e+02 5.655771745005890708e-06 4.800490167439387189e-08 5.700000000000000000e+01 8.390000000000000000e+02 3.013000000000000000e+03 5.896900000000000000e+04
1.680000000000000000e+02 5.263453027878033983e-06 5.053147544673039111e-08 6.000000000000000000e+01 7.820000000000000000e+02 2.804000000000000000e+03 5.595600000000000000e+04
1.690000000000000000e+02 5.055092369499125019e-06 4.716271041694836548e-08 5.600000000000000000e+01 7.220000000000000000e+02 2.693000000000000000e+03 5.315200000000000000e+04
1.700000000000000000e+02 4.833591849781005197e-06 3.874079784249330140e-08 4.600000000000000000e+01 6.660000000000000000e+02 2.575000000000000000e+03 5.045900000000000000e+04
1.710000000000000000e+02 4.595197222626757736e-06 4.716271041694836548e-08 5.600000000000000000e+01 6.200000000000000000e+02 2.448000000000000000e+03 4.788400000000000000e+04
1.720000000000000000e+02 4.454412993992359329e-06 3.537203281271127576e-08 4.200000000000000000e+01 5.640000000000000000e+02 2.373000000000000000e+03 4.543600000000000000e+04
1.730000000000000000e+02 4.223526859031946280e-06 2.273916395102867633e-08 2.700000000000000000e+01 5.220000000000000000e+02 2.250000000000000000e+03 4.306300000000000000e+04
1.740000000000000000e+02 3.808682665322586319e-06 3.200326778292925013e-08 3.800000000000000000e+01 4.950000000000000000e+02 2.029000000000000000e+03 4.081300000000000000e+04
1.750000000000000000e+02 3.671652682785105118e-06 3.031888526803823732e-08 3.600000000000000000e+01 4.570000000000000000e+02 1.956000000000000000e+03 3.878400000000000000e+04
1.760000000000000000e+02 3.525237085005331114e-06 2.021259017869215711e-08 2.400000000000000000e+01 4.210000000000000000e+02 1.878000000000000000e+03 3.682800000000000000e+04
1.770000000000000000e+02 3.311245057481045704e-06 2.273916395102867633e-08 2.700000000000000000e+01 3.970000000000000000e+02 1.764000000000000000e+03 3.495000000000000000e+04
1.780000000000000000e+02 3.110392891295971152e-06 2.273916395102867633e-08 2.700000000000000000e+01 3.700000000000000000e+02 1.657000000000000000e+03 3.318600000000000000e+04
1.790000000000000000e+02 3.054079199842211789e-06 1.431725137657361060e-08 1.700000000000000000e+01 3.430000000000000000e+02 1.627000000000000000e+03 3.152900000000000000e+04
1.800000000000000000e+02 2.676777467102024736e-06 2.105478143613766352e-08 2.500000000000000000e+01 3.260000000000000000e+02 1.426000000000000000e+03 2.990200000000000000e+04
1.810000000000000000e+02 2.663637605762814303e-06 1.768601640635563788e-08 2.100000000000000000e+01 3.010000000000000000e+02 1.419000000000000000e+03 2.847600000000000000e+04
1.820000000000000000e+02 2.618586652599806558e-06 1.263286886168259778e-08 1.500000000000000000e+01 2.800000000000000000e+02 1.395000000000000000e+03 2.705700000000000000e+04
1.830000000000000000e+02 2.487188039207701802e-06 1.431725137657361060e-08 1.700000000000000000e+01 2.650000000000000000e+02 1.325000000000000000e+03 2.566200000000000000e+04
1.840000000000000000e+02 2.273196011683416393e-06 1.768601640635563788e-08 2.100000000000000000e+01 2.480000000000000000e+02 1.211000000000000000e+03 2.433700000000000000e+04
1.850000000000000000e+02 2.224390812423491866e-06 9.264103831900572145e-09 1.100000000000000000e+01 2.270000000000000000e+02 1.185000000000000000e+03 2.312600000000000000e+04
1.860000000000000000e+02 2.014153030996123663e-06 1.431725137657361060e-08 1.700000000000000000e+01 2.160000000000000000e+02 1.073000000000000000e+03 2.194100000000000000e+04
1.870000000000000000e+02 1.969102077833116342e-06 1.431725137657361060e-08 1.700000000000000000e+01 1.990000000000000000e+02 1.049000000000000000e+03 2.086800000000000000e+04
1.880000000000000000e+02 2.055449738062213777e-06 1.684382514891013023e-09 2.000000000000000000e+00 1.820000000000000000e+02 1.095000000000000000e+03 1.981900000000000000e+04
1.890000000000000000e+02 1.725076081533492648e-06 1.347506011912810419e-08 1.600000000000000000e+01 1.800000000000000000e+02 9.190000000000000000e+02 1.872400000000000000e+04
1.900000000000000000e+02 1.631219929110560589e-06 1.347506011912810419e-08 1.600000000000000000e+01 1.640000000000000000e+02 8.690000000000000000e+02 1.780500000000000000e+04
1.910000000000000000e+02 1.657499651788981667e-06 1.347506011912810419e-08 1.600000000000000000e+01 1.480000000000000000e+02 8.830000000000000000e+02 1.693600000000000000e+04
1.920000000000000000e+02 1.537363776687628529e-06 5.053147544673039277e-09 6.000000000000000000e+00 1.320000000000000000e+02 8.190000000000000000e+02 1.605300000000000000e+04
1.930000000000000000e+02 1.497944192669997017e-06 6.737530059564052093e-09 8.000000000000000000e+00 1.260000000000000000e+02 7.980000000000000000e+02 1.523400000000000000e+04
1.940000000000000000e+02 1.405965163295523349e-06 9.264103831900572145e-09 1.100000000000000000e+01 1.180000000000000000e+02 7.490000000000000000e+02 1.443600000000000000e+04
1.950000000000000000e+02 1.298969149533380856e-06 8.421912574455065737e-09 1.000000000000000000e+01 1.070000000000000000e+02 6.920000000000000000e+02 1.368700000000000000e+04
1.960000000000000000e+02 1.274566549903418381e-06 4.210956287227532869e-09 5.000000000000000000e+00 9.700000000000000000e+01 6.790000000000000000e+02 1.299500000000000000e+04
1.970000000000000000e+02 1.161939166995899867e-06 5.053147544673039277e-09 6.000000000000000000e+00 9.200000000000000000e+01 6.190000000000000000e+02 1.231600000000000000e+04
1.980000000000000000e+02 1.133782321269020186e-06 5.053147544673039277e-09 6.000000000000000000e+00 8.600000000000000000e+01 6.040000000000000000e+02 1.169700000000000000e+04
1.990000000000000000e+02 1.011769323119208445e-06 3.368765029782026047e-09 4.000000000000000000e+00 8.000000000000000000e+01 5.390000000000000000e+02 1.109300000000000000e+04
2.000000000000000000e+02 1.024909184458418878e-06 8.421912574455065117e-10 1.000000000000000000e+00 7.600000000000000000e+01 5.460000000000000000e+02 1.055400000000000000e+04
2.010000000000000000e+02 8.991419402116899311e-07 5.053147544673039277e-09 6.000000000000000000e+00 7.500000000000000000e+01 4.790000000000000000e+02 1.000800000000000000e+04
2.020000000000000000e+02 8.860020788724793920e-07 3.368765029782026047e-09 4.000000000000000000e+00 6.900000000000000000e+01 4.720000000000000000e+02 9.529000000000000000e+03
2.030000000000000000e+02 8.935105710663139101e-07 0.000000000000000000e+00 0.000000000000000000e+00 6.500000000000000000e+01 4.760000000000000000e+02 9.057000000000000000e+03
2.040000000000000000e+02 8.052857877887577657e-07 5.053147544673039277e-09 6.000000000000000000e+00 6.500000000000000000e+01 4.290000000000000000e+02 8.581000000000000000e+03
2.050000000000000000e+02 6.982897740266151669e-07 1.684382514891013023e-09 2.000000000000000000e+00 5.900000000000000000e+01 3.720000000000000000e+02 8.152000000000000000e+03
2.060000000000000000e+02 7.414636041411638847e-07 5.895338802118545685e-09 7.000000000000000000e+00 5.700000000000000000e+01 3.950000000000000000e+02 7.780000000000000000e+03
2.070000000000000000e+02 6.588701900089836553e-07 2.526573772336519638e-09 3.000000000000000000e+00 5.000000000000000000e+01 3.510000000000000000e+02 7.385000000000000000e+03
2.080000000000000000e+02 7.095525123173669971e-07 3.368765029782026047e-09 4.000000000000000000e+00 4.700000000000000000e+01 3.780000000000000000e+02 7.034000000000000000e+03
2.090000000000000000e+02 6.307133442821039739e-07 2.526573772336519638e-09 3.000000000000000000e+00 4.300000000000000000e+01 3.360000000000000000e+02 6.656000000000000000e+03
2.100000000000000000e+02 5.593826684406755748e-07 4.210956287227532869e-09 5.000000000000000000e+00 4.000000000000000000e+01 2.980000000000000000e+02 6.320000000000000000e+03
2.110000000000000000e+02 5.537512992952996597e-07 1.684382514891013023e-09 2.000000000000000000e+00 3.500000000000000000e+01 2.950000000000000000e+02 6.022000000000000000e+03
2.120000000000000000e+02 5.762767758768033201e-07 8.421912574455065117e-10 1.000000000000000000e+00 3.300000000000000000e+01 3.070000000000000000e+02 5.727000000000000000e+03
2.130000000000000000e+02 4.711578851631193244e-07 8.421912574455065117e-10 1.000000000000000000e+00 3.200000000000000000e+01 2.510000000000000000e+02 5.420000000000000000e+03
2.140000000000000000e+02 4.542637777269915791e-07 2.526573772336519638e-09 3.000000000000000000e+00 3.100000000000000000e+01 2.420000000000000000e+02 5.169000000000000000e+03
2.150000000000000000e+02 4.767892543084952395e-07 2.526573772336519638e-09 3.000000000000000000e+00 2.800000000000000000e+01 2.540000000000000000e+02 4.927000000000000000e+03
2.160000000000000000e+02 4.223526859031946386e-07 8.421912574455065117e-10 1.000000000000000000e+00 2.500000000000000000e+01 2.250000000000000000e+02 4.673000000000000000e+03
2.170000000000000000e+02 4.636493929692847533e-07 1.684382514891013023e-09 2.000000000000000000e+00 2.400000000000000000e+01 2.470000000000000000e+02 4.448000000000000000e+03
2.180000000000000000e+02 3.960729632247736133e-07 1.684382514891013023e-09 2.000000000000000000e+00 2.200000000000000000e+01 2.110000000000000000e+02 4.201000000000000000e+03
2.190000000000000000e+02 3.735474866432698999e-07 0.000000000000000000e+00 0.000000000000000000e+00 2.000000000000000000e+01 1.990000000000000000e+02 3.990000000000000000e+03
2.200000000000000000e+02 3.491448870133075835e-07 8.421912574455065117e-10 1.000000000000000000e+00 2.000000000000000000e+01 1.860000000000000000e+02 3.791000000000000000e+03
2.210000000000000000e+02 3.885644710309390421e-07 8.421912574455065117e-10 1.000000000000000000e+00 1.900000000000000000e+01 2.070000000000000000e+02 3.605000000000000000e+03
2.220000000000000000e+02 2.928311955595482736e-07 2.526573772336519638e-09 3.000000000000000000e+00 1.800000000000000000e+01 1.560000000000000000e+02 3.398000000000000000e+03
2.230000000000000000e+02 2.778142111718791314e-07 0.000000000000000000e+00 0.000000000000000000e+00 1.500000000000000000e+01 1.480000000000000000e+02 3.242000000000000000e+03
2.240000000000000000e+02 2.477802423965408469e-07 1.684382514891013023e-09 2.000000000000000000e+00 1.500000000000000000e+01 1.320000000000000000e+02 3.094000000000000000e+03
2.250000000000000000e+02 2.552887345903754180e-07 8.421912574455065117e-10 1.000000000000000000e+00 1.300000000000000000e+01 1.360000000000000000e+02 2.962000000000000000e+03
2.260000000000000000e+02 2.815684572687963905e-07 8.421912574455065117e-10 1.000000000000000000e+00 1.200000000000000000e+01 1.500000000000000000e+02 2.826000000000000000e+03
2.270000000000000000e+02 2.365175041057889902e-07 0.000000000000000000e+00 0.000000000000000000e+00 1.100000000000000000e+01 1.260000000000000000e+02 2.676000000000000000e+03
2.280000000000000000e+02 2.402717502027062758e-07 0.000000000000000000e+00 0.000000000000000000e+00 1.100000000000000000e+01 1.280000000000000000e+02 2.550000000000000000e+03
2.290000000000000000e+02 2.215005197181198480e-07 0.000000000000000000e+00 0.000000000000000000e+00 1.100000000000000000e+01 1.180000000000000000e+02 2.422000000000000000e+03
2.300000000000000000e+02 2.158691505727439064e-07 8.421912574455065117e-10 1.000000000000000000e+00 1.100000000000000000e+01 1.150000000000000000e+02 2.304000000000000000e+03
2.310000000000000000e+02 2.215005197181198480e-07 8.421912574455065117e-10 1.000000000000000000e+00 1.000000000000000000e+01 1.180000000000000000e+02 2.189000000000000000e+03
2.320000000000000000e+02 1.952207970396988491e-07 0.000000000000000000e+00 0.000000000000000000e+00 9.000000000000000000e+00 1.040000000000000000e+02 2.071000000000000000e+03
2.330000000000000000e+02 1.689410743612778502e-07 0.000000000000000000e+00 0.000000000000000000e+00 9.000000000000000000e+00 9.000000000000000000e+01 1.967000000000000000e+03
2.340000000000000000e+02 1.877123048458642780e-07 0.000000000000000000e+00 0.000000000000000000e+00 9.000000000000000000e+00 1.000000000000000000e+02 1.877000000000000000e+03
2.350000000000000000e+02 1.464155977797741368e-07 8.421912574455065117e-10 1.000000000000000000e+00 9.000000000000000000e+00 7.800000000000000000e+01 1.777000000000000000e+03
2.360000000000000000e+02 1.576783360705259935e-07 8.421912574455065117e-10 1.000000000000000000e+00 8.000000000000000000e+00 8.400000000000000000e+01 1.699000000000000000e+03
2.370000000000000000e+02 1.595554591189846495e-07 0.000000000000000000e+00 0.000000000000000000e+00 7.000000000000000000e+00 8.500000000000000000e+01 1.615000000000000000e+03
2.380000000000000000e+02 1.633097052159019086e-07 0.000000000000000000e+00 0.000000000000000000e+00 7.000000000000000000e+00 8.700000000000000000e+01 1.530000000000000000e+03
2.390000000000000000e+02 1.201358751013531379e-07 0.000000000000000000e+00 0.000000000000000000e+00 7.000000000000000000e+00 6.400000000000000000e+01 1.443000000000000000e+03
2.400000000000000000e+02 1.220129981498117939e-07 1.684382514891013023e-09 2.000000000000000000e+00 7.000000000000000000e+00 6.500000000000000000e+01 1.379000000000000000e+03
2.410000000000000000e+02 1.201358751013531379e-07 0.000000000000000000e+00 0.000000000000000000e+00 5.000000000000000000e+00 6.400000000000000000e+01 1.314000000000000000e+03
2.420000000000000000e+02 1.013646446167667101e-07 0.000000000000000000e+00 0.000000000000000000e+00 5.000000000000000000e+00 5.400000000000000000e+01 1.250000000000000000e+03
2.430000000000000000e+02 1.220129981498117939e-07 0.000000000000000000e+00 0.000000000000000000e+00 5.000000000000000000e+00 6.500000000000000000e+01 1.196000000000000000e+03
2.440000000000000000e+02 1.051188907136839957e-07 0.000000000000000000e+00 0.000000000000000000e+00 5.000000000000000000e+00 5.600000000000000000e+01 1.131000000000000000e+03
2.450000000000000000e+02 9.197902937447349620e-08 0.000000000000000000e+00 0.000000000000000000e+00 5.000000000000000000e+00 4.900000000000000000e+01 1.075000000000000000e+03
2.460000000000000000e+02 1.013646446167667101e-07 0.000000000000000000e+00 0.000000000000000000e+00 5.000000000000000000e+00 5.400000000000000000e+01 1.026000000000000000e+03
2.470000000000000000e+02 8.259341413218028230e-08 0.000000000000000000e+00 0.000000000000000000e+00 5.000000000000000000e+00 4.400000000000000000e+01 9.720000000000000000e+02
2.480000000000000000e+02 6.194506059913521173e-08 0.000000000000000000e+00 0.000000000000000000e+00 5.000000000000000000e+00 3.300000000000000000e+01 9.280000000000000000e+02
2.490000000000000000e+02 5.631369145375928339e-08 0.000000000000000000e+00 0.000000000000000000e+00 5.000000000000000000e+00 3.000000000000000000e+01 8.950000000000000000e+02
2.500000000000000000e+02 6.569930669605249728e-08 0.000000000000000000e+00 0.000000000000000000e+00 5.000000000000000000e+00 3.500000000000000000e+01 8.650000000000000000e+02
2.510000000000000000e+02 7.696204498680435396e-08 0.000000000000000000e+00 0.000000000000000000e+00 5.000000000000000000e+00 4.100000000000000000e+01 8.300000000000000000e+02
2.520000000000000000e+02 6.194506059913521173e-08 8.421912574455065117e-10 1.000000000000000000e+00 5.000000000000000000e+00 3.300000000000000000e+01 7.890000000000000000e+02
2.530000000000000000e+02 7.133067584142842562e-08 8.421912574455065117e-10 1.000000000000000000e+00 4.000000000000000000e+00 3.800000000000000000e+01 7.560000000000000000e+02
2.540000000000000000e+02 6.945355279296978284e-08 0.000000000000000000e+00 0.000000000000000000e+00 3.000000000000000000e+00 3.700000000000000000e+01 7.180000000000000000e+02
2.550000000000000000e+02 4.505095316300742671e-08 8.421912574455065117e-10 1.000000000000000000e+00 3.000000000000000000e+00 2.400000000000000000e+01 6.810000000000000000e+02
2.560000000000000000e+02 7.508492193834571118e-08 8.421912574455065117e-10 1.000000000000000000e+00 2.000000000000000000e+00 4.000000000000000000e+01 6.570000000000000000e+02
2.570000000000000000e+02 5.255944535684199783e-08 0.000000000000000000e+00 0.000000000000000000e+00 1.000000000000000000e+00 2.800000000000000000e+01 6.160000000000000000e+02
2.580000000000000000e+02 6.382218364759385450e-08 0.000000000000000000e+00 0.000000000000000000e+00 1.000000000000000000e+00 3.400000000000000000e+01 5.880000000000000000e+02
2.590000000000000000e+02 4.317383011454878393e-08 0.000000000000000000e+00 0.000000000000000000e+00 1.000000000000000000e+00 2.300000000000000000e+01 5.540000000000000000e+02
2.600000000000000000e+02 5.255944535684199783e-08 0.000000000000000000e+00 0.000000000000000000e+00 1.000000000000000000e+00 2.800000000000000000e+01 5.310000000000000000e+02
2.610000000000000000e+02 4.880519925992471227e-08 0.000000000000000000e+00 0.000000000000000000e+00 1.000000000000000000e+00 2.600000000000000000e+01 5.030000000000000000e+02
2.620000000000000000e+02 3.754246096917285559e-08 0.000000000000000000e+00 0.000000000000000000e+00 1.000000000000000000e+00 2.000000000000000000e+01 4.770000000000000000e+02
2.630000000000000000e+02 5.068232230838335505e-08 0.000000000000000000e+00 0.000000000000000000e+00 1.000000000000000000e+00 2.700000000000000000e+01 4.570000000000000000e+02
2.640000000000000000e+02 4.880519925992471227e-08 0.000000000000000000e+00 0.000000000000000000e+00 1.000000000000000000e+00 2.600000000000000000e+01 4.300000000000000000e+02
2.650000000000000000e+02 4.317383011454878393e-08 0.000000000000000000e+00 0.000000000000000000e+00 1.000000000000000000e+00 2.300000000000000000e+01 4.040000000000000000e+02
2.660000000000000000e+02 3.003396877533828447e-08 0.000000000000000000e+00 0.000000000000000000e+00 1.000000000000000000e+00 1.600000000000000000e+01 3.810000000000000000e+02
2.670000000000000000e+02 5.631369145375928339e-08 0.000000000000000000e+00 0.000000000000000000e+00 1.000000000000000000e+00 3.000000000000000000e+01 3.650000000000000000e+02
2.680000000000000000e+02 2.627972267842099891e-08 0.000000000000000000e+00 0.000000000000000000e+00 1.000000000000000000e+00 1.400000000000000000e+01 3.350000000000000000e+02
2.690000000000000000e+02 3.003396877533828447e-08 0.000000000000000000e+00 0.000000000000000000e+00 1.000000000000000000e+00 1.600000000000000000e+01 3.210000000000000000e+02
2.700000000000000000e+02 2.064835353304507058e-08 8.421912574455065117e-10 1.000000000000000000e+00 1.000000000000000000e+00 1.100000000000000000e+01 3.050000000000000000e+02
2.710000000000000000e+02 2.440259962996235613e-08 0.000000000000000000e+00 0.000000000000000000e+00 1.000000000000000000e+00 1.300000000000000000e+01 2.940000000000000000e+02
2.720000000000000000e+02 2.627972267842099891e-08 0.000000000000000000e+00 0.000000000000000000e+00 1.000000000000000000e+00 1.400000000000000000e+01 2.810000000000000000e+02
2.730000000000000000e+02 2.440259962996235613e-08 0.000000000000000000e+00 0.000000000000000000e+00 1.000000000000000000e+00 1.300000000000000000e+01 2.670000000000000000e+02
2.740000000000000000e+02 1.313986133921049946e-08 0.000000000000000000e+00 0.000000000000000000e+00 1.000000000000000000e+00 7.000000000000000000e+00 2.540000000000000000e+02
2.750000000000000000e+02 2.440259962996235613e-08 0.000000000000000000e+00 0.000000000000000000e+00 1.000000000000000000e+00 1.300000000000000000e+01 2.470000000000000000e+02
2.760000000000000000e+02 2.440259962996235613e-08 0.000000000000000000e+00 0.000000000000000000e+00 1.000000000000000000e+00 1.300000000000000000e+01 2.340000000000000000e+02
2.770000000000000000e+02 2.252547658150371335e-08 0.000000000000000000e+00 0.000000000000000000e+00 1.000000000000000000e+00 1.200000000000000000e+01 2.210000000000000000e+02
2.780000000000000000e+02 2.440259962996235613e-08 0.000000000000000000e+00 0.000000000000000000e+00 1.000000000000000000e+00 1.300000000000000000e+01 2.090000000000000000e+02
2.790000000000000000e+02 2.064835353304507058e-08 0.000000000000000000e+00 0.000000000000000000e+00 1.000000000000000000e+00 1.100000000000000000e+01 1.960000000000000000e+02
2.800000000000000000e+02 1.689410743612778502e-08 0.000000000000000000e+00 0.000000000000000000e+00 1.000000000000000000e+00 9.000000000000000000e+00 1.850000000000000000e+02
2.810000000000000000e+02 2.064835353304507058e-08 0.000000000000000000e+00 0.000000000000000000e+00 1.000000000000000000e+00 1.100000000000000000e+01 1.760000000000000000e+02
2.820000000000000000e+02 1.313986133921049946e-08 0.000000000000000000e+00 0.000000000000000000e+00 1.000000000000000000e+00 7.000000000000000000e+00 1.650000000000000000e+02
2.830000000000000000e+02 7.508492193834571118e-09 0.000000000000000000e+00 0.000000000000000000e+00 1.000000000000000000e+00 4.000000000000000000e+00 1.580000000000000000e+02
2.840000000000000000e+02 1.126273829075185668e-08 0.000000000000000000e+00 0.000000000000000000e+00 1.000000000000000000e+00 6.000000000000000000e+00 1.540000000000000000e+02
2.850000000000000000e+02 1.126273829075185668e-08 0.000000000000000000e+00 0.000000000000000000e+00 1.000000000000000000e+00 6.000000000000000000e+00 1.480000000000000000e+02
2.860000000000000000e+02 1.126273829075185668e-08 0.000000000000000000e+00 0.000000000000000000e+00 1.000000000000000000e+00 6.000000000000000000e+00 1.420000000000000000e+02
2.870000000000000000e+02 7.508492193834571118e-09 0.000000000000000000e+00 0.000000000000000000e+00 1.000000000000000000e+00 4.000000000000000000e+00 1.360000000000000000e+02
2.880000000000000000e+02 9.385615242293213898e-09 0.000000000000000000e+00 0.000000000000000000e+00 1.000000000000000000e+00 5.000000000000000000e+00 1.320000000000000000e+02
2.890000000000000000e+02 7.508492193834571118e-09 0.000000000000000000e+00 0.000000000000000000e+00 1.000000000000000000e+00 4.000000000000000000e+00 1.270000000000000000e+02
2.900000000000000000e+02 2.064835353304507058e-08 0.000000000000000000e+00 0.000000000000000000e+00 1.000000000000000000e+00 1.100000000000000000e+01 1.230000000000000000e+02
2.910000000000000000e+02 3.754246096917285559e-09 0.000000000000000000e+00 0.000000000000000000e+00 1.000000000000000000e+00 2.000000000000000000e+00 1.120000000000000000e+02
2.920000000000000000e+02 9.385615242293213898e-09 0.000000000000000000e+00 0.000000000000000000e+00 1.000000000000000000e+00 5.000000000000000000e+00 1.100000000000000000e+02
2.930000000000000000e+02 1.126273829075185668e-08 0.000000000000000000e+00 0.000000000000000000e+00 1.000000000000000000e+00 6.000000000000000000e+00 1.050000000000000000e+02
2.940000000000000000e+02 5.631369145375928339e-09 0.000000000000000000e+00 0.000000000000000000e+00 1.000000000000000000e+00 3.000000000000000000e+00 9.900000000000000000e+01
2.950000000000000000e+02 3.754246096917285559e-09 0.000000000000000000e+00 0.000000000000000000e+00 1.000000000000000000e+00 2.000000000000000000e+00 9.600000000000000000e+01
2.960000000000000000e+02 0.000000000000000000e+00 0.000000000000000000e+00 0.000000000000000000e+00 1.000000000000000000e+00 0.000000000000000000e+00 9.400000000000000000e+01
2.970000000000000000e+02 0.000000000000000000e+00 0.000000000000000000e+00 0.000000000000000000e+00 1.000000000000000000e+00 0.000000000000000000e+00 9.400000000000000000e+01
2.980000000000000000e+02 7.508492193834571118e-09 0.000000000000000000e+00 0.000000000000000000e+00 1.000000000000000000e+00 4.000000000000000000e+00 9.400000000000000000e+01
2.990000000000000000e+02 5.631369145375928339e-09 0.000000000000000000e+00 0.000000000000000000e+00 1.000000000000000000e+00 3.000000000000000000e+00 9.000000000000000000e+01
3.000000000000000000e+02 1.877123048458642780e-09 0.000000000000000000e+00 0.000000000000000000e+00 1.000000000000000000e+00 1.000000000000000000e+00 8.700000000000000000e+01
3.010000000000000000e+02 9.385615242293213898e-09 0.000000000000000000e+00 0.000000000000000000e+00 1.000000000000000000e+00 5.000000000000000000e+00 8.600000000000000000e+01
3.020000000000000000e+02 5.631369145375928339e-09 0.000000000000000000e+00 0.000000000000000000e+00 1.000000000000000000e+00 3.000000000000000000e+00 8.100000000000000000e+01
3.030000000000000000e+02 9.385615242293213898e-09 0.000000000000000000e+00 0.000000000000000000e+00 1.000000000000000000e+00 5.000000000000000000e+00 7.800000000000000000e+01
3.040000000000000000e+02 7.508492193834571118e-09 0.000000000000000000e+00 0.000000000000000000e+00 1.000000000000000000e+00 4.000000000000000000e+00 7.300000000000000000e+01
3.050000000000000000e+02 5.631369145375928339e-09 0.000000000000000000e+00 0.000000000000000000e+00 1.000000000000000000e+00 3.000000000000000000e+00 6.900000000000000000e+01
3.060000000000000000e+02 5.631369145375928339e-09 0.000000000000000000e+00 0.000000000000000000e+00 1.000000000000000000e+00 3.000000000000000000e+00 6.600000000000000000e+01
3.070000000000000000e+02 3.754246096917285559e-09 0.000000000000000000e+00 0.000000000000000000e+00 1.000000000000000000e+00 2.000000000000000000e+00 6.300000000000000000e+01
3.080000000000000000e+02 5.631369145375928339e-09 0.000000000000000000e+00 0.000000000000000000e+00 1.000000000000000000e+00 3.000000000000000000e+00 6.100000000000000000e+01
3.090000000000000000e+02 5.631369145375928339e-09 0.000000000000000000e+00 0.000000000000000000e+00 1.000000000000000000e+00 3.000000000000000000e+00 5.800000000000000000e+01
3.100000000000000000e+02 3.754246096917285559e-09 0.000000000000000000e+00 0.000000000000000000e+00 1.000000000000000000e+00 2.000000000000000000e+00 5.500000000000000000e+01
3.110000000000000000e+02 5.631369145375928339e-09 0.000000000000000000e+00 0.000000000000000000e+00 1.000000000000000000e+00 3.000000000000000000e+00 5.300000000000000000e+01
3.120000000000000000e+02 0.000000000000000000e+00 0.000000000000000000e+00 0.000000000000000000e+00 1.000000000000000000e+00 0.000000000000000000e+00 5.000000000000000000e+01
3.130000000000000000e+02 1.877123048458642780e-09 0.000000000000000000e+00 0.000000000000000000e+00 1.000000000000000000e+00 1.000000000000000000e+00 5.000000000000000000e+01
3.140000000000000000e+02 5.631369145375928339e-09 0.000000000000000000e+00 0.000000000000000000e+00 1.000000000000000000e+00 3.000000000000000000e+00 4.900000000000000000e+01
3.150000000000000000e+02 0.000000000000000000e+00 0.000000000000000000e+00 0.000000000000000000e+00 1.000000000000000000e+00 0.000000000000000000e+00 4.600000000000000000e+01
3.160000000000000000e+02 5.631369145375928339e-09 0.000000000000000000e+00 0.000000000000000000e+00 1.000000000000000000e+00 3.000000000000000000e+00 4.600000000000000000e+01
3.170000000000000000e+02 7.508492193834571118e-09 0.000000000000000000e+00 0.000000000000000000e+00 1.000000000000000000e+00 4.000000000000000000e+00 4.300000000000000000e+01
3.180000000000000000e+02 1.877123048458642780e-09 0.000000000000000000e+00 0.000000000000000000e+00 1.000000000000000000e+00 1.000000000000000000e+00 3.900000000000000000e+01
3.190000000000000000e+02 1.877123048458642780e-09 0.000000000000000000e+00 0.000000000000000000e+00 1.000000000000000000e+00 1.000000000000000000e+00 3.800000000000000000e+01
3.200000000000000000e+02 0.000000000000000000e+00 0.000000000000000000e+00 0.000000000000000000e+00 1.000000000000000000e+00 0.000000000000000000e+00 3.700000000000000000e+01
3.210000000000000000e+02 0.000000000000000000e+00 0.000000000000000000e+00 0.000000000000000000e+00 1.000000000000000000e+00 0.000000000000000000e+00 3.700000000000000000e+01
3.220000000000000000e+02 3.754246096917285559e-09 0.000000000000000000e+00 0.000000000000000000e+00 1.000000000000000000e+00 2.000000000000000000e+00 3.700000000000000000e+01
3.230000000000000000e+02 0.000000000000000000e+00 0.000000000000000000e+00 0.000000000000000000e+00 1.000000000000000000e+00 0.000000000000000000e+00 3.500000000000000000e+01
3.240000000000000000e+02 3.754246096917285559e-09 0.000000000000000000e+00 0.000000000000000000e+00 1.000000000000000000e+00 2.000000000000000000e+00 3.500000000000000000e+01
3.250000000000000000e+02 5.631369145375928339e-09 0.000000000000000000e+00 0.000000000000000000e+00 1.000000000000000000e+00 3.000000000000000000e+00 3.300000000000000000e+01
3.260000000000000000e+02 7.508492193834571118e-09 0.000000000000000000e+00 0.000000000000000000e+00 1.000000000000000000e+00 4.000000000000000000e+00 3.000000000000000000e+01
3.270000000000000000e+02 1.877123048458642780e-09 0.000000000000000000e+00 0.000000000000000000e+00 1.000000000000000000e+00 1.000000000000000000e+00 2.600000000000000000e+01
3.280000000000000000e+02 5.631369145375928339e-09 0.000000000000000000e+00 0.000000000000000000e+00 1.000000000000000000e+00 3.000000000000000000e+00 2.500000000000000000e+01
3.290000000000000000e+02 0.000000000000000000e+00 0.000000000000000000e+00 0.000000000000000000e+00 1.000000000000000000e+00 0.000000000000000000e+00 2.200000000000000000e+01
3.300000000000000000e+02 1.877123048458642780e-09 0.000000000000000000e+00 0.000000000000000000e+00 1.000000000000000000e+00 1.000000000000000000e+00 2.200000000000000000e+01
3.310000000000000000e+02 1.877123048458642780e-09 0.000000000000000000e+00 0.000000000000000000e+00 1.000000000000000000e+00 1.000000000000000000e+00 2.100000000000000000e+01
3.320000000000000000e+02 3.754246096917285559e-09 0.000000000000000000e+00 0.000000000000000000e+00 1.000000000000000000e+00 2.000000000000000000e+00 2.000000000000000000e+01
3.330000000000000000e+02 0.000000000000000000e+00 0.000000000000000000e+00 0.000000000000000000e+00 1.000000000000000000e+00 0.000000000000000000e+00 1.800000000000000000e+01
3.340000000000000000e+02 0.000000000000000000e+00 0.000000000000000000e+00 0.000000000000000000e+00 1.000000000000000000e+00 0.000000000000000000e+00 1.800000000000000000e+01
3.350000000000000000e+02 1.877123048458642780e-09 0.000000000000000000e+00 0.000000000000000000e+00 1.000000000000000000e+00 1.000000000000000000e+00 1.800000000000000000e+01
3.360000000000000000e+02 0.000000000000000000e+00 0.000000000000000000e+00 0.000000000000000000e+00 1.000000000000000000e+00 0.000000000000000000e+00 1.700000000000000000e+01
3.370000000000000000e+02 1.877123048458642780e-09 0.000000000000000000e+00 0.000000000000000000e+00 1.000000000000000000e+00 1.000000000000000000e+00 1.700000000000000000e+01
3.380000000000000000e+02 3.754246096917285559e-09 0.000000000000000000e+00 0.000000000000000000e+00 1.000000000000000000e+00 2.000000000000000000e+00 1.600000000000000000e+01
3.390000000000000000e+02 1.877123048458642780e-09 0.000000000000000000e+00 0.000000000000000000e+00 1.000000000000000000e+00 1.000000000000000000e+00 1.400000000000000000e+01
3.400000000000000000e+02 1.877123048458642780e-09 0.000000000000000000e+00 0.000000000000000000e+00 1.000000000000000000e+00 1.000000000000000000e+00 1.300000000000000000e+01
3.410000000000000000e+02 1.877123048458642780e-09 0.000000000000000000e+00 0.000000000000000000e+00 1.000000000000000000e+00 1.000000000000000000e+00 1.200000000000000000e+01
3.420000000000000000e+02 3.754246096917285559e-09 0.000000000000000000e+00 0.000000000000000000e+00 1.000000000000000000e+00 2.000000000000000000e+00 1.100000000000000000e+01
3.430000000000000000e+02 0.000000000000000000e+00 0.000000000000000000e+00 0.000000000000000000e+00 1.000000000000000000e+00 0.000000000000000000e+00 9.000000000000000000e+00
3.440000000000000000e+02 0.000000000000000000e+00 0.000000000000000000e+00 0.000000000000000000e+00 1.000000000000000000e+00 0.000000000000000000e+00 9.000000000000000000e+00
3.450000000000000000e+02 0.000000000000000000e+00 0.000000000000000000e+00 0.000000000000000000e+00 1.000000000000000000e+00 0.000000000000000000e+00 9.000000000000000000e+00
3.460000000000000000e+02 0.000000000000000000e+00 0.000000000000000000e+00 0.000000000000000000e+00 1.000000000000000000e+00 0.000000000000000000e+00 9.000000000000000000e+00
3.470000000000000000e+02 5.631369145375928339e-09 0.000000000000000000e+00 0.000000000000000000e+00 1.000000000000000000e+00 3.000000000000000000e+00 9.000000000000000000e+00
3.480000000000000000e+02 0.000000000000000000e+00 0.000000000000000000e+00 0.000000000000000000e+00 1.000000000000000000e+00 0.000000000000000000e+00 6.000000000000000000e+00
3.490000000000000000e+02 0.000000000000000000e+00 0.000000000000000000e+00 0.000000000000000000e+00 1.000000000000000000e+00 0.000000000000000000e+00 6.000000000000000000e+00
3.500000000000000000e+02 1.877123048458642780e-09 0.000000000000000000e+00 0.000000000000000000e+00 1.000000000000000000e+00 1.000000000000000000e+00 6.000000000000000000e+00
3.510000000000000000e+02 0.000000000000000000e+00 0.000000000000000000e+00 0.000000000000000000e+00 1.000000000000000000e+00 0.000000000000000000e+00 5.000000000000000000e+00
3.520000000000000000e+02 0.000000000000000000e+00 0.000000000000000000e+00 0.000000000000000000e+00 1.000000000000000000e+00 0.000000000000000000e+00 5.000000000000000000e+00
3.530000000000000000e+02 0.000000000000000000e+00 0.000000000000000000e+00 0.000000000000000000e+00 1.000000000000000000e+00 0.000000000000000000e+00 5.000000000000000000e+00
3.540000000000000000e+02 0.000000000000000000e+00 0.000000000000000000e+00 0.000000000000000000e+00 1.000000000000000000e+00 0.000000000000000000e+00 5.000000000000000000e+00
3.550000000000000000e+02 0.000000000000000000e+00 0.000000000000000000e+00 0.000000000000000000e+00 1.000000000000000000e+00 0.000000000000000000e+00 5.000000000000000000e+00
3.560000000000000000e+02 0.000000000000000000e+00 0.000000000000000000e+00 0.000000000000000000e+00 1.000000000000000000e+00 0.000000000000000000e+00 5.000000000000000000e+00
3.570000000000000000e+02 0.000000000000000000e+00 0.000000000000000000e+00 0.000000000000000000e+00 1.000000000000000000e+00 0.000000000000000000e+00 5.000000000000000000e+00
3.580000000000000000e+02 0.000000000000000000e+00 0.000000000000000000e+00 0.000000000000000000e+00 1.000000000000000000e+00 0.000000000000000000e+00 5.000000000000000000e+00
3.590000000000000000e+02 0.000000000000000000e+00 0.000000000000000000e+00 0.000000000000000000e+00 1.000000000000000000e+00 0.000000000000000000e+00 5.000000000000000000e+00
3.600000000000000000e+02 0.000000000000000000e+00 0.000000000000000000e+00 0.000000000000000000e+00 1.000000000000000000e+00 0.000000000000000000e+00 5.000000000000000000e+00
3.610000000000000000e+02 0.000000000000000000e+00 0.000000000000000000e+00 0.000000000000000000e+00 1.000000000000000000e+00 0.000000000000000000e+00 5.000000000000000000e+00
3.620000000000000000e+02 0.000000000000000000e+00 0.000000000000000000e+00 0.000000000000000000e+00 1.000000000000000000e+00 0.000000000000000000e+00 5.000000000000000000e+00
3.630000000000000000e+02 0.000000000000000000e+00 0.000000000000000000e+00 0.000000000000000000e+00 1.000000000000000000e+00 0.000000000000000000e+00 5.000000000000000000e+00
3.640000000000000000e+02 1.877123048458642780e-09 0.000000000000000000e+00 0.000000000000000000e+00 1.000000000000000000e+00 1.000000000000000000e+00 5.000000000000000000e+00
3.650000000000000000e+02 0.000000000000000000e+00 0.000000000000000000e+00 0.000000000000000000e+00 1.000000000000000000e+00 0.000000000000000000e+00 4.000000000000000000e+00
3.660000000000000000e+02 1.877123048458642780e-09 0.000000000000000000e+00 0.000000000000000000e+00 1.000000000000000000e+00 1.000000000000000000e+00 4.000000000000000000e+00
3.670000000000000000e+02 0.000000000000000000e+00 0.000000000000000000e+00 0.000000000000000000e+00 1.000000000000000000e+00 0.000000000000000000e+00 3.000000000000000000e+00
3.680000000000000000e+02 0.000000000000000000e+00 0.000000000000000000e+00 0.000000000000000000e+00 1.000000000000000000e+00 0.000000000000000000e+00 3.000000000000000000e+00
3.690000000000000000e+02 0.000000000000000000e+00 0.000000000000000000e+00 0.000000000000000000e+00 1.000000000000000000e+00 0.000000000000000000e+00 3.000000000000000000e+00
3.700000000000000000e+02 1.877123048458642780e-09 0.000000000000000000e+00 0.000000000000000000e+00 1.000000000000000000e+00 1.000000000000000000e+00 3.000000000000000000e+00
3.710000000000000000e+02 1.877123048458642780e-09 0.000000000000000000e+00 0.000000000000000000e+00 1.000000000000000000e+00 1.000000000000000000e+00 2.000000000000000000e+00
3.720000000000000000e+02 0.000000000000000000e+00 0.000000000000000000e+00 0.000000000000000000e+00 1.000000000000000000e+00 0.000000000000000000e+00 1.000000000000000000e+00
3.730000000000000000e+02 0.000000000000000000e+00 0.000000000000000000e+00 0.000000000000000000e+00 1.000000000000000000e+00 0.000000000000000000e+00 1.000000000000000000e+00
3.740000000000000000e+02 0.000000000000000000e+00 0.000000000000000000e+00 0.000000000000000000e+00 1.000000000000000000e+00 0.000000000000000000e+00 1.000000000000000000e+00
3.750000000000000000e+02 0.000000000000000000e+00 0.000000000000000000e+00 0.000000000000000000e+00 1.000000000000000000e+00 0.000000000000000000e+00 1.000000000000000000e+00
3.760000000000000000e+02 0.000000000000000000e+00 0.000000000000000000e+00 0.000000000000000000e+00 1.000000000000000000e+00 0.000000000000000000e+00 1.000000000000000000e+00
3.770000000000000000e+02 0.000000000000000000e+00 0.000000000000000000e+00 0.000000000000000000e+00 1.000000000000000000e+00 0.000000000000000000e+00 1.000000000000000000e+00
3.780000000000000000e+02 0.000000000000000000e+00 0.000000000000000000e+00 0.000000000000000000e+00 1.000000000000000000e+00 0.000000000000000000e+00 1.000000000000000000e+00
3.790000000000000000e+02 0.000000000000000000e+00 0.000000000000000000e+00 0.000000000000000000e+00 1.000000000000000000e+00 0.000000000000000000e+00 1.000000000000000000e+00
3.800000000000000000e+02 0.000000000000000000e+00 0.000000000000000000e+00 0.000000000000000000e+00 1.000000000000000000e+00 0.000000000000000000e+00 1.000000000000000000e+00
3.810000000000000000e+02 0.000000000000000000e+00 0.000000000000000000e+00 0.000000000000000000e+00 1.000000000000000000e+00 0.000000000000000000e+00 1.000000000000000000e+00
3.820000000000000000e+02 0.000000000000000000e+00 0.000000000000000000e+00 0.000000000000000000e+00 1.000000000000000000e+00 0.000000000000000000e+00 1.000000000000000000e+00
3.830000000000000000e+02 0.000000000000000000e+00 0.000000000000000000e+00 0.000000000000000000e+00 1.000000000000000000e+00 0.000000000000000000e+00 1.000000000000000000e+00
3.840000000000000000e+02 0.000000000000000000e+00 0.000000000000000000e+00 0.000000000000000000e+00 1.000000000000000000e+00 0.000000000000000000e+00 1.000000000000000000e+00
3.850000000000000000e+02 0.000000000000000000e+00 0.000000000000000000e+00 0.000000000000000000e+00 1.000000000000000000e+00 0.000000000000000000e+00 1.000000000000000000e+00
3.860000000000000000e+02 0.000000000000000000e+00 0.000000000000000000e+00 0.000000000000000000e+00 1.000000000000000000e+00 0.000000000000000000e+00 1.000000000000000000e+00
3.870000000000000000e+02 0.000000000000000000e+00 0.000000000000000000e+00 0.000000000000000000e+00 1.000000000000000000e+00 0.000000000000000000e+00 1.000000000000000000e+00
3.880000000000000000e+02 0.000000000000000000e+00 0.000000000000000000e+00 0.000000000000000000e+00 1.000000000000000000e+00 0.000000000000000000e+00 1.000000000000000000e+00
3.890000000000000000e+02 0.000000000000000000e+00 0.000000000000000000e+00 0.000000000000000000e+00 1.000000000000000000e+00 0.000000000000000000e+00 1.000000000000000000e+00
3.900000000000000000e+02 0.000000000000000000e+00 0.000000000000000000e+00 0.000000000000000000e+00 1.000000000000000000e+00 0.000000000000000000e+00 1.000000000000000000e+00
3.910000000000000000e+02 0.000000000000000000e+00 0.000000000000000000e+00 0.000000000000000000e+00 1.000000000000000000e+00 0.000000000000000000e+00 1.000000000000000000e+00
3.920000000000000000e+02 0.000000000000000000e+00 0.000000000000000000e+00 0.000000000000000000e+00 1.000000000000000000e+00 0.000000000000000000e+00 1.000000000000000000e+00
3.930000000000000000e+02 0.000000000000000000e+00 0.000000000000000000e+00 0.000000000000000000e+00 1.000000000000000000e+00 0.000000000000000000e+00 1.000000000000000000e+00
3.940000000000000000e+02 0.000000000000000000e+00 0.000000000000000000e+00 0.000000000000000000e+00 1.000000000000000000e+00 0.000000000000000000e+00 1.000000000000000000e+00
3.950000000000000000e+02 0.000000000000000000e+00 0.000000000000000000e+00 0.000000000000000000e+00 1.000000000000000000e+00 0.000000000000000000e+00 1.000000000000000000e+00
3.960000000000000000e+02 0.000000000000000000e+00 0.000000000000000000e+00 0.000000000000000000e+00 1.000000000000000000e+00 0.000000000000000000e+00 1.000000000000000000e+00
3.970000000000000000e+02 0.000000000000000000e+00 0.000000000000000000e+00 0.000000000000000000e+00 1.000000000000000000e+00 0.000000000000000000e+00 1.000000000000000000e+00
3.980000000000000000e+02 0.000000000000000000e+00 0.000000000000000000e+00 0.000000000000000000e+00 1.000000000000000000e+00 0.000000000000000000e+00 1.000000000000000000e+00
3.990000000000000000e+02 0.000000000000000000e+00 0.000000000000000000e+00 0.000000000000000000e+00 1.000000000000000000e+00 0.000000000000000000e+00 1.000000000000000000e+00
4.000000000000000000e+02 1.877123048458642780e-09 0.000000000000000000e+00 0.000000000000000000e+00 1.000000000000000000e+00 1.000000000000000000e+00 1.000000000000000000e+00
