0.000000000000000000e+00 0.000000000000000000e+00 0.000000000000000000e+00 0.000000000000000000e+00 0.000000000000000000e+00 0.000000000000000000e+00 0.000000000000000000e+00
1.000000000000000000e+00 3.480803233162012289e-02 2.284539143541094719e-01 2.904525210000000000e+08 1.271392159000000000e+09 1.889927400000000000e+07 5.429667290000000000e+08
2.000000000000000000e+00 4.444902315553144606e-02 1.371661396728807158e-01 1.743907570000000000e+08 9.809386570000000000e+08 2.413392000000000000e+07 5.240669400000000000e+08
3.000000000000000000e+00 4.715862867616041343e-02 9.362959063705085516e-02 1.190391100000000000e+08 8.065470810000000000e+08 2.560512000000000000e+07 4.999325200000000000e+08
4.000000000000000000e+00 4.716531796874532528e-02 6.985393153177553438e-02 8.881113100000000000e+07 6.875073000000000000e+08 2.560875200000000000e+07 4.743269260000000000e+08
5.000000000000000000e+00 4.590161814282311958e-02 5.526173882513298052e-02 7.025885900000000000e+07 5.986955590000000000e+08 2.492261700000000000e+07 4.487177050000000000e+08
6.000000000000000000e+00 4.400599012890266809e-02 4.545493883419177844e-02 5.779065600000000000e+07 5.284361970000000000e+08 2.389337200000000000e+07 4.237946390000000000e+08
7.000000000000000000e+00 4.187754084454057418e-02 3.839752028103553261e-02 4.881797100000000000e+07 4.706450510000000000e+08 2.273771500000000000e+07 3.999008890000000000e+08
8.000000000000000000e+00 3.967382228447357412e-02 3.306702450343168564e-02 4.204086700000000000e+07 4.218266670000000000e+08 2.154119000000000000e+07 3.771627620000000000e+08
9.000000000000000000e+00 3.746347889361693884e-02 2.888962539718614025e-02 3.672979100000000000e+07 3.797853940000000000e+08 2.034106800000000000e+07 3.556212200000000000e+08
1.000000000000000000e+01 3.533435183952157721e-02 2.550105126468499989e-02 3.242161400000000000e+07 3.430552500000000000e+08 1.918504300000000000e+07 3.352798260000000000e+08
1.100000000000000000e+01 3.325950530058660592e-02 2.267563690261059986e-02 2.882942900000000000e+07 3.106333190000000000e+08 1.805849000000000000e+07 3.160944740000000000e+08
1.200000000000000000e+01 3.133059658264374797e-02 2.028466583073578952e-02 2.578958800000000000e+07 2.818035920000000000e+08 1.701117500000000000e+07 2.980356690000000000e+08
1.300000000000000000e+01 2.947828136985750080e-02 1.823380537390974568e-02 2.318215800000000000e+07 2.560137400000000000e+08 1.600544700000000000e+07 2.810242200000000000e+08
1.400000000000000000e+01 2.775605374348578611e-02 1.643786486696453483e-02 2.089882900000000000e+07 2.328313440000000000e+08 1.507035100000000000e+07 2.650185110000000000e+08
1.500000000000000000e+01 2.612459569193644957e-02 1.485690749867402995e-02 1.888882600000000000e+07 2.119323150000000000e+08 1.418453900000000000e+07 2.499479230000000000e+08
1.600000000000000000e+01 2.459622494340549248e-02 1.346367241349344379e-02 1.711749000000000000e+07 1.930432970000000000e+08 1.335469900000000000e+07 2.357631510000000000e+08
1.700000000000000000e+01 2.317127301569723782e-02 1.221283732808507543e-02 1.552719900000000000e+07 1.759256270000000000e+08 1.258101100000000000e+07 2.224082070000000000e+08
1.800000000000000000e+01 2.182173586317467592e-02 1.109527674990642108e-02 1.410635100000000000e+07 1.603982670000000000e+08 1.184827000000000000e+07 2.098270130000000000e+08
1.900000000000000000e+01 2.057926791085347776e-02 1.009157403450788686e-02 1.283026000000000000e+07 1.462917650000000000e+08 1.117366300000000000e+07 1.979785490000000000e+08
2.000000000000000000e+01 1.938897349386967811e-02 9.185602654256398367e-03 1.167842300000000000e+07 1.334613710000000000e+08 1.052738400000000000e+07 1.868046950000000000e+08
2.100000000000000000e+01 1.827943313048667473e-02 8.364881716576157145e-03 1.063497200000000000e+07 1.217828270000000000e+08 9.924951000000000000e+06 1.762771360000000000e+08
2.200000000000000000e+01 1.724591164139946051e-02 7.627396093739712002e-03 9.697345000000000000e+06 1.111477440000000000e+08 9.363793000000000000e+06 1.663520190000000000e+08
2.300000000000000000e+01 1.625327550641260041e-02 6.952324372319627563e-03 8.839070000000000000e+06 1.014503180000000000e+08 8.824834000000000000e+06 1.569880630000000000e+08
2.400000000000000000e+01 1.533470044891046928e-02 6.336488124858201398e-03 8.056106000000000000e+06 9.261114200000000000e+07 8.326087000000000000e+06 1.481630770000000000e+08
2.500000000000000000e+01 1.446833392029174548e-02 5.780437932701732937e-03 7.349153000000000000e+06 8.455494500000000000e+07 7.855687000000000000e+06 1.398368390000000000e+08
2.600000000000000000e+01 1.364451586009170735e-02 5.273765448770844841e-03 6.704978000000000000e+06 7.720571900000000000e+07 7.408389000000000000e+06 1.319810070000000000e+08
2.700000000000000000e+01 1.286458523188668476e-02 4.807659011890424994e-03 6.112378000000000000e+06 7.050068300000000000e+07 6.984920000000000000e+06 1.245724940000000000e+08
2.800000000000000000e+01 1.213527737240108206e-02 4.385405592697873625e-03 5.575532000000000000e+06 6.438825300000000000e+07 6.588937000000000000e+06 1.175874780000000000e+08
2.900000000000000000e+01 1.145389593682643974e-02 4.006367303376266210e-03 5.093629000000000000e+06 5.881267500000000000e+07 6.218976000000000000e+06 1.109984250000000000e+08
3.000000000000000000e+01 1.081430968754844811e-02 3.653144986837798640e-03 4.644548000000000000e+06 5.371899300000000000e+07 5.871708000000000000e+06 1.047793420000000000e+08
3.100000000000000000e+01 1.020018400564210934e-02 3.335759223585098559e-03 4.241029000000000000e+06 4.907440200000000000e+07 5.538264000000000000e+06 9.890755900000000000e+07
3.200000000000000000e+01 9.630078362852513910e-03 3.044633830916479867e-03 3.870897000000000000e+06 4.483333400000000000e+07 5.228721000000000000e+06 9.336920000000000000e+07
3.300000000000000000e+01 9.087477647227866842e-03 2.784296947132854257e-03 3.539909000000000000e+06 4.096239900000000000e+07 4.934112000000000000e+06 8.814040100000000000e+07
3.400000000000000000e+01 8.569864165220930641e-03 2.537214915988967277e-03 3.225773000000000000e+06 3.742246000000000000e+07 4.653070000000000000e+06 8.320621500000000000e+07
3.500000000000000000e+01 8.091559485978255806e-03 2.317575432234141811e-03 2.946527000000000000e+06 3.419665900000000000e+07 4.393371000000000000e+06 7.855308800000000000e+07
3.600000000000000000e+01 7.637857111347165495e-03 2.117467428466853190e-03 2.692113000000000000e+06 3.125011000000000000e+07 4.147030000000000000e+06 7.415964500000000000e+07
3.700000000000000000e+01 7.204743834129826406e-03 1.933421455660643386e-03 2.458120000000000000e+06 2.855797600000000000e+07 3.911868000000000000e+06 7.001254500000000000e+07
3.800000000000000000e+01 6.799529621911458432e-03 1.766047086020341864e-03 2.245323000000000000e+06 2.609982900000000000e+07 3.691854000000000000e+06 6.610062100000000000e+07
3.900000000000000000e+01 6.420055925432835431e-03 1.614852729058182485e-03 2.053097000000000000e+06 2.385447400000000000e+07 3.485816000000000000e+06 6.240869900000000000e+07
4.000000000000000000e+01 6.058896745877223079e-03 1.471722029184950207e-03 1.871123000000000000e+06 2.180135300000000000e+07 3.289722000000000000e+06 5.892282600000000000e+07
4.100000000000000000e+01 5.719687728498647032e-03 1.344153117792445343e-03 1.708934000000000000e+06 1.993020900000000000e+07 3.105546000000000000e+06 5.563305400000000000e+07
4.200000000000000000e+01 5.397371385015672755e-03 1.229105212759541189e-03 1.562664000000000000e+06 1.822125000000000000e+07 2.930542000000000000e+06 5.252745500000000000e+07
4.300000000000000000e+01 5.099554207271827372e-03 1.120820019748739555e-03 1.424992000000000000e+06 1.665857100000000000e+07 2.768840000000000000e+06 4.959686600000000000e+07
4.400000000000000000e+01 4.810244144739907537e-03 1.026868032271639796e-03 1.305543000000000000e+06 1.523355900000000000e+07 2.611757000000000000e+06 4.682798200000000000e+07
4.500000000000000000e+01 4.534769425241541758e-03 9.367410120617516035e-04 1.190957000000000000e+06 1.392800600000000000e+07 2.462186000000000000e+06 4.421618600000000000e+07
4.600000000000000000e+01 4.286943290623329746e-03 8.544314604245168776e-04 1.086310000000000000e+06 1.273703400000000000e+07 2.327627000000000000e+06 4.175395500000000000e+07
4.700000000000000000e+01 4.045872752150895223e-03 7.821306911182024021e-04 9.943880000000000000e+05 1.165071300000000000e+07 2.196736000000000000e+06 3.942629100000000000e+07
4.800000000000000000e+01 3.814254154632693364e-03 7.142007511567149665e-04 9.080230000000000000e+05 1.065631700000000000e+07 2.070977000000000000e+06 3.722951700000000000e+07
4.900000000000000000e+01 3.599708724036888678e-03 6.535463504141677009e-04 8.309080000000000000e+05 9.748283000000000000e+06 1.954488000000000000e+06 3.515850200000000000e+07
5.000000000000000000e+01 3.403954827649198142e-03 5.973846934574133030e-04 7.595050000000000000e+05 8.917364000000000000e+06 1.848202000000000000e+06 3.320398700000000000e+07
5.100000000000000000e+01 3.210245291054803982e-03 5.462136631324617398e-04 6.944470000000000000e+05 8.157853000000000000e+06 1.743026000000000000e+06 3.135576500000000000e+07
5.200000000000000000e+01 3.028426193041962918e-03 4.992506473827888888e-04 6.347390000000000000e+05 7.463397000000000000e+06 1.644306000000000000e+06 2.961271000000000000e+07
5.300000000000000000e+01 2.856011150078286917e-03 4.560874294673538634e-04 5.798620000000000000e+05 6.828653000000000000e+06 1.550692000000000000e+06 2.796837200000000000e+07
5.400000000000000000e+01 2.701711713355031165e-03 4.169631189994061531e-04 5.301200000000000000e+05 6.248786000000000000e+06 1.466914000000000000e+06 2.641765100000000000e+07
5.500000000000000000e+01 2.550154665579720467e-03 3.811328580718822750e-04 4.845660000000000000e+05 5.718662000000000000e+06 1.384625000000000000e+06 2.495071100000000000e+07
5.600000000000000000e+01 2.410346240436337783e-03 3.482112397423735945e-04 4.427100000000000000e+05 5.234091000000000000e+06 1.308715000000000000e+06 2.356606600000000000e+07
5.700000000000000000e+01 2.271285572118250835e-03 3.191200944935392893e-04 4.057240000000000000e+05 4.791378000000000000e+06 1.233211000000000000e+06 2.225733200000000000e+07
5.800000000000000000e+01 2.145638482516001606e-03 2.917027165374514635e-04 3.708660000000000000e+05 4.385652000000000000e+06 1.164990000000000000e+06 2.102409600000000000e+07
5.900000000000000000e+01 2.026446781270063290e-03 2.666017129597180011e-04 3.389530000000000000e+05 4.014783000000000000e+06 1.100274000000000000e+06 1.985908300000000000e+07
6.000000000000000000e+01 1.916176592491448819e-03 2.446594732201752206e-04 3.110560000000000000e+05 3.675822000000000000e+06 1.040402000000000000e+06 1.875878600000000000e+07
6.100000000000000000e+01 1.808411204901017814e-03 2.234864742758889693e-04 2.841370000000000000e+05 3.364765000000000000e+06 9.818900000000000000e+05 1.771836100000000000e+07
6.200000000000000000e+01 1.708712750549001022e-03 2.035247542934587057e-04 2.587580000000000000e+05 3.080625000000000000e+06 9.277580000000000000e+05 1.673644400000000000e+07
6.300000000000000000e+01 1.611924285812667626e-03 1.863930224310010424e-04 2.369770000000000000e+05 2.821861000000000000e+06 8.752060000000000000e+05 1.580866700000000000e+07
6.400000000000000000e+01 1.522353700382577399e-03 1.713676574905240624e-04 2.178740000000000000e+05 2.584883000000000000e+06 8.265730000000000000e+05 1.493345000000000000e+07
6.500000000000000000e+01 1.437800084391172364e-03 1.565200516704233372e-04 1.989970000000000000e+05 2.367002000000000000e+06 7.806640000000000000e+05 1.410685700000000000e+07
6.600000000000000000e+01 1.357941128862031385e-03 1.429277713198824444e-04 1.817160000000000000e+05 2.168002000000000000e+06 7.373040000000000000e+05 1.332618000000000000e+07
6.700000000000000000e+01 1.281253693660869839e-03 1.319672698046468100e-04 1.677810000000000000e+05 1.986285000000000000e+06 6.956660000000000000e+05 1.258886300000000000e+07
6.800000000000000000e+01 1.211447094664894241e-03 1.199567310075425042e-04 1.525110000000000000e+05 1.818501000000000000e+06 6.577640000000000000e+05 1.189318300000000000e+07
6.900000000000000000e+01 1.142627682019555857e-03 1.099015425345771225e-04 1.397270000000000000e+05 1.665990000000000000e+06 6.203980000000000000e+05 1.123540500000000000e+07
7.000000000000000000e+01 1.077396028723174009e-03 1.004976131398044282e-04 1.277710000000000000e+05 1.526263000000000000e+06 5.849800000000000000e+05 1.061499500000000000e+07
7.100000000000000000e+01 1.018056183515761871e-03 9.194393865267218747e-05 1.168960000000000000e+05 1.398492000000000000e+06 5.527610000000000000e+05 1.003000700000000000e+07
7.200000000000000000e+01 9.638714401655007697e-04 8.420984382674379662e-05 1.070630000000000000e+05 1.281594000000000000e+06 5.233410000000000000e+05 9.477236000000000000e+06
7.300000000000000000e+01 9.066569924368854264e-04 7.699958782457907785e-05 9.789600000000000000e+04 1.174530000000000000e+06 4.922760000000000000e+05 8.953882000000000000e+06
7.400000000000000000e+01 8.560010719370355443e-04 7.035800369866234089e-05 8.945200000000000000e+04 1.076630000000000000e+06 4.647720000000000000e+05 8.461594000000000000e+06
7.500000000000000000e+01 8.099237806679385416e-04 6.452892033092559403e-05 8.204100000000000000e+04 9.871760000000000000e+05 4.397540000000000000e+05 7.996817000000000000e+06
7.600000000000000000e+01 7.647250115802852952e-04 5.889096734483237003e-05 7.487300000000000000e+04 9.051350000000000000e+05 4.152130000000000000e+05 7.557052000000000000e+06
7.700000000000000000e+01 7.224896433101224988e-04 5.404034568394551637e-05 6.870600000000000000e+04 8.302590000000000000e+05 3.922810000000000000e+05 7.141831000000000000e+06
7.800000000000000000e+01 6.836560160653822483e-04 4.937849477036089898e-05 6.277900000000000000e+04 7.615520000000000000e+05 3.711960000000000000e+05 6.749540000000000000e+06
7.900000000000000000e+01 6.438794048439142308e-04 4.518149182200801244e-05 5.744300000000000000e+04 6.987700000000000000e+05 3.495990000000000000e+05 6.378333000000000000e+06
8.000000000000000000e+01 6.091584401383016165e-04 4.157597054853544088e-05 5.285900000000000000e+04 6.413260000000000000e+05 3.307470000000000000e+05 6.028728000000000000e+06
8.100000000000000000e+01 5.761061150477581614e-04 3.831810206801114889e-05 4.871700000000000000e+04 5.884670000000000000e+05 3.128010000000000000e+05 5.697976000000000000e+06
8.200000000000000000e+01 5.453449463381707107e-04 3.484786649677184281e-05 4.430500000000000000e+04 5.397500000000000000e+05 2.960990000000000000e+05 5.385167000000000000e+06
8.300000000000000000e+01 5.147863718423334413e-04 3.189517739105281402e-05 4.055100000000000000e+04 4.954440000000000000e+05 2.795070000000000000e+05 5.089062000000000000e+06
8.400000000000000000e+01 4.857398868873038914e-04 2.936879555632465535e-05 3.733900000000000000e+04 4.548930000000000000e+05 2.637360000000000000e+05 4.809553000000000000e+06
8.500000000000000000e+01 4.578463471850705490e-04 2.712950256645196601e-05 3.449200000000000000e+04 4.175520000000000000e+05 2.485910000000000000e+05 4.545812000000000000e+06
8.600000000000000000e+01 4.325589057778956551e-04 2.479425111336731324e-05 3.152300000000000000e+04 3.830590000000000000e+05 2.348610000000000000e+05 4.297216000000000000e+06
8.700000000000000000e+01 4.097744237933245541e-04 2.288688002083437588e-05 2.909800000000000000e+04 3.515350000000000000e+05 2.224900000000000000e+05 4.062351000000000000e+06
8.800000000000000000e+01 3.866123798649464551e-04 2.060983288150124336e-05 2.620300000000000000e+04 3.224370000000000000e+05 2.099140000000000000e+05 3.839857000000000000e+06
8.900000000000000000e+01 3.648390271835464781e-04 1.902258551460166906e-05 2.418500000000000000e+04 2.962340000000000000e+05 1.980920000000000000e+05 3.629940000000000000e+06
9.000000000000000000e+01 3.450253130787840324e-04 1.749747518535574691e-05 2.224600000000000000e+04 2.720480000000000000e+05 1.873340000000000000e+05 3.431843000000000000e+06
9.100000000000000000e+01 3.254952308732718619e-04 1.607225604322392009e-05 2.043400000000000000e+04 2.498020000000000000e+05 1.767300000000000000e+05 3.244507000000000000e+06
9.200000000000000000e+01 3.085565128381816753e-04 1.470681430440446730e-05 1.869800000000000000e+04 2.293670000000000000e+05 1.675330000000000000e+05 3.067773000000000000e+06
9.300000000000000000e+01 2.913360046694209410e-04 1.346407355133146163e-05 1.711800000000000000e+04 2.106690000000000000e+05 1.581830000000000000e+05 2.900232000000000000e+06
9.400000000000000000e+01 2.750861069610812293e-04 1.247302712799476025e-05 1.585800000000000000e+04 1.935500000000000000e+05 1.493600000000000000e+05 2.742044000000000000e+06
9.500000000000000000e+01 2.593924224577645707e-04 1.131759284554903665e-05 1.438900000000000000e+04 1.776910000000000000e+05 1.408390000000000000e+05 2.592682000000000000e+06
9.600000000000000000e+01 2.451832010115624844e-04 1.035643512386852143e-05 1.316700000000000000e+04 1.633020000000000000e+05 1.331240000000000000e+05 2.451839000000000000e+06
9.700000000000000000e+01 2.317217363906563517e-04 9.565171074760012401e-06 1.216100000000000000e+04 1.501330000000000000e+05 1.258150000000000000e+05 2.318711000000000000e+06
9.800000000000000000e+01 2.193248122747281270e-04 8.787278286918746070e-06 1.117200000000000000e+04 1.379720000000000000e+05 1.190840000000000000e+05 2.192893000000000000e+06
9.900000000000000000e+01 2.074362154587547846e-04 8.073882171072406619e-06 1.026500000000000000e+04 1.268000000000000000e+05 1.126290000000000000e+05 2.073806000000000000e+06
1.000000000000000000e+02 1.968902657502709039e-04 7.406892197271198498e-06 9.417000000000000000e+03 1.165350000000000000e+05 1.069030000000000000e+05 1.961177000000000000e+06
1.010000000000000000e+02 1.861306712345596427e-04 6.743834947372119735e-06 8.574000000000000000e+03 1.071180000000000000e+05 1.010610000000000000e+05 1.854272000000000000e+06
1.020000000000000000e+02 1.741389355461316719e-04 6.307302594235716178e-06 8.019000000000000000e+03 9.854300000000000000e+04 9.455000000000000000e+04 1.753210000000000000e+06
1.030000000000000000e+02 1.659412369515697366e-04 5.781104136130753280e-06 7.350000000000000000e+03 9.052300000000000000e+04 9.009900000000000000e+04 1.658656000000000000e+06
1.040000000000000000e+02 1.571946922143028992e-04 5.174678110422344377e-06 6.579000000000000000e+03 8.317300000000000000e+04 8.535000000000000000e+04 1.568555000000000000e+06
1.050000000000000000e+02 1.482087179516949904e-04 5.001638258728634020e-06 6.359000000000000000e+03 7.659300000000000000e+04 8.047100000000000000e+04 1.483205000000000000e+06
1.060000000000000000e+02 1.400920570426330951e-04 4.385773695655113473e-06 5.576000000000000000e+03 7.023400000000000000e+04 7.606400000000000000e+04 1.402734000000000000e+06
1.070000000000000000e+02 1.325573940567079437e-04 4.185204776646495073e-06 5.321000000000000000e+03 6.465800000000000000e+04 7.197300000000000000e+04 1.326665000000000000e+06
1.080000000000000000e+02 1.254684383410330391e-04 3.773841856483721860e-06 4.798000000000000000e+03 5.933700000000000000e+04 6.812400000000000000e+04 1.254692000000000000e+06
1.090000000000000000e+02 1.186778486492447117e-04 3.394727272318412512e-06 4.316000000000000000e+03 5.453900000000000000e+04 6.443700000000000000e+04 1.186566000000000000e+06
1.100000000000000000e+02 1.111321350698422661e-04 3.161910017312330671e-06 4.020000000000000000e+03 5.022300000000000000e+04 6.034000000000000000e+04 1.122128000000000000e+06
1.110000000000000000e+02 1.064798352159075249e-04 2.961341098303712695e-06 3.765000000000000000e+03 4.620300000000000000e+04 5.781400000000000000e+04 1.061787000000000000e+06
1.120000000000000000e+02 1.003430723048582385e-04 2.695488962519740526e-06 3.427000000000000000e+03 4.243800000000000000e+04 5.448200000000000000e+04 1.003972000000000000e+06
1.130000000000000000e+02 9.422104351844532181e-05 2.446154267124713522e-06 3.110000000000000000e+03 3.901100000000000000e+04 5.115800000000000000e+04 9.494880000000000000e+05
1.140000000000000000e+02 8.951164893154463969e-05 2.228281362946724341e-06 2.833000000000000000e+03 3.590100000000000000e+04 4.860100000000000000e+04 8.983300000000000000e+05
1.150000000000000000e+02 8.450757185191651007e-05 2.089062936811330776e-06 2.656000000000000000e+03 3.306800000000000000e+04 4.588400000000000000e+04 8.497290000000000000e+05
1.160000000000000000e+02 8.057356057400495600e-05 1.897932555167824232e-06 2.413000000000000000e+03 3.041200000000000000e+04 4.374800000000000000e+04 8.038450000000000000e+05
1.170000000000000000e+02 7.540188282663809265e-05 1.728825427376244503e-06 2.198000000000000000e+03 2.799900000000000000e+04 4.094000000000000000e+04 7.600960000000000000e+05
1.180000000000000000e+02 7.083614595494204524e-05 1.626574605920870624e-06 2.068000000000000000e+03 2.580100000000000000e+04 3.846100000000000000e+04 7.191550000000000000e+05
1.190000000000000000e+02 6.745098081973537974e-05 1.490502358907180800e-06 1.895000000000000000e+03 2.373300000000000000e+04 3.662300000000000000e+04 6.806930000000000000e+05
1.200000000000000000e+02 6.398109446786957172e-05 1.396116985256066271e-06 1.775000000000000000e+03 2.183800000000000000e+04 3.473900000000000000e+04 6.440680000000000000e+05
1.210000000000000000e+02 5.976897658744648433e-05 1.218357864879800939e-06 1.549000000000000000e+03 2.006300000000000000e+04 3.245200000000000000e+04 6.093270000000000000e+05
1.220000000000000000e+02 5.723839068114944907e-05 1.165659364591262130e-06 1.482000000000000000e+03 1.851400000000000000e+04 3.107800000000000000e+04 5.768750000000000000e+05
1.230000000000000000e+02 5.412212332055658752e-05 1.045318013186091429e-06 1.329000000000000000e+03 1.703200000000000000e+04 2.938600000000000000e+04 5.457950000000000000e+05
1.240000000000000000e+02 5.034282035132695558e-05 9.847540650932930581e-07 1.252000000000000000e+03 1.570300000000000000e+04 2.733400000000000000e+04 5.164090000000000000e+05
1.250000000000000000e+02 4.895597086992835772e-05 8.620530793468443404e-07 1.096000000000000000e+03 1.445100000000000000e+04 2.658100000000000000e+04 4.890740000000000000e+05
1.260000000000000000e+02 4.518403496301690383e-05 8.195796612038428978e-07 1.042000000000000000e+03 1.335500000000000000e+04 2.453300000000000000e+04 4.624930000000000000e+05
1.270000000000000000e+02 4.324649757333387968e-05 7.605888026718963969e-07 9.670000000000000000e+02 1.231300000000000000e+04 2.348100000000000000e+04 4.379590000000000000e+05
1.280000000000000000e+02 4.102348651882112382e-05 6.764285111663194468e-07 8.600000000000000000e+02 1.134600000000000000e+04 2.227400000000000000e+04 4.144750000000000000e+05
1.290000000000000000e+02 3.853710298643320433e-05 6.654168842403561451e-07 8.460000000000000000e+02 1.048600000000000000e+04 2.092400000000000000e+04 3.922010000000000000e+05
1.300000000000000000e+02 3.652589497356830474e-05 5.938413092215944725e-07 7.550000000000000000e+02 9.640000000000000000e+03 1.983200000000000000e+04 3.712770000000000000e+05
1.310000000000000000e+02 3.475595825162402109e-05 5.450755328351853383e-07 6.930000000000000000e+02 8.885000000000000000e+03 1.887100000000000000e+04 3.514450000000000000e+05
1.320000000000000000e+02 3.235061240473614829e-05 4.931635773270724640e-07 6.270000000000000000e+02 8.192000000000000000e+03 1.756500000000000000e+04 3.325720000000000000e+05
1.330000000000000000e+02 3.066539689945100715e-05 4.593421517687564652e-07 5.840000000000000000e+02 7.565000000000000000e+03 1.665000000000000000e+04 3.150070000000000000e+05
1.340000000000000000e+02 2.950508458433664201e-05 3.932723902129764435e-07 5.000000000000000000e+02 6.981000000000000000e+03 1.602000000000000000e+04 2.983540000000000000e+05
1.350000000000000000e+02 2.802062152722207649e-05 4.074301962606435910e-07 5.180000000000000000e+02 6.481000000000000000e+03 1.521400000000000000e+04 2.823340000000000000e+05
1.360000000000000000e+02 2.614754593282317809e-05 3.893396663108466626e-07 4.950000000000000000e+02 5.963000000000000000e+03 1.419700000000000000e+04 2.671190000000000000e+05
1.370000000000000000e+02 2.502959422603838759e-05 3.413604347048635693e-07 4.340000000000000000e+02 5.468000000000000000e+03 1.359000000000000000e+04 2.529220000000000000e+05
1.380000000000000000e+02 2.352118821638971629e-05 2.839426657337689912e-07 3.610000000000000000e+02 5.034000000000000000e+03 1.277100000000000000e+04 2.393320000000000000e+05
1.390000000000000000e+02 2.173099207307041588e-05 2.477616058341751345e-07 3.150000000000000000e+02 4.673000000000000000e+03 1.179900000000000000e+04 2.265610000000000000e+05
1.400000000000000000e+02 2.104401351189952952e-05 2.752906731490834946e-07 3.500000000000000000e+02 4.358000000000000000e+03 1.142600000000000000e+04 2.147620000000000000e+05
1.410000000000000000e+02 1.997947300692159091e-05 2.304576206648041941e-07 2.930000000000000000e+02 4.008000000000000000e+03 1.084800000000000000e+04 2.033360000000000000e+05
1.420000000000000000e+02 1.857973116646617130e-05 2.288845311039522976e-07 2.910000000000000000e+02 3.715000000000000000e+03 1.008800000000000000e+04 1.924870000000000000e+05
1.430000000000000000e+02 1.753913361402233847e-05 2.186594489584149045e-07 2.780000000000000000e+02 3.424000000000000000e+03 9.523000000000000000e+03 1.823990000000000000e+05
1.440000000000000000e+02 1.666061143257860583e-05 1.934900159847844024e-07 2.460000000000000000e+02 3.146000000000000000e+03 9.046000000000000000e+03 1.728760000000000000e+05
1.450000000000000000e+02 1.609887293081689212e-05 1.691071277915798617e-07 2.150000000000000000e+02 2.900000000000000000e+03 8.741000000000000000e+03 1.638300000000000000e+05
1.460000000000000000e+02 1.514299659503220180e-05 1.793322099371172548e-07 2.280000000000000000e+02 2.685000000000000000e+03 8.222000000000000000e+03 1.550890000000000000e+05
1.470000000000000000e+02 1.445233450270222473e-05 1.415780604766715281e-07 1.800000000000000000e+02 2.457000000000000000e+03 7.847000000000000000e+03 1.468660000000000000e+05
1.480000000000000000e+02 1.352224288503118810e-05 1.297798887702822385e-07 1.650000000000000000e+02 2.277000000000000000e+03 7.342000000000000000e+03 1.390190000000000000e+05
1.490000000000000000e+02 1.275791016951934576e-05 1.156220827226150778e-07 1.470000000000000000e+02 2.112000000000000000e+03 6.927000000000000000e+03 1.316770000000000000e+05
1.500000000000000000e+02 1.209671632646211479e-05 1.203413514051707804e-07 1.530000000000000000e+02 1.965000000000000000e+03 6.568000000000000000e+03 1.247500000000000000e+05
1.510000000000000000e+02 1.140605423413213603e-05 9.910464233367005910e-08 1.260000000000000000e+02 1.812000000000000000e+03 6.193000000000000000e+03 1.181820000000000000e+05
1.520000000000000000e+02 1.091798635555228588e-05 9.910464233367005910e-08 1.260000000000000000e+02 1.686000000000000000e+03 5.928000000000000000e+03 1.119880000000000000e+05
1.530000000000000000e+02 1.027152663713142626e-05 8.730647062728076950e-08 1.110000000000000000e+02 1.560000000000000000e+03 5.577000000000000000e+03 1.060600000000000000e+05
1.540000000000000000e+02 9.641642808926487607e-06 8.258720194472505366e-08 1.050000000000000000e+02 1.449000000000000000e+03 5.235000000000000000e+03 1.004830000000000000e+05
1.550000000000000000e+02 9.221720256789860706e-06 7.472175414046551844e-08 9.500000000000000000e+01 1.344000000000000000e+03 5.007000000000000000e+03 9.524800000000000000e+04
1.560000000000000000e+02 8.923354232903310637e-06 6.842939589705790614e-08 8.700000000000000000e+01 1.249000000000000000e+03 4.845000000000000000e+03 9.024100000000000000e+04
1.570000000000000000e+02 8.190331532243760616e-06 5.899085853194646785e-08 7.500000000000000000e+01 1.162000000000000000e+03 4.447000000000000000e+03 8.539600000000000000e+04
1.580000000000000000e+02 7.716997778300283518e-06 6.842939589705790614e-08 8.700000000000000000e+01 1.087000000000000000e+03 4.190000000000000000e+03 8.094900000000000000e+04
1.590000000000000000e+02 7.479410018538771019e-06 6.528321677535408676e-08 8.300000000000000000e+01 1.000000000000000000e+03 4.061000000000000000e+03 7.675900000000000000e+04
1.600000000000000000e+02 6.915829751197508554e-06 5.269850028853884232e-08 6.700000000000000000e+01 9.170000000000000000e+02 3.755000000000000000e+03 7.269800000000000000e+04
1.610000000000000000e+02 6.578786650140479647e-06 5.033886594726098440e-08 6.400000000000000000e+01 8.500000000000000000e+02 3.572000000000000000e+03 6.894300000000000000e+04
1.620000000000000000e+02 6.309888875526674836e-06 4.719268682555717163e-08 6.000000000000000000e+01 7.860000000000000000e+02 3.426000000000000000e+03 6.537100000000000000e+04
1.630000000000000000e+02 5.923118103821888149e-06 3.696760468001978511e-08 4.700000000000000000e+01 7.260000000000000000e+02 3.216000000000000000e+03 6.194500000000000000e+04
1.640000000000000000e+02 5.764726263980879533e-06 3.854069424087168818e-08 4.900000000000000000e+01 6.790000000000000000e+02 3.130000000000000000e+03 5.872900000000000000e+04
1.650000000000000000e+02 5.567657346969392927e-06 3.932723902129764303e-08 5.000000000000000000e+01 6.300000000000000000e+02 3.023000000000000000e+03 5.559900000000000000e+04
1.660000000000000000e+02 5.090640061866821719e-06 4.247341814300145579e-08 5.400000000000000000e+01 5.800000000000000000e+02 2.764000000000000000e+03 5.257600000000000000e+04
1.670000000000000000e+02 4.772014616605258281e-06 3.382142555831597234e-08 4.300000000000000000e+01 5.260000000000000000e+02 2.591000000000000000e+03 4.981200000000000000e+04
1.680000000000000000e+02 4.516009201048280313e-06 2.595597775405644373e-08 3.300000000000000000e+01 4.830000000000000000e+02 2.452000000000000000e+03 4.722100000000000000e+04
1.690000000000000000e+02 4.337357939832259174e-06 2.752906731490835012e-08 3.500000000000000000e+01 4.500000000000000000e+02 2.355000000000000000e+03 4.476900000000000000e+04
1.700000000000000000e+02 4.241586129695836030e-06 2.438288819320454066e-08 3.100000000000000000e+01 4.150000000000000000e+02 2.303000000000000000e+03 4.241400000000000000e+04
1.710000000000000000e+02 3.814296515241023027e-06 2.045016429107477636e-08 2.600000000000000000e+01 3.840000000000000000e+02 2.071000000000000000e+03 4.011100000000000000e+04
1.720000000000000000e+02 3.668797034456840832e-06 1.966361951064882151e-08 2.500000000000000000e+01 3.580000000000000000e+02 1.992000000000000000e+03 3.804000000000000000e+04
1.730000000000000000e+02 3.477253414183993696e-06 2.045016429107477636e-08 2.600000000000000000e+01 3.330000000000000000e+02 1.888000000000000000e+03 3.604800000000000000e+04
1.740000000000000000e+02 3.258083310217947512e-06 1.651744038894501206e-08 2.100000000000000000e+01 3.070000000000000000e+02 1.769000000000000000e+03 3.416000000000000000e+04
1.750000000000000000e+02 3.011286722558702278e-06 2.202325385192667943e-08 2.800000000000000000e+01 2.860000000000000000e+02 1.635000000000000000e+03 3.239100000000000000e+04
1.760000000000000000e+02 3.048122034149634485e-06 1.494435082809310567e-08 1.900000000000000000e+01 2.580000000000000000e+02 1.655000000000000000e+03 3.075600000000000000e+04
1.770000000000000000e+02 2.659509496865300319e-06 1.573089560851905721e-08 2.000000000000000000e+01 2.390000000000000000e+02 1.444000000000000000e+03 2.910100000000000000e+04
1.780000000000000000e+02 2.696344808456232526e-06 7.078903023833576241e-09 9.000000000000000000e+00 2.190000000000000000e+02 1.464000000000000000e+03 2.765700000000000000e+04
1.790000000000000000e+02 2.589522404842529169e-06 1.415780604766715248e-08 1.800000000000000000e+01 2.100000000000000000e+02 1.406000000000000000e+03 2.619300000000000000e+04
1.800000000000000000e+02 2.412712909206055085e-06 8.651992584685481796e-09 1.100000000000000000e+01 1.920000000000000000e+02 1.310000000000000000e+03 2.478700000000000000e+04
1.810000000000000000e+02 2.285631084217339206e-06 1.179817170638929291e-08 1.500000000000000000e+01 1.810000000000000000e+02 1.241000000000000000e+03 2.347700000000000000e+04
1.820000000000000000e+02 2.136448072274064171e-06 1.022508214553738818e-08 1.300000000000000000e+01 1.660000000000000000e+02 1.160000000000000000e+03 2.223600000000000000e+04
1.830000000000000000e+02 2.011208012864894923e-06 8.651992584685481796e-09 1.100000000000000000e+01 1.530000000000000000e+02 1.092000000000000000e+03 2.107600000000000000e+04
1.840000000000000000e+02 1.880442656717085568e-06 7.078903023833576241e-09 9.000000000000000000e+00 1.420000000000000000e+02 1.021000000000000000e+03 1.998400000000000000e+04
1.850000000000000000e+02 1.823347923751140839e-06 1.101162692596333972e-08 1.400000000000000000e+01 1.330000000000000000e+02 9.900000000000000000e+02 1.896300000000000000e+04
1.860000000000000000e+02 1.668639615069225910e-06 7.865447804259528605e-09 1.000000000000000000e+01 1.190000000000000000e+02 9.060000000000000000e+02 1.797300000000000000e+04
1.870000000000000000e+02 1.755202597307916320e-06 7.078903023833576241e-09 9.000000000000000000e+00 1.090000000000000000e+02 9.530000000000000000e+02 1.706700000000000000e+04
1.880000000000000000e+02 1.572867804932802342e-06 4.719268682555717494e-09 6.000000000000000000e+00 1.000000000000000000e+02 8.540000000000000000e+02 1.611400000000000000e+04
1.890000000000000000e+02 1.410792433932700887e-06 1.022508214553738818e-08 1.300000000000000000e+01 9.400000000000000000e+01 7.660000000000000000e+02 1.526000000000000000e+04
1.900000000000000000e+02 1.394216543716781415e-06 5.505813462981669858e-09 7.000000000000000000e+00 8.100000000000000000e+01 7.570000000000000000e+02 1.449400000000000000e+04
1.910000000000000000e+02 1.257925890830332590e-06 3.146179121703811525e-09 4.000000000000000000e+00 7.400000000000000000e+01 6.830000000000000000e+02 1.373700000000000000e+04
1.920000000000000000e+02 1.237666469455319855e-06 4.719268682555717494e-09 6.000000000000000000e+00 7.000000000000000000e+01 6.720000000000000000e+02 1.305400000000000000e+04
1.930000000000000000e+02 1.160312315114362390e-06 2.359634341277858747e-09 3.000000000000000000e+00 6.400000000000000000e+01 6.300000000000000000e+02 1.238200000000000000e+04
1.940000000000000000e+02 1.151103487216629233e-06 2.359634341277858747e-09 3.000000000000000000e+00 6.100000000000000000e+01 6.250000000000000000e+02 1.175200000000000000e+04
1.950000000000000000e+02 1.005604006432447461e-06 3.932723902129764303e-09 5.000000000000000000e+00 5.800000000000000000e+01 5.460000000000000000e+02 1.112700000000000000e+04
1.960000000000000000e+02 9.945534129551676724e-07 1.573089560851905762e-09 2.000000000000000000e+00 5.300000000000000000e+01 5.400000000000000000e+02 1.058100000000000000e+04
1.970000000000000000e+02 9.245663209323966281e-07 4.719268682555717494e-09 6.000000000000000000e+00 5.100000000000000000e+01 5.020000000000000000e+02 1.004100000000000000e+04
1.980000000000000000e+02 9.116739618755704193e-07 6.292358243407623049e-09 8.000000000000000000e+00 4.500000000000000000e+01 4.950000000000000000e+02 9.539000000000000000e+03
1.990000000000000000e+02 8.361615731141594804e-07 2.359634341277858747e-09 3.000000000000000000e+00 3.700000000000000000e+01 4.540000000000000000e+02 9.044000000000000000e+03
2.000000000000000000e+02 8.840474781823712643e-07 0.000000000000000000e+00 0.000000000000000000e+00 3.400000000000000000e+01 4.800000000000000000e+02 8.590000000000000000e+03
2.010000000000000000e+02 7.477568252959224387e-07 2.359634341277858747e-09 3.000000000000000000e+00 3.400000000000000000e+01 4.060000000000000000e+02 8.110000000000000000e+03
2.020000000000000000e+02 6.611938430572319226e-07 3.146179121703811525e-09 4.000000000000000000e+00 3.100000000000000000e+01 3.590000000000000000e+02 7.704000000000000000e+03
2.030000000000000000e+02 6.630356086367784482e-07 0.000000000000000000e+00 0.000000000000000000e+00 2.700000000000000000e+01 3.600000000000000000e+02 7.345000000000000000e+03
2.040000000000000000e+02 6.519850151594988710e-07 1.573089560851905762e-09 2.000000000000000000e+00 2.700000000000000000e+01 3.540000000000000000e+02 6.985000000000000000e+03
2.050000000000000000e+02 6.114661724094735072e-07 1.573089560851905762e-09 2.000000000000000000e+00 2.500000000000000000e+01 3.320000000000000000e+02 6.631000000000000000e+03
2.060000000000000000e+02 5.893649854549142468e-07 7.865447804259528812e-10 1.000000000000000000e+00 2.300000000000000000e+01 3.200000000000000000e+02 6.299000000000000000e+03
2.070000000000000000e+02 5.948902821935540354e-07 1.573089560851905762e-09 2.000000000000000000e+00 2.200000000000000000e+01 3.230000000000000000e+02 5.979000000000000000e+03
2.080000000000000000e+02 5.580549706026219347e-07 1.573089560851905762e-09 2.000000000000000000e+00 2.000000000000000000e+01 3.030000000000000000e+02 5.656000000000000000e+03
2.090000000000000000e+02 5.672637985003548805e-07 1.573089560851905762e-09 2.000000000000000000e+00 1.800000000000000000e+01 3.080000000000000000e+02 5.353000000000000000e+03
2.100000000000000000e+02 4.291313800343594234e-07 7.865447804259528812e-10 1.000000000000000000e+00 1.600000000000000000e+01 2.330000000000000000e+02 5.045000000000000000e+03
2.110000000000000000e+02 4.383402079320924221e-07 7.865447804259528812e-10 1.000000000000000000e+00 1.500000000000000000e+01 2.380000000000000000e+02 4.812000000000000000e+03
2.120000000000000000e+02 4.309731456139060019e-07 7.865447804259528812e-10 1.000000000000000000e+00 1.400000000000000000e+01 2.340000000000000000e+02 4.574000000000000000e+03
2.130000000000000000e+02 3.609860535911349576e-07 7.865447804259528812e-10 1.000000000000000000e+00 1.300000000000000000e+01 1.960000000000000000e+02 4.340000000000000000e+03
2.140000000000000000e+02 3.775619438070544294e-07 7.865447804259528812e-10 1.000000000000000000e+00 1.200000000000000000e+01 2.050000000000000000e+02 4.144000000000000000e+03
2.150000000000000000e+02 3.922960684434272697e-07 0.000000000000000000e+00 0.000000000000000000e+00 1.100000000000000000e+01 2.130000000000000000e+02 3.939000000000000000e+03
2.160000000000000000e+02 3.536189912729485375e-07 7.865447804259528812e-10 1.000000000000000000e+00 1.100000000000000000e+01 1.920000000000000000e+02 3.726000000000000000e+03
2.170000000000000000e+02 2.909989615683639133e-07 0.000000000000000000e+00 0.000000000000000000e+00 1.000000000000000000e+01 1.580000000000000000e+02 3.534000000000000000e+03
2.180000000000000000e+02 3.223089764206562254e-07 0.000000000000000000e+00 0.000000000000000000e+00 1.000000000000000000e+01 1.750000000000000000e+02 3.376000000000000000e+03
2.190000000000000000e+02 2.836318992501774402e-07 0.000000000000000000e+00 0.000000000000000000e+00 1.000000000000000000e+01 1.540000000000000000e+02 3.201000000000000000e+03
2.200000000000000000e+02 2.799483680910842302e-07 0.000000000000000000e+00 0.000000000000000000e+00 1.000000000000000000e+01 1.520000000000000000e+02 3.047000000000000000e+03
2.210000000000000000e+02 2.725813057728978100e-07 7.865447804259528812e-10 1.000000000000000000e+00 1.000000000000000000e+01 1.480000000000000000e+02 2.895000000000000000e+03
2.220000000000000000e+02 2.320624630228724728e-07 0.000000000000000000e+00 0.000000000000000000e+00 9.000000000000000000e+00 1.260000000000000000e+02 2.747000000000000000e+03
2.230000000000000000e+02 2.302206974433258677e-07 0.000000000000000000e+00 0.000000000000000000e+00 9.000000000000000000e+00 1.250000000000000000e+02 2.621000000000000000e+03
2.240000000000000000e+02 2.375877597615122879e-07 0.000000000000000000e+00 0.000000000000000000e+00 9.000000000000000000e+00 1.290000000000000000e+02 2.496000000000000000e+03
2.250000000000000000e+02 2.099612760683131859e-07 0.000000000000000000e+00 0.000000000000000000e+00 9.000000000000000000e+00 1.140000000000000000e+02 2.367000000000000000e+03
2.260000000000000000e+02 2.081195104887665808e-07 7.865447804259528812e-10 1.000000000000000000e+00 9.000000000000000000e+00 1.130000000000000000e+02 2.253000000000000000e+03
2.270000000000000000e+02 2.394295253410589194e-07 0.000000000000000000e+00 0.000000000000000000e+00 8.000000000000000000e+00 1.300000000000000000e+02 2.140000000000000000e+03
2.280000000000000000e+02 1.620753710001014020e-07 7.865447804259528812e-10 1.000000000000000000e+00 8.000000000000000000e+00 8.800000000000000000e+01 2.010000000000000000e+03
2.290000000000000000e+02 1.676006677387412171e-07 0.000000000000000000e+00 0.000000000000000000e+00 7.000000000000000000e+00 9.100000000000000000e+01 1.922000000000000000e+03
2.300000000000000000e+02 1.860183235342072939e-07 0.000000000000000000e+00 0.000000000000000000e+00 7.000000000000000000e+00 1.010000000000000000e+02 1.831000000000000000e+03
2.310000000000000000e+02 1.823347923751140839e-07 7.865447804259528812e-10 1.000000000000000000e+00 7.000000000000000000e+00 9.900000000000000000e+01 1.730000000000000000e+03
2.320000000000000000e+02 1.326071217273556949e-07 1.573089560851905762e-09 2.000000000000000000e+00 6.000000000000000000e+00 7.200000000000000000e+01 1.631000000000000000e+03
2.330000000000000000e+02 1.289235905682624849e-07 0.000000000000000000e+00 0.000000000000000000e+00 4.000000000000000000e+00 7.000000000000000000e+01 1.559000000000000000e+03
2.340000000000000000e+02 1.712841988978344536e-07 7.865447804259528812e-10 1.000000000000000000e+00 4.000000000000000000e+00 9.300000000000000000e+01 1.489000000000000000e+03
2.350000000000000000e+02 1.141894659318896313e-07 7.865447804259528812e-10 1.000000000000000000e+00 3.000000000000000000e+00 6.200000000000000000e+01 1.396000000000000000e+03
2.360000000000000000e+02 1.344488873069023000e-07 7.865447804259528812e-10 1.000000000000000000e+00 2.000000000000000000e+00 7.300000000000000000e+01 1.334000000000000000e+03
2.370000000000000000e+02 1.252400594091692748e-07 0.000000000000000000e+00 0.000000000000000000e+00 1.000000000000000000e+00 6.800000000000000000e+01 1.261000000000000000e+03
2.380000000000000000e+02 1.326071217273556949e-07 0.000000000000000000e+00 0.000000000000000000e+00 1.000000000000000000e+00 7.200000000000000000e+01 1.193000000000000000e+03
2.390000000000000000e+02 1.270818249887158798e-07 0.000000000000000000e+00 0.000000000000000000e+00 1.000000000000000000e+00 6.900000000000000000e+01 1.121000000000000000e+03
2.400000000000000000e+02 9.393004455687694948e-08 0.000000000000000000e+00 0.000000000000000000e+00 1.000000000000000000e+00 5.100000000000000000e+01 1.052000000000000000e+03
2.410000000000000000e+02 8.287945107959730603e-08 0.000000000000000000e+00 0.000000000000000000e+00 1.000000000000000000e+00 4.500000000000000000e+01 1.001000000000000000e+03
2.420000000000000000e+02 7.551238876141088589e-08 0.000000000000000000e+00 0.000000000000000000e+00 1.000000000000000000e+00 4.100000000000000000e+01 9.560000000000000000e+02
2.430000000000000000e+02 8.287945107959730603e-08 0.000000000000000000e+00 0.000000000000000000e+00 1.000000000000000000e+00 4.500000000000000000e+01 9.150000000000000000e+02
2.440000000000000000e+02 9.761357571597015955e-08 0.000000000000000000e+00 0.000000000000000000e+00 1.000000000000000000e+00 5.300000000000000000e+01 8.700000000000000000e+02
2.450000000000000000e+02 8.472121665914391107e-08 0.000000000000000000e+00 0.000000000000000000e+00 1.000000000000000000e+00 4.600000000000000000e+01 8.170000000000000000e+02
2.460000000000000000e+02 8.287945107959730603e-08 0.000000000000000000e+00 0.000000000000000000e+00 1.000000000000000000e+00 4.500000000000000000e+01 7.710000000000000000e+02
2.470000000000000000e+02 5.156943622730499395e-08 0.000000000000000000e+00 0.000000000000000000e+00 1.000000000000000000e+00 2.800000000000000000e+01 7.260000000000000000e+02
2.480000000000000000e+02 3.867707717047874546e-08 0.000000000000000000e+00 0.000000000000000000e+00 1.000000000000000000e+00 2.100000000000000000e+01 6.980000000000000000e+02
2.490000000000000000e+02 6.077826412503803236e-08 0.000000000000000000e+00 0.000000000000000000e+00 1.000000000000000000e+00 3.300000000000000000e+01 6.770000000000000000e+02
2.500000000000000000e+02 4.236060832957195553e-08 0.000000000000000000e+00 0.000000000000000000e+00 1.000000000000000000e+00 2.300000000000000000e+01 6.440000000000000000e+02
2.510000000000000000e+02 6.077826412503803236e-08 0.000000000000000000e+00 0.000000000000000000e+00 1.000000000000000000e+00 3.300000000000000000e+01 6.210000000000000000e+02
2.520000000000000000e+02 4.420237390911856719e-08 0.000000000000000000e+00 0.000000000000000000e+00 1.000000000000000000e+00 2.400000000000000000e+01 5.880000000000000000e+02
2.530000000000000000e+02 4.972767064775838891e-08 0.000000000000000000e+00 0.000000000000000000e+00 1.000000000000000000e+00 2.700000000000000000e+01 5.640000000000000000e+02
2.540000000000000000e+02 5.341120180685159898e-08 0.000000000000000000e+00 0.000000000000000000e+00 1.000000000000000000e+00 2.900000000000000000e+01 5.370000000000000000e+02
2.550000000000000000e+02 5.525296738639820402e-08 0.000000000000000000e+00 0.000000000000000000e+00 1.000000000000000000e+00 3.000000000000000000e+01 5.080000000000000000e+02
2.560000000000000000e+02 4.788590506821177726e-08 0.000000000000000000e+00 0.000000000000000000e+00 1.000000000000000000e+00 2.600000000000000000e+01 4.780000000000000000e+02
2.570000000000000000e+02 4.788590506821177726e-08 0.000000000000000000e+00 0.000000000000000000e+00 1.000000000000000000e+00 2.600000000000000000e+01 4.520000000000000000e+02
2.580000000000000000e+02 3.867707717047874546e-08 0.000000000000000000e+00 0.000000000000000000e+00 1.000000000000000000e+00 2.100000000000000000e+01 4.260000000000000000e+02
2.590000000000000000e+02 2.578471811365249697e-08 0.000000000000000000e+00 0.000000000000000000e+00 1.000000000000000000e+00 1.400000000000000000e+01 4.050000000000000000e+02
2.600000000000000000e+02 4.051884275002535050e-08 0.000000000000000000e+00 0.000000000000000000e+00 1.000000000000000000e+00 2.200000000000000000e+01 3.910000000000000000e+02
2.610000000000000000e+02 2.578471811365249697e-08 0.000000000000000000e+00 0.000000000000000000e+00 1.000000000000000000e+00 1.400000000000000000e+01 3.690000000000000000e+02
2.620000000000000000e+02 3.683531159093214043e-08 0.000000000000000000e+00 0.000000000000000000e+00 1.000000000000000000e+00 2.000000000000000000e+01 3.550000000000000000e+02
2.630000000000000000e+02 4.420237390911856719e-08 0.000000000000000000e+00 0.000000000000000000e+00 1.000000000000000000e+00 2.400000000000000000e+01 3.350000000000000000e+02
2.640000000000000000e+02 2.394295253410588863e-08 0.000000000000000000e+00 0.000000000000000000e+00 1.000000000000000000e+00 1.300000000000000000e+01 3.110000000000000000e+02
2.650000000000000000e+02 1.841765579546607021e-08 0.000000000000000000e+00 0.000000000000000000e+00 1.000000000000000000e+00 1.000000000000000000e+01 2.980000000000000000e+02
2.660000000000000000e+02 2.394295253410588863e-08 0.000000000000000000e+00 0.000000000000000000e+00 1.000000000000000000e+00 1.300000000000000000e+01 2.880000000000000000e+02
2.670000000000000000e+02 2.946824927274571035e-08 0.000000000000000000e+00 0.000000000000000000e+00 1.000000000000000000e+00 1.600000000000000000e+01 2.750000000000000000e+02
2.680000000000000000e+02 2.210118695455928359e-08 0.000000000000000000e+00 0.000000000000000000e+00 1.000000000000000000e+00 1.200000000000000000e+01 2.590000000000000000e+02
2.690000000000000000e+02 1.105059347727964180e-08 0.000000000000000000e+00 0.000000000000000000e+00 1.000000000000000000e+00 6.000000000000000000e+00 2.470000000000000000e+02
2.700000000000000000e+02 1.841765579546607021e-08 0.000000000000000000e+00 0.000000000000000000e+00 1.000000000000000000e+00 1.000000000000000000e+01 2.410000000000000000e+02
2.710000000000000000e+02 2.762648369319910201e-08 0.000000000000000000e+00 0.000000000000000000e+00 1.000000000000000000e+00 1.500000000000000000e+01 2.310000000000000000e+02
2.720000000000000000e+02 2.578471811365249697e-08 0.000000000000000000e+00 0.000000000000000000e+00 1.000000000000000000e+00 1.400000000000000000e+01 2.160000000000000000e+02
2.730000000000000000e+02 3.499354601138552877e-08 0.000000000000000000e+00 0.000000000000000000e+00 1.000000000000000000e+00 1.900000000000000000e+01 2.020000000000000000e+02
2.740000000000000000e+02 1.289235905682624849e-08 0.000000000000000000e+00 0.000000000000000000e+00 1.000000000000000000e+00 7.000000000000000000e+00 1.830000000000000000e+02
2.750000000000000000e+02 9.208827897733035106e-09 0.000000000000000000e+00 0.000000000000000000e+00 1.000000000000000000e+00 5.000000000000000000e+00 1.760000000000000000e+02
2.760000000000000000e+02 3.499354601138552877e-08 0.000000000000000000e+00 0.000000000000000000e+00 1.000000000000000000e+00 1.900000000000000000e+01 1.710000000000000000e+02
2.770000000000000000e+02 7.367062318186427589e-09 0.000000000000000000e+00 0.000000000000000000e+00 1.000000000000000000e+00 4.000000000000000000e+00 1.520000000000000000e+02
2.780000000000000000e+02 1.473412463637285518e-08 7.865447804259528812e-10 1.000000000000000000e+00 1.000000000000000000e+00 8.000000000000000000e+00 1.480000000000000000e+02
2.790000000000000000e+02 1.841765579546607021e-08 0.000000000000000000e+00 0.000000000000000000e+00 1.000000000000000000e+00 1.000000000000000000e+01 1.400000000000000000e+02
2.800000000000000000e+02 9.208827897733035106e-09 0.000000000000000000e+00 0.000000000000000000e+00 1.000000000000000000e+00 5.000000000000000000e+00 1.300000000000000000e+02
2.810000000000000000e+02 7.367062318186427589e-09 0.000000000000000000e+00 0.000000000000000000e+00 1.000000000000000000e+00 4.000000000000000000e+00 1.250000000000000000e+02
2.820000000000000000e+02 1.289235905682624849e-08 0.000000000000000000e+00 0.000000000000000000e+00 1.000000000000000000e+00 7.000000000000000000e+00 1.210000000000000000e+02
2.830000000000000000e+02 1.657589021591946187e-08 0.000000000000000000e+00 0.000000000000000000e+00 1.000000000000000000e+00 9.000000000000000000e+00 1.140000000000000000e+02
2.840000000000000000e+02 5.525296738639820898e-09 0.000000000000000000e+00 0.000000000000000000e+00 1.000000000000000000e+00 3.000000000000000000e+00 1.050000000000000000e+02
2.850000000000000000e+02 5.525296738639820898e-09 0.000000000000000000e+00 0.000000000000000000e+00 1.000000000000000000e+00 3.000000000000000000e+00 1.020000000000000000e+02
2.860000000000000000e+02 9.208827897733035106e-09 0.000000000000000000e+00 0.000000000000000000e+00 1.000000000000000000e+00 5.000000000000000000e+00 9.900000000000000000e+01
2.870000000000000000e+02 3.683531159093213794e-09 0.000000000000000000e+00 0.000000000000000000e+00 1.000000000000000000e+00 2.000000000000000000e+00 9.400000000000000000e+01
2.880000000000000000e+02 1.105059347727964180e-08 0.000000000000000000e+00 0.000000000000000000e+00 1.000000000000000000e+00 6.000000000000000000e+00 9.200000000000000000e+01
2.890000000000000000e+02 9.208827897733035106e-09 0.000000000000000000e+00 0.000000000000000000e+00 1.000000000000000000e+00 5.000000000000000000e+00 8.600000000000000000e+01
2.900000000000000000e+02 7.367062318186427589e-09 0.000000000000000000e+00 0.000000000000000000e+00 1.000000000000000000e+00 4.000000000000000000e+00 8.100000000000000000e+01
2.910000000000000000e+02 5.525296738639820898e-09 0.000000000000000000e+00 0.000000000000000000e+00 1.000000000000000000e+00 3.000000000000000000e+00 7.700000000000000000e+01
2.920000000000000000e+02 5.525296738639820898e-09 0.000000000000000000e+00 0.000000000000000000e+00 1.000000000000000000e+00 3.000000000000000000e+00 7.400000000000000000e+01
2.930000000000000000e+02 3.683531159093213794e-09 0.000000000000000000e+00 0.000000000000000000e+00 1.000000000000000000e+00 2.000000000000000000e+00 7.100000000000000000e+01
2.940000000000000000e+02 1.841765579546606897e-09 0.000000000000000000e+00 0.000000000000000000e+00 1.000000000000000000e+00 1.000000000000000000e+00 6.900000000000000000e+01
2.950000000000000000e+02 9.208827897733035106e-09 0.000000000000000000e+00 0.000000000000000000e+00 1.000000000000000000e+00 5.000000000000000000e+00 6.800000000000000000e+01
2.960000000000000000e+02 7.367062318186427589e-09 0.000000000000000000e+00 0.000000000000000000e+00 1.000000000000000000e+00 4.000000000000000000e+00 6.300000000000000000e+01
2.970000000000000000e+02 3.683531159093213794e-09 0.000000000000000000e+00 0.000000000000000000e+00 1.000000000000000000e+00 2.000000000000000000e+00 5.900000000000000000e+01
2.980000000000000000e+02 3.683531159093213794e-09 0.000000000000000000e+00 0.000000000000000000e+00 1.000000000000000000e+00 2.000000000000000000e+00 5.700000000000000000e+01
2.990000000000000000e+02 3.683531159093213794e-09 0.000000000000000000e+00 0.000000000000000000e+00 1.000000000000000000e+00 2.000000000000000000e+00 5.500000000000000000e+01
3.000000000000000000e+02 1.841765579546606897e-09 0.000000000000000000e+00 0.000000000000000000e+00 1.000000000000000000e+00 1.000000000000000000e+00 5.300000000000000000e+01
3.010000000000000000e+02 7.367062318186427589e-09 0.000000000000000000e+00 0.000000000000000000e+00 1.000000000000000000e+00 4.000000000000000000e+00 5.200000000000000000e+01
3.020000000000000000e+02 7.367062318186427589e-09 0.000000000000000000e+00 0.000000000000000000e+00 1.000000000000000000e+00 4.000000000000000000e+00 4.800000000000000000e+01
3.030000000000000000e+02 9.208827897733035106e-09 0.000000000000000000e+00 0.000000000000000000e+00 1.000000000000000000e+00 5.000000000000000000e+00 4.400000000000000000e+01
3.040000000000000000e+02 1.841765579546606897e-09 0.000000000000000000e+00 0.000000000000000000e+00 1.000000000000000000e+00 1.000000000000000000e+00 3.900000000000000000e+01
3.050000000000000000e+02 3.683531159093213794e-09 0.000000000000000000e+00 0.000000000000000000e+00 1.000000000000000000e+00 2.000000000000000000e+00 3.800000000000000000e+01
3.060000000000000000e+02 7.367062318186427589e-09 0.000000000000000000e+00 0.000000000000000000e+00 1.000000000000000000e+00 4.000000000000000000e+00 3.600000000000000000e+01
3.070000000000000000e+02 7.367062318186427589e-09 0.000000000000000000e+00 0.000000000000000000e+00 1.000000000000000000e+00 4.000000000000000000e+00 3.200000000000000000e+01
3.080000000000000000e+02 0.000000000000000000e+00 0.000000000000000000e+00 0.000000000000000000e+00 1.000000000000000000e+00 0.000000000000000000e+00 2.800000000000000000e+01
3.090000000000000000e+02 1.841765579546606897e-09 0.000000000000000000e+00 0.000000000000000000e+00 1.000000000000000000e+00 1.000000000000000000e+00 2.800000000000000000e+01
3.100000000000000000e+02 0.000000000000000000e+00 0.000000000000000000e+00 0.000000000000000000e+00 1.000000000000000000e+00 0.000000000000000000e+00 2.700000000000000000e+01
3.110000000000000000e+02 5.525296738639820898e-09 0.000000000000000000e+00 0.000000000000000000e+00 1.000000000000000000e+00 3.000000000000000000e+00 2.700000000000000000e+01
3.120000000000000000e+02 0.000000000000000000e+00 0.000000000000000000e+00 0.000000000000000000e+00 1.000000000000000000e+00 0.000000000000000000e+00 2.400000000000000000e+01
3.130000000000000000e+02 1.841765579546606897e-09 0.000000000000000000e+00 0.000000000000000000e+00 1.000000000000000000e+00 1.000000000000000000e+00 2.400000000000000000e+01
3.140000000000000000e+02 3.683531159093213794e-09 0.000000000000000000e+00 0.000000000000000000e+00 1.000000000000000000e+00 2.000000000000000000e+00 2.300000000000000000e+01
3.150000000000000000e+02 0.000000000000000000e+00 0.000000000000000000e+00 0.000000000000000000e+00 1.000000000000000000e+00 0.000000000000000000e+00 2.100000000000000000e+01
3.160000000000000000e+02 0.000000000000000000e+00 0.000000000000000000e+00 0.000000000000000000e+00 1.000000000000000000e+00 0.000000000000000000e+00 2.100000000000000000e+01
3.170000000000000000e+02 1.841765579546606897e-09 0.000000000000000000e+00 0.000000000000000000e+00 1.000000000000000000e+00 1.000000000000000000e+00 2.100000000000000000e+01
3.180000000000000000e+02 1.841765579546606897e-09 0.000000000000000000e+00 0.000000000000000000e+00 1.000000000000000000e+00 1.000000000000000000e+00 2.000000000000000000e+01
3.190000000000000000e+02 1.841765579546606897e-09 0.000000000000000000e+00 0.000000000000000000e+00 1.000000000000000000e+00 1.000000000000000000e+00 1.900000000000000000e+01
3.200000000000000000e+02 0.000000000000000000e+00 0.000000000000000000e+00 0.000000000000000000e+00 1.000000000000000000e+00 0.000000000000000000e+00 1.800000000000000000e+01
3.210000000000000000e+02 0.000000000000000000e+00 0.000000000000000000e+00 0.000000000000000000e+00 1.000000000000000000e+00 0.000000000000000000e+00 1.800000000000000000e+01
3.220000000000000000e+02 5.525296738639820898e-09 0.000000000000000000e+00 0.000000000000000000e+00 1.000000000000000000e+00 3.000000000000000000e+00 1.800000000000000000e+01
3.230000000000000000e+02 5.525296738639820898e-09 0.000000000000000000e+00 0.000000000000000000e+00 1.000000000000000000e+00 3.000000000000000000e+00 1.500000000000000000e+01
3.240000000000000000e+02 0.000000000000000000e+00 0.000000000000000000e+00 0.000000000000000000e+00 1.000000000000000000e+00 0.000000000000000000e+00 1.200000000000000000e+01
3.250000000000000000e+02 0.000000000000000000e+00 0.000000000000000000e+00 0.000000000000000000e+00 1.000000000000000000e+00 0.000000000000000000e+00 1.200000000000000000e+01
3.260000000000000000e+02 5.525296738639820898e-09 0.000000000000000000e+00 0.000000000000000000e+00 1.000000000000000000e+00 3.000000000000000000e+00 1.200000000000000000e+01
3.270000000000000000e+02 1.841765579546606897e-09 0.000000000000000000e+00 0.000000000000000000e+00 1.000000000000000000e+00 1.000000000000000000e+00 9.000000000000000000e+00
3.280000000000000000e+02 0.000000000000000000e+00 0.000000000000000000e+00 0.000000000000000000e+00 1.000000000000000000e+00 0.000000000000000000e+00 8.000000000000000000e+00
3.290000000000000000e+02 1.841765579546606897e-09 0.000000000000000000e+00 0.000000000000000000e+00 1.000000000000000000e+00 1.000000000000000000e+00 8.000000000000000000e+00
3.300000000000000000e+02 3.683531159093213794e-09 0.000000000000000000e+00 0.000000000000000000e+00 1.000000000000000000e+00 2.000000000000000000e+00 7.000000000000000000e+00
3.310000000000000000e+02 1.841765579546606897e-09 0.000000000000000000e+00 0.000000000000000000e+00 1.000000000000000000e+00 1.000000000000000000e+00 5.000000000000000000e+00
3.320000000000000000e+02 0.000000000000000000e+00 0.000000000000000000e+00 0.000000000000000000e+00 1.000000000000000000e+00 0.000000000000000000e+00 4.000000000000000000e+00
3.330000000000000000e+02 0.000000000000000000e+00 0.000000000000000000e+00 0.000000000000000000e+00 1.000000000000000000e+00 0.000000000000000000e+00 4.000000000000000000e+00
3.340000000000000000e+02 0.000000000000000000e+00 0.000000000000000000e+00 0.000000000000000000e+00 1.000000000000000000e+00 0.000000000000000000e+00 4.000000000000000000e+00
3.350000000000000000e+02 0.000000000000000000e+00 0.000000000000000000e+00 0.000000000000000000e+00 1.000000000000000000e+00 0.000000000000000000e+00 4.000000000000000000e+00
3.360000000000000000e+02 0.000000000000000000e+00 0.000000000000000000e+00 0.000000000000000000e+00 1.000000000000000000e+00 0.000000000000000000e+00 4.000000000000000000e+00
3.370000000000000000e+02 0.000000000000000000e+00 0.000000000000000000e+00 0.000000000000000000e+00 1.000000000000000000e+00 0.000000000000000000e+00 4.000000000000000000e+00
3.380000000000000000e+02 0.000000000000000000e+00 0.000000000000000000e+00 0.000000000000000000e+00 1.000000000000000000e+00 0.000000000000000000e+00 4.000000000000000000e+00
3.390000000000000000e+02 0.000000000000000000e+00 0.000000000000000000e+00 0.000000000000000000e+00 1.000000000000000000e+00 0.000000000000000000e+00 4.000000000000000000e+00
3.400000000000000000e+02 0.000000000000000000e+00 0.000000000000000000e+00 0.000000000000000000e+00 1.000000000000000000e+00 0.000000000000000000e+00 4.000000000000000000e+00
3.410000000000000000e+02 0.000000000000000000e+00 0.000000000000000000e+00 0.000000000000000000e+00 1.000000000000000000e+00 0.000000000000000000e+00 4.000000000000000000e+00
3.420000000000000000e+02 1.841765579546606897e-09 0.000000000000000000e+00 0.000000000000000000e+00 1.000000000000000000e+00 1.000000000000000000e+00 4.000000000000000000e+00
3.430000000000000000e+02 0.000000000000000000e+00 0.000000000000000000e+00 0.000000000000000000e+00 1.000000000000000000e+00 0.000000000000000000e+00 3.000000000000000000e+00
3.440000000000000000e+02 0.000000000000000000e+00 0.000000000000000000e+00 0.000000000000000000e+00 1.000000000000000000e+00 0.000000000000000000e+00 3.000000000000000000e+00
3.450000000000000000e+02 0.000000000000000000e+00 0.000000000000000000e+00 0.000000000000000000e+00 1.000000000000000000e+00 0.000000000000000000e+00 3.000000000000000000e+00
3.460000000000000000e+02 0.000000000000000000e+00 0.000000000000000000e+00 0.000000000000000000e+00 1.000000000000000000e+00 0.000000000000000000e+00 3.000000000000000000e+00
3.470000000000000000e+02 0.000000000000000000e+00 0.000000000000000000e+00 0.000000000000000000e+00 1.000000000000000000e+00 0.000000000000000000e+00 3.000000000000000000e+00
3.480000000000000000e+02 0.000000000000000000e+00 0.000000000000000000e+00 0.000000000000000000e+00 1.000000000000000000e+00 0.000000000000000000e+00 3.000000000000000000e+00
3.490000000000000000e+02 0.000000000000000000e+00 0.000000000000000000e+00 0.000000000000000000e+00 1.000000000000000000e+00 0.000000000000000000e+00 3.000000000000000000e+00
3.500000000000000000e+02 0.000000000000000000e+00 0.000000000000000000e+00 0.000000000000000000e+00 1.000000000000000000e+00 0.000000000000000000e+00 3.000000000000000000e+00
3.510000000000000000e+02 0.000000000000000000e+00 0.000000000000000000e+00 0.000000000000000000e+00 1.000000000000000000e+00 0.000000000000000000e+00 3.000000000000000000e+00
3.520000000000000000e+02 0.000000000000000000e+00 0.000000000000000000e+00 0.000000000000000000e+00 1.000000000000000000e+00 0.000000000000000000e+00 3.000000000000000000e+00
3.530000000000000000e+02 0.000000000000000000e+00 0.000000000000000000e+00 0.000000000000000000e+00 1.000000000000000000e+00 0.000000000000000000e+00 3.000000000000000000e+00
3.540000000000000000e+02 0.000000000000000000e+00 0.000000000000000000e+00 0.000000000000000000e+00 1.000000000000000000e+00 0.000000000000000000e+00 3.000000000000000000e+00
3.550000000000000000e+02 0.000000000000000000e+00 0.000000000000000000e+00 0.000000000000000000e+00 1.000000000000000000e+00 0.000000000000000000e+00 3.000000000000000000e+00
3.560000000000000000e+02 0.000000000000000000e+00 0.000000000000000000e+00 0.000000000000000000e+00 1.000000000000000000e+00 0.000000000000000000e+00 3.000000000000000000e+00
3.570000000000000000e+02 0.000000000000000000e+00 0.000000000000000000e+00 0.000000000000000000e+00 1.000000000000000000e+00 0.000000000000000000e+00 3.000000000000000000e+00
3.580000000000000000e+02 0.000000000000000000e+00 0.000000000000000000e+00 0.000000000000000000e+00 1.000000000000000000e+00 0.000000000000000000e+00 3.000000000000000000e+00
3.590000000000000000e+02 0.000000000000000000e+00 0.000000000000000000e+00 0.000000000000000000e+00 1.000000000000000000e+00 0.000000000000000000e+00 3.000000000000000000e+00
3.600000000000000000e+02 0.000000000000000000e+00 0.000000000000000000e+00 0.000000000000000000e+00 1.000000000000000000e+00 0.000000000000000000e+00 3.000000000000000000e+00
3.610000000000000000e+02 0.000000000000000000e+00 0.000000000000000000e+00 0.000000000000000000e+00 1.000000000000000000e+00 0.000000000000000000e+00 3.000000000000000000e+00
3.620000000000000000e+02 0.000000000000000000e+00 0.000000000000000000e+00 0.000000000000000000e+00 1.000000000000000000e+00 0.000000000000000000e+00 3.000000000000000000e+00
3.630000000000000000e+02 1.841765579546606897e-09 0.000000000000000000e+00 0.000000000000000000e+00 1.000000000000000000e+00 1.000000000000000000e+00 3.000000000000000000e+00
3.640000000000000000e+02 0.000000000000000000e+00 0.000000000000000000e+00 0.000000000000000000e+00 1.000000000000000000e+00 0.000000000000000000e+00 2.000000000000000000e+00
3.650000000000000000e+02 0.000000000000000000e+00 0.000000000000000000e+00 0.000000000000000000e+00 1.000000000000000000e+00 0.000000000000000000e+00 2.000000000000000000e+00
3.660000000000000000e+02 0.000000000000000000e+00 0.000000000000000000e+00 0.000000000000000000e+00 1.000000000000000000e+00 0.000000000000000000e+00 2.000000000000000000e+00
3.670000000000000000e+02 0.000000000000000000e+00 0.000000000000000000e+00 0.000000000000000000e+00 1.000000000000000000e+00 0.000000000000000000e+00 2.000000000000000000e+00
3.680000000000000000e+02 0.000000000000000000e+00 0.000000000000000000e+00 0.000000000000000000e+00 1.000000000000000000e+00 0.000000000000000000e+00 2.000000000000000000e+00
3.690000000000000000e+02 0.000000000000000000e+00 0.000000000000000000e+00 0.000000000000000000e+00 1.000000000000000000e+00 0.000000000000000000e+00 2.000000000000000000e+00
3.700000000000000000e+02 0.000000000000000000e+00 0.000000000000000000e+00 0.000000000000000000e+00 1.000000000000000000e+00 0.000000000000000000e+00 2.000000000000000000e+00
3.710000000000000000e+02 0.000000000000000000e+00 0.000000000000000000e+00 0.000000000000000000e+00 1.000000000000000000e+00 0.000000000000000000e+00 2.000000000000000000e+00
3.720000000000000000e+02 1.841765579546606897e-09 0.000000000000000000e+00 0.000000000000000000e+00 1.000000000000000000e+00 1.000000000000000000e+00 2.000000000000000000e+00
3.730000000000000000e+02 0.000000000000000000e+00 0.000000000000000000e+00 0.000000000000000000e+00 1.000000000000000000e+00 0.000000000000000000e+00 1.000000000000000000e+00
3.740000000000000000e+02 0.000000000000000000e+00 0.000000000000000000e+00 0.000000000000000000e+00 1.000000000000000000e+00 0.000000000000000000e+00 1.000000000000000000e+00
3.750000000000000000e+02 0.000000000000000000e+00 0.000000000000000000e+00 0.000000000000000000e+00 1.000000000000000000e+00 0.000000000000000000e+00 1.000000000000000000e+00
3.760000000000000000e+02 1.841765579546606897e-09 0.000000000000000000e+00 0.000000000000000000e+00 1.000000000000000000e+00 1.000000000000000000e+00 1.000000000000000000e+00
